-1.0960266802	-0.0520251757	107.4460251833
-1.0518769385	-0.1803292840	108.4367768455
-0.8401222241	0.7008097383	108.8595698969
-0.6940989366	0.8327683916	107.8791291219
-0.6626911048	0.8206652371	106.8796957516
0.2159039698	1.0252836337	107.3112070570
0.9747551788	0.4285360346	107.0503677470
1.0487389547	-0.1286857266	107.8774289961
1.0789410022	-0.0123802370	108.8701831799
0.6092063094	0.8634524275	108.7594291185
-0.0623450471	1.0211132913	109.4834193308
-0.7774235777	0.6987176728	110.1036803729
-0.6419703013	0.8178890580	111.0872710352
-1.0026801737	0.5525515523	111.9814099484
-0.2554158576	1.1727552626	112.2200381101
0.3804363619	0.9910332544	111.4699254074
0.2992093318	0.9998966601	110.4732691930
0.9616242929	0.5216310713	109.8966684249
1.0270728955	0.3115487220	110.8721590127
1.0256616992	0.1898605268	111.8647263866
0.6940354497	0.8211525550	112.5657930067
0.8049017152	0.7400125445	113.5563105330
-0.0999932484	1.0494427424	113.2640468549
-0.5037133919	0.9163168866	114.1691918998
0.2420672929	1.2564143337	114.7420312286
0.9286337568	0.5326636619	114.8113958864
1.0498789676	0.0267140804	115.6653950783
0.8890344510	-0.6691676996	114.9654825198
0.7188381989	-1.5351686260	114.4952957152
0.8447309939	-0.7121174126	113.9414566553
1.5439994188	-0.0069591701	113.8240874820
1.0717667355	-0.1456951937	112.9535999126
0.7266098912	-0.7780809791	112.2600907408
0.7635901355	-0.7116545308	111.2629849347
-0.1706608094	-1.0385042570	111.1203510387
-0.1304477236	-1.0300772503	110.1211954485
0.7239589183	-1.4277666722	110.4556089859
0.9208041816	-0.4963849052	110.1493738695
0.5735089826	-0.8867692247	109.2967390544
-0.3930251182	-0.9621052107	109.0515119737
-0.9962399584	-0.3037598803	109.5017488919
-0.9707864163	-0.3819391090	110.4983632232
-0.9658927165	-0.4128642279	111.4978729474
-1.0112042442	-0.3981437898	112.4967373897
-0.8409641156	-0.6414641418	113.4516266529
-0.8507439944	-1.5436855655	113.0204644369
-0.2844368988	-1.1012609599	112.3250819940
0.1526225200	-1.0356356469	113.2221173237
-0.1539477631	-1.0208255496	114.1738501236
-0.1088432935	-1.0576684367	115.1721527774
0.5179365004	-0.9554273132	115.9446123832
1.5131289532	-0.8778555624	116.0044003871
0.9845812655	-0.4278593240	116.7242203141
1.6754932757	0.2565594931	116.4913867318
0.8405336733	0.6263292269	116.8989561200
1.0496245947	0.0558548964	117.6932105029
0.6853485205	-0.8715521455	117.7781759091
-0.0199438174	-1.0540593498	117.0931548595
-0.4820099826	-0.9774821122	116.2096217330
-0.9997692875	-0.3569412948	115.6206782754
-0.9505454283	-0.4678980107	114.6280728055
-1.0171547742	0.4668453774	114.9770971507
-0.3990911097	1.0081146530	115.5472066823
0.5635268996	0.9411409912	115.8096587669
-0.0337713941	1.0642993647	116.6021653999
0.1224087112	1.0708785135	117.5898720818
-0.3782478482	0.9856147032	118.4513087261
-1.0311014414	0.2297586312	118.5009452479
-0.9342940081	0.4600198724	117.5326435998
-1.0213966314	1.3007526784	116.9982453571
-0.9299092005	0.5525809775	116.3410778322
-1.0477747078	-0.3321399340	116.7920508147
-0.8895984805	-0.6045087246	117.7411532975
-0.2191124432	-1.0420791392	118.3403032004
-0.4544557897	-0.9637756479	119.3090560443
-1.0280757202	-0.1755184334	119.5317907273
-1.0016028215	-0.3328005315	120.5189895559
-0.9141592359	0.6616068222	120.4597642724
-0.6264683833	0.8541117177	119.5215874028
0.3534932814	0.9736441253	119.3622539818
0.7835103561	0.6646076349	118.5139723286
0.9982708979	-0.2829853476	118.7505002322
1.0657956297	0.0708681954	119.6833603936
0.8977646666	-0.5253756821	120.4683819435
0.5744092366	-0.9255943762	119.6109052600
-0.0781953948	-1.0466246755	120.3588750868
0.3101193950	-1.0232419726	121.2801051738
-0.6610831487	-0.8162031015	121.3980056616
-0.2631161333	-1.0093990362	122.2948320581
-1.0021887030	-0.3358576849	122.3054990582
-1.0130870439	0.3044992050	121.5374988762
-0.3270375529	1.0169088185	121.3898213944
0.0905567451	1.0701650937	120.4827498584
0.9245701825	0.5407360766	120.6380769393
0.7212273507	0.7739911198	121.5889942741
1.0576117643	-0.1641993334	121.5074823129
0.8400500026	-0.6329585401	122.3635966078
1.0029284040	0.3279415326	122.5875199803
0.2881393997	1.0230015385	122.5102654167
-0.6811565224	0.7887942716	122.4353496532
