0.8655398355	-0.6148012522	-223.2121959567
0.6374309169	-0.8845687104	-224.1477128404
-0.3039437379	-1.0028474774	-224.4636620333
-1.0085685006	-0.3465296793	-224.1939383011
-0.8470933738	0.6402190748	-224.1780424019
-1.0119226566	0.2765234275	-225.0948612409
-0.8692096085	-0.6821593870	-225.3409511575
-0.0210772823	-1.0617080296	-225.7105649901
0.5979537389	-0.8778889317	-226.4741166478
-0.0290668598	-1.0547583011	-227.2327749338
0.8336294499	-0.6998226630	-227.5930189759
1.0769802184	0.0077729363	-226.9296270319
1.0502868406	-0.0315985040	-225.9307589960
0.8286021981	-0.6401442701	-225.1688351351
1.0244148361	0.2977106809	-224.8823294603
0.9956033031	0.3093318598	-223.8828121549
0.2705887352	0.9937479598	-223.9598087682
-0.1676792111	1.0307396289	-224.8578916283
0.4528466457	0.9413037931	-225.6369608758
-0.5295004861	1.0104326494	-225.8107864031
0.0163963921	1.0495582225	-226.6477247449
0.6832020479	0.8892219682	-227.3755039030
1.0254207705	0.2641025298	-228.0770108763
1.0182243188	0.3002793854	-229.0763303678
1.0722587944	0.1169628136	-230.0578981495
1.0566275635	0.0575906403	-231.0560116749
1.0320828042	-0.2767232219	-231.9981538066
1.0671666862	-0.2485962475	-232.9971422923
0.5824594902	-1.0435456913	-232.6322939457
-0.2450099103	-1.0442081490	-232.0707835251
0.3944470344	-0.9876674501	-231.3040384793
0.6291550970	-0.8328593853	-230.3443788582
0.7712895263	-0.7143243868	-229.3616544522
0.4772279718	-1.6630184846	-229.4778754097
-0.2768579908	-1.0092224764	-229.5403665350
-0.9610793852	-0.4370254570	-229.0882253465
-1.0358997025	0.1050739077	-229.9252021674
-0.5354321724	0.8888871186	-229.5575486596
0.4377887927	0.9691395347	-229.7729564188
0.9736730442	1.3708272593	-229.0303427637
0.0960745456	1.0308104431	-228.6923938920
-0.8066637152	0.6583006269	-228.4772193829
-0.3158238948	1.0835311486	-227.7167884037
-0.9211111714	0.5995363456	-227.0848261078
-1.1565236195	0.2410655272	-226.1814548377
-0.8081393937	-0.6667855852	-226.4147674796
-0.9950143091	-0.4137181481	-227.3639959232
-0.6349316883	-0.8766812247	-228.1739377088
0.2881194306	-1.0863271812	-228.4964670946
-0.3362000808	-1.8264196518	-228.7464436587
-1.1584199598	-1.5033535796	-229.2150402693
-1.2385293007	-0.9344364276	-230.0335240918
-0.4378033908	-0.9896139234	-230.6300083424
-1.0227467652	-0.2830221766	-231.0282160170
-1.0396495236	-0.1924544409	-232.0239628633
-0.7969412973	0.6905493201	-231.6222203152
-0.6504268641	0.8214034268	-230.6417047754
0.2757241400	1.0114320456	-230.9674860542
0.7677396009	0.7533047396	-231.7989252162
0.7786723853	0.7867187558	-232.7983070140
-0.0993418406	1.0670592327	-232.4103634148
-0.7687606088	0.7165110905	-233.0653401417
-1.0294205169	0.1813907413	-233.8688963775
-1.0377626147	-0.2929114103	-234.7492189765
-0.4347984988	-0.9756834199	-234.3365972879
0.2993581145	-1.0409870456	-233.6607648356
0.7437436381	-0.7656320904	-234.5132325213
0.2373903482	-1.0310715350	-235.3336886426
-0.6826008238	-0.7915476763	-235.6439217236
-0.0984279969	-1.0639963672	-236.4084567581
0.3696507541	-1.0387623609	-237.2917831575
-0.6160198199	-0.8707375755	-237.3066556519
-0.9856454621	-0.3235946814	-238.0576626679
-0.9869326532	0.4758920387	-237.4569802830
-0.7094464475	0.7673937925	-238.3724190484
-0.7195405261	0.7819003471	-239.3722628710
0.1752013684	1.0134517134	-238.9903978333
0.9383349392	0.4313879972	-238.7096328367
1.0248366906	-0.2564357460	-239.4303380090
0.3536809080	-0.9968442177	-239.3936608963
-0.4698002734	-0.9705787586	-239.9603961691
-0.6965732822	-0.7981899586	-239.0018263469
-0.0630003315	-1.0820058883	-238.2820806736
0.8232418590	-0.6543562198	-238.4600990458
1.0500909286	-0.2722846565	-237.5642414566
0.8117008542	0.6978544545	-237.6089659217
-0.1005272377	1.0752897201	-237.4496469690
-0.5709698061	0.9031301685	-236.5841731805
-0.2482224709	1.0731976357	-235.6530925104
0.7192126118	0.8301638791	-235.7238311412
1.0025814670	0.3908630965	-236.5763080701
0.8821355904	-0.5985502541	-236.4953512145
1.0217024999	-0.2132799169	-235.5831627224
0.9890708104	0.4226039200	-234.8120680987
0.9522116145	0.5128888386	-233.8168344411
0.1341088934	1.0540473207	-233.6222697085
0.1283430334	1.0499339819	-234.6222446259
-0.8050016135	0.7321310548	-234.7891849435
-1.0026345392	0.3327818348	-235.6844287243
-1.0411639840	-0.1761468233	-236.5443747127
