0.2481847256	1.0237113656	137.9282325896
0.4329084530	0.9691968078	138.9095099752
1.0934904645	0.2578178201	139.1494502632
1.0864188966	0.5037033828	138.1801771938
1.0244269800	-0.2552234967	137.5319588711
1.0561038299	-0.1080106069	136.5433614089
0.7461893489	-0.7299188997	135.8242069820
-0.0155637842	-1.0711423193	136.3749326325
-0.2569667739	-1.0445425587	135.4048722997
0.2225119351	-1.0248829887	134.5275390283
0.9992100353	-0.4704487853	134.8264416466
0.9077824172	0.4980395783	135.0581122753
0.6409219999	0.8295717060	135.9630277222
0.6566439062	0.8134940864	136.9627748562
-0.2462975963	1.0242565632	136.5882407170
-0.7991678995	0.6705476850	135.8337710641
-0.1906951172	1.0345612824	135.1286079807
-0.9157607251	0.5125399531	134.6794158214
-1.0186588269	-0.3538509207	135.1680658336
-0.9556157516	-0.4342466759	136.1628331899
-0.9981941532	0.3130078674	136.8260056616
-0.7303733678	0.8087947637	137.6521215012
-0.5670755832	0.9822564528	138.6233294480
-0.7885775605	0.6946965577	139.5551267333
0.0630050574	1.0748255160	139.9161101400
0.4004577820	0.9376827423	140.8474089740
0.7426666978	1.7615103932	141.2992950875
-0.2516621251	1.6561578405	141.2847681652
-0.6887820708	0.8232922936	140.9452668635
-1.0489021560	0.1983168203	141.6378844940
-0.9831349734	-0.4734032601	142.3757644376
-1.2548833841	-0.9701281411	143.2000321089
-0.9864148772	-0.1202812252	143.6535570589
-0.4556174541	-0.9207628672	143.9319151673
-0.5625978393	-0.9536221325	144.9256331685
-0.9996410813	-0.3540010624	145.5960418325
-1.0296874309	0.0651627281	144.6886285124
-0.6577215092	0.8366644950	144.1724634450
-0.3715987204	1.0374521444	143.2355439876
-1.0452354499	0.4879607918	142.7413043593
-0.4165719444	0.9712330684	142.1320178064
0.1856267206	1.7116015459	142.4307003896
0.5969822505	0.9090156258	142.8627217652
0.6284136247	0.8543128609	141.8647139114
1.0678319235	0.0548239601	142.2742612913
1.0478012789	-0.0839965018	141.2841463219
1.4457385414	0.7941043280	141.0184681935
0.9939211335	0.3163577485	140.2650630995
0.9352316795	-0.5877363109	139.8417789399
0.1080359949	-1.0572741087	140.1504560462
0.2168479373	-1.0712073335	139.1564913454
0.8724146668	-0.6039746270	138.5632579502
0.1761298632	-1.0210970222	137.9791377745
-0.5172495688	-0.9307440027	137.2642522626
-1.0530887375	-0.2398057473	137.7495158120
-1.0855560588	0.0767625742	138.6975297206
-0.6912040375	-0.8372738952	138.6025359525
-0.7857272087	-0.7110722456	139.5900269721
-1.0857481997	-0.0322467084	140.2602383529
-0.7213810175	-0.8025333830	140.7835881361
-0.3638266586	-1.0136360595	141.6933081702
0.5148315813	-0.9680739865	141.2180358325
0.5700553305	-0.9264664918	142.2156425455
-0.2021073922	-1.0454791979	142.8398225720
0.5539598360	-0.8835843309	143.4739774415
0.8209160462	-0.6640566598	144.4123494272
1.6864987176	-0.1970523303	144.2315910380
1.0683941159	0.1782190526	143.5408536853
0.4976578873	0.9131654829	143.9070693350
0.1585309635	1.0654237988	144.8354067385
0.9562412810	0.4678393946	144.7544676916
1.0535369360	-0.2496805791	145.4441767918
0.3856723165	-0.9933165108	145.4131533968
0.6845967301	-0.7995497108	146.3475508616
-0.2855650048	-1.0268687823	146.2632167178
0.0175878227	-1.0302564752	147.2161526478
0.8312727551	-0.6254170176	147.6333119032
0.9274630990	-0.5919059696	148.6281105901
0.0933081821	-1.0810994000	148.3734041664
-0.6894351177	-0.7492947962	148.8999197231
-0.8325692736	-0.6161074408	149.8806203613
-1.0090340130	0.2569591593	149.4260712358
-0.4233904303	0.9916043281	149.7685884911
0.0858128298	1.0911966546	148.9137239355
-0.3568286164	0.9895266840	148.0228076841
-0.9820658123	0.2919600841	148.3727780935
-0.8792259749	-0.5531683650	147.8482002896
-0.9834020483	-0.4382657873	146.8603011331
-0.9766380446	0.4462229323	147.3268136764
-0.8680738527	0.5905973837	146.3432640670
-0.7481699931	0.7826473387	145.3692312754
0.0477166723	1.0777483600	145.8978897691
0.8906556159	0.5855622582	146.1151609790
0.9860583073	0.3781017331	147.0887412052
0.2308770161	1.0284464873	147.0065650648
0.6638702510	1.2381600874	147.8832275223
1.0021206715	0.3518423616	148.1994988329
0.9384021012	0.4112444198	149.1956972766
0.9306729604	-0.4466596150	149.7094490917
0.1664732211	-1.0519318108	149.4866390213
