0.9409086211	0.4945658583	-171.8951462720
0.6222426294	0.8908641985	-172.7561919220
-0.3639823104	0.9887007767	-172.8895649780
-0.0760651367	1.0431323397	-171.9334578156
0.3225727636	0.9909777737	-171.0178335883
0.9882897673	0.4428918063	-170.5114516738
0.9364272620	-0.4290398105	-170.9983248977
0.7719098345	-0.7028270191	-171.9459401047
0.5738700178	-0.8855866636	-172.9089453712
1.1367897906	-0.0734450036	-172.7554942274
1.0055742610	0.4096265949	-173.6211871958
0.2821084871	1.0081234160	-173.9652785051
0.2170499695	1.0787728766	-174.9606558421
0.8592850963	0.6465778442	-175.5936973066
1.0075675519	0.3354791702	-174.6549588295
0.8774935539	-0.5312206711	-174.1733862595
0.0176572034	-1.0313210338	-174.0705218945
0.4008385074	-1.0027975638	-174.9937545304
-0.5925751936	-0.8888008718	-174.9821798677
-1.1014218488	-0.0983414025	-175.3231328101
-1.0494625228	0.1072768206	-176.3003847606
-0.6000042282	0.8402958263	-175.7898258720
-0.7714327855	0.7737030437	-174.8068825110
-0.8762564330	0.6192734568	-173.8244551571
-0.9942315077	-0.3167281655	-174.1560917729
-1.0314705218	-0.1929704051	-173.1644783035
-1.0151074853	0.2441334829	-172.2652161381
-0.8885781839	-0.6187274451	-171.7758682509
-0.1335571451	-1.0200180803	-171.2573038316
-0.8433974722	-0.6466349454	-170.6600503305
-1.0134749080	0.2855704864	-170.9795291227
-0.6066299812	0.8310186786	-170.2467512061
-1.0720963125	0.0242463221	-169.8828014030
-0.8333767402	0.7184801825	-169.2037930725
-1.0743832899	-0.1481436008	-168.7668959894
-0.8986199999	0.5533991003	-168.0762838664
-0.7570195059	0.7288460494	-167.1020315027
-1.0490661341	-0.2218694213	-167.2061893670
-0.7422014634	-0.8049775292	-167.9583987849
0.2139566743	-1.0152233142	-168.1622573771
-0.4010571278	-1.0313143946	-168.9506095194
-0.1151844775	-1.0468853382	-169.9087506225
0.7537998352	-0.7093672996	-169.5468834674
0.9939784384	-0.3168783203	-168.6590396525
0.9844772400	0.3627873949	-169.3925001101
0.3681400394	0.9659385563	-169.8987975835
0.1076854989	1.0462124059	-168.9366543814
0.0537141550	1.0446753943	-167.9381130795
0.8950213235	0.6524540366	-168.3100870768
1.0605760081	0.0034919595	-167.5674971032
1.0156823381	0.2811824805	-166.6078760671
0.4732610363	1.0302346234	-166.9882706235
0.3111009837	0.9976121220	-166.0020455529
0.4383075546	0.9660889524	-165.0106703575
0.3395150802	0.9948162318	-164.0159770428
1.0550488529	0.3261635792	-164.2182517328
0.9070529548	-0.5180086131	-164.7334900503
1.0782000782	0.0562165586	-165.5340986403
0.7667128386	-0.8410629478	-165.8469327608
0.6918107414	-0.8044465072	-166.8434511561
-0.2856122907	-0.9939443410	-166.9369112400
-0.2481330672	-1.0310309056	-165.9383022602
0.0310501928	-1.0941882386	-164.9801436832
0.1137021981	-1.0408311024	-163.9849946180
0.9183384698	-0.5756914216	-163.6159342603
1.0524933805	-0.1024821344	-162.7452589876
0.4710165588	-0.9102641272	-162.6484449494
-0.5138381679	-0.9014036166	-162.4752899359
-0.9922241248	-0.4019906939	-163.1976012322
-1.0333969933	-0.2270995756	-164.1813277652
-0.9163391621	-0.5445379933	-165.1223539684
-1.0379650278	-0.2651465280	-166.0747969105
-0.9094555849	0.5414060928	-165.4977716139
-0.6527832630	0.8114038982	-164.5697519458
-0.8604452048	0.6576178893	-163.6037155172
-0.1081447676	1.0577746768	-163.0803431856
-0.0092025977	1.0562852421	-162.0852511152
-0.8455984599	0.6610315075	-162.4650095212
-1.0654545203	0.2558584327	-161.5775986287
-0.5568121131	1.0026197966	-161.1490774892
-0.5438597225	0.8773325121	-160.1570415363
-1.0077489278	0.4135818757	-159.4022288758
-1.0355688671	-0.0889437549	-158.5381142759
-1.0275531068	-0.3526787882	-157.5735524170
-0.4008944410	-0.9994208820	-157.1387839950
-0.3469689246	-1.0092575221	-158.1372805044
-0.0513637858	-1.0823759873	-159.0897884004
0.7760315553	-0.6850910527	-158.6928228724
0.8149602867	-0.6398949954	-159.6910422222
0.7038309316	-0.8062171661	-160.6708315883
-0.1848187439	-1.0404839853	-160.2765971255
-0.8446098678	-0.6265527971	-159.6494315618
-1.0370613624	-0.1389796814	-160.5010387947
-0.7736053592	-0.7330172514	-161.2611113570
0.1285576732	-1.0358396512	-161.5683579307
0.9233729237	-0.4595571394	-161.7585346489
0.9071104036	0.5380285751	-161.8260496297
1.0538660361	0.1883507601	-160.9007452420
0.4663547813	0.9974142665	-160.8850363907
0.7675650314	0.7214868215	-159.9722733161
