0.1669714444	1.0981443013	225.6398394458
0.2604966828	1.0184405314	226.6322608980
0.9623511372	0.6159213710	227.2199501445
1.0069281208	0.2931991606	228.1653935682
0.3021080446	0.9939140190	228.0548162316
0.3845125524	0.9796110239	229.0513125544
0.7682052064	0.7382908784	229.9426848305
1.0805696098	0.0935204686	229.2450462434
0.6908433945	-0.7929090173	228.9953339218
0.5722055560	-0.9168749747	228.0101651521
0.9781979169	-0.4248403556	227.2400533832
0.8917511262	-0.5955157336	226.2585255600
0.9608252021	0.3920259806	226.1171390869
1.0108129732	-0.1506228101	225.2786681496
0.7470418076	0.6950928788	224.8147826617
1.1645664755	0.1494165657	224.0882081556
0.7511533569	-0.7541564128	223.9757560950
-0.1895382853	-1.0481941602	223.8065194634
0.3537294732	-1.0198157235	222.9674397252
1.0411779944	-0.3037012282	223.0882476739
1.0079602865	0.3499221469	222.3321570263
0.7721479797	0.7754864762	223.2058203239
-0.0840174278	1.0325553118	223.6540350143
-0.3033108701	1.0215471577	222.6784381679
-0.9739002004	0.3168236875	222.4467599847
-1.0904159815	-0.3754740620	221.7346168116
-0.5838364647	-0.8866472160	221.0402975769
-0.1550033275	-1.0684034928	221.9252081917
-0.7544178633	-0.8098193730	222.6827281368
-0.9869428019	-0.3397652275	223.5341864466
-0.9605241705	0.4577622005	224.1368904017
-0.5467233655	0.9520987041	224.9013512019
-1.0512434428	0.1860196668	225.2995752598
-0.8948753180	-0.6900202325	225.7557584516
-0.6386090543	-0.8030331321	224.7957815318
0.3328065229	-1.0218885220	224.8877276824
0.0448718345	-1.0693989076	225.8441984757
0.0759890082	-1.0339788558	226.8430864281
-0.4171984765	-0.9819054600	227.7114495241
-0.4869761504	-0.9384040659	228.7080631428
-1.0696970679	-0.1331516482	228.5984963774
-1.0493049865	-0.0269277307	227.6043632665
-1.4886911407	-0.9133288955	227.7500779963
-1.0397307961	-0.9693792156	226.8582859967
-1.0744273183	-0.0245321054	226.5326173158
-0.7170386427	0.8389921609	226.1768095361
-0.5992560573	0.8370374946	227.1698470187
-0.7238009212	0.8109408257	228.1617177465
-0.7590699304	0.7404685654	229.1586077894
-0.2765025529	1.0278684769	229.9859710814
-1.0161184516	0.3851979693	230.1858283832
-0.9371987026	-0.5010884456	229.7294644233
-0.0953538801	-1.0407947965	229.7332525135
0.7859141638	-0.7143702637	230.0750326463
0.2588898982	-1.0086510453	230.8723056516
-0.4410202918	-0.9990061627	231.5864713902
-0.8571154026	-0.5809929050	230.7789258651
-1.0778642775	-0.0431234977	231.5925390625
-0.9298462511	-0.4946831969	232.4724166119
-1.0444285518	0.2459313202	233.1345049998
-0.7394510694	0.7845532997	233.9199189661
-1.0793717172	-0.1036845783	234.2289293628
-0.6490238862	-0.8219355005	233.6821969263
0.2167215661	-1.0482868798	234.1285710574
-0.5504664272	-0.9605563237	234.7639653700
-1.0300775003	-0.2428506074	235.2688135881
-0.5845512475	-0.8822285971	235.8954731005
-0.5143985158	-0.9165983883	236.8924170868
-0.5531626646	-0.9187353008	237.8916631898
-0.8335247491	-0.6795090730	238.8212695115
-1.0399610395	0.0504846959	238.1697381191
-0.6113928635	0.8391528074	237.7289071669
-0.3146679352	0.9978595371	236.7872243695
-0.8670731313	0.6241447708	236.0421164761
-0.7269900234	0.7841754685	235.0649947341
0.0054088056	1.1370565103	235.6472892693
0.7087374545	0.7924316143	236.2690307692
0.7476252053	0.7361871955	237.2666901842
1.0417699482	0.2193086244	238.0706276276
0.4214499104	0.9692455034	238.3004051900
0.9551964799	0.5618120921	239.0414265223
0.1536668942	1.0497013850	239.3871350137
-0.6649428365	0.8047222695	238.8676512875
-1.0359254378	0.1593790589	239.5354117610
-0.7718676643	-0.7196225607	239.9324377613
-0.0077122640	-1.0758796356	239.3947134633
0.4933568966	-0.9519899590	240.2512069217
0.9995958782	-0.3843748434	240.9004643238
1.0788374258	-0.0010131927	239.9802716147
0.9319731514	-0.5504847923	239.1577682128
0.4526015509	-0.9228163871	238.3630531367
0.5607182665	-0.8814897006	237.3697742832
1.0587465903	-0.1967566953	236.8376948717
1.0528565502	-0.1770018772	235.8379073670
0.8999612448	0.5923950153	235.2177046199
0.2768699116	1.0252200102	234.5662295903
0.9513646505	0.4246040955	234.1369076014
0.9450729818	-0.3988487227	234.7042574679
0.3826685182	-0.9521493051	235.3187163232
0.4359887809	-0.9844386984	236.3167716045
