-0.5430549584	0.8944092955	49.1042843617
-1.0307189005	0.2363451367	49.6779876321
-0.5927477325	0.8923080174	50.2927184310
0.3988809077	0.9734096115	50.3931931609
1.0216276477	0.3146849593	49.9709748163
1.0687265864	0.3911940478	50.9669306634
0.5345988281	0.8661454997	51.6663079980
-0.4015189326	0.9857117147	51.3355702495
-1.0087359470	0.4427229223	51.9156139278
-1.0445769080	-0.1128210562	52.7463282671
-1.4573009677	-0.9814007873	52.4720508505
-1.0145445346	-0.5626422862	51.6792027827
-1.0467616380	0.0555783476	50.8938587140
-0.6612592326	-0.8319133467	50.6413782436
-0.0307948253	-1.0495711972	51.3864552136
0.8667470300	-0.6571341843	51.1854283279
1.0861093412	-0.0612078242	51.9579255445
0.9883886079	0.6112978358	52.6915377007
1.0580795832	-0.2739380638	53.1514296119
0.5932078432	-0.9138381892	52.5395292157
-0.3963500488	-0.9721146001	52.4076996352
-0.5458647866	-0.8940055937	53.3933691164
0.3940900538	-0.9711946912	53.7258247392
0.7110454082	-0.7623183240	54.6509787623
0.4217118116	-0.9470340915	55.5902157692
-0.4161885857	-0.9607886982	55.0445659410
-0.9673602615	-0.5304654830	55.7594307634
-1.0280756496	0.3364876349	56.2541083685
-0.9828504290	-0.4815928702	56.8274311107
-1.1263430943	0.0875092330	57.6370808196
-0.6905286169	0.8394250026	57.1424209195
-0.1168790339	1.0323803203	56.3463716740
-0.4588142850	0.9270457124	55.4125703544
-0.6873604664	0.7932201552	54.4482792349
-1.0734934848	-0.0562025480	54.8079768349
-1.0769947280	-0.0230465075	53.8085327803
-0.7528677086	0.7633594560	53.2826931318
-0.9087713698	1.3680697531	52.5016556775
0.0365019389	1.0456916997	52.5519623622
0.3289438913	0.9948505947	53.5068931903
0.4418870289	0.9910348002	54.5004873164
0.9806095225	0.2917990890	54.0305431761
1.0299145890	0.2163769417	55.0264751567
0.6105585571	0.9646944659	55.5404414995
1.0200743786	0.3439712017	56.2090216527
0.8561253227	0.6042414256	57.1605362966
1.0167942339	-0.1170375174	57.8342886156
1.5436757735	-0.1888604121	56.9873899706
0.7774692679	-0.7071812517	56.6075596163
-0.1393195786	-1.0453354810	56.8200447407
0.3783451134	-0.9613459707	57.6714958719
-0.6083992713	-0.8977390665	57.8207931630
-0.9784981710	-0.3708200392	58.5858965175
-0.3816197261	-1.0765497649	58.9675792081
0.6008458867	-0.9065921644	59.0442325423
0.1276868109	-1.0522296886	59.9130882268
0.9406814917	-0.4714099280	59.9541741686
0.7018077711	-0.8604121282	60.8439025732
1.1339228867	-1.2422766845	61.6608823695
1.0650373768	-0.2450263894	61.6335577396
1.0041459267	0.2553636146	60.7699015144
0.8543282076	0.6687512035	59.8717560071
1.0312744085	0.3051853620	58.9571468441
0.7724071324	0.8448160542	58.1560310913
-0.2069050446	1.0250006953	58.0639379042
-0.7765394063	0.7273851258	58.8300590870
0.1334873879	1.0307127197	59.1126251937
-0.2035352410	1.0471537366	60.0539781777
0.1646720589	1.0144553797	60.9831467318
0.6517000399	0.8003289304	61.8298778634
1.0113495678	0.2716275425	62.5987257415
0.7788953921	-0.6958199598	62.4986738226
0.5442282289	-1.3532351392	63.2147301084
0.9095238028	-0.4796926921	63.5364174359
0.9788522576	-0.3489671175	64.5254090383
0.2695546631	-1.0402671298	64.3875641420
-0.4029507692	-0.9888701315	65.1258694935
-0.9431680217	-0.4138049794	64.5114873721
-0.9655494991	0.3416917962	65.1662573253
-0.3553765001	1.0446505257	64.8008288973
-0.8957285530	0.5947315653	64.0897785559
-0.7520756253	0.7425104475	63.1112463703
-1.0639748874	0.0916120807	62.4191118700
-1.0404554594	-0.2761122090	63.3487492635
-0.3865861392	-1.0133055885	63.5190455740
-0.4355155157	-0.9479065909	62.5223867120
0.0193835390	-1.0441168634	61.6370560204
-0.8635542019	-0.5792823021	61.5711031857
-0.6341559471	-0.8547762158	60.6375724983
-0.9265367101	-0.4785296220	59.7583956161
-1.0199014159	0.3702224358	60.2788790222
-0.9112581120	0.5378558380	61.2587237421
-0.4128829590	0.9484344973	62.0222991288
0.2383337854	1.0368733743	62.7760201097
0.0490749219	1.0573417749	63.7577339820
0.9255025589	0.5895805001	63.6433924465
0.7459044910	0.8001150335	64.6043397626
1.0454926531	0.2965229707	65.4146742413
0.3956183681	1.0101378469	65.6762411013
-0.5498106691	0.9248856648	65.9907184472
