1.0831648517	-0.1489787522	-185.5366262992
1.0252253665	0.0520455576	-186.5144975806
0.5404516328	0.9109652279	-186.3494175178
-0.0623204855	1.0375734165	-185.5616128846
0.9138218667	0.9457180008	-185.3648676412
1.0598016556	0.3409358348	-184.5819701811
0.9251488685	-0.4616629743	-184.0008473209
1.0429161603	0.2087066566	-183.2682250287
0.9310784586	-0.5326655554	-182.6065154461
0.0958280159	-1.0572383846	-182.4416517296
0.1399740934	-1.0109545131	-183.4396040968
-0.1208304577	-1.0474336861	-184.4043062560
0.3663885343	-0.9559547636	-185.2727815064
0.2317041404	-1.0164823693	-186.2618196872
-0.6233491124	-0.8538655910	-186.7542013667
-0.0558125394	-1.0389873818	-187.5564682555
0.8396667035	-0.6699523464	-187.3076107299
0.7939671126	-0.7347405613	-188.3044627924
1.0280033955	0.2346005399	-188.3793283244
1.0434584967	-0.2347641271	-189.2621974818
0.7868158969	0.7074699399	-189.4774404581
-0.1119348342	1.0921373753	-189.2670168672
-0.9264820557	0.5658491588	-189.0230219142
-0.9305481682	0.5565197277	-188.0230737014
-0.0674275081	1.0459617442	-188.1474490944
0.6047347969	0.8767809474	-187.4266331029
-0.3236793826	0.9908988303	-187.0730454616
-1.0117510065	0.2700538392	-186.9897391645
-1.0446302310	-0.0119943927	-186.0309024988
-0.6956356753	-0.7962390896	-185.5179082927
-0.5383705657	-1.7136407020	-185.1523375515
-1.1082710626	-1.3598269977	-184.4106979583
-0.8277322931	-1.5633140589	-183.4726728974
-0.8646878593	-0.5798058276	-183.6497204762
-1.0196379976	-0.2694120469	-184.5876150095
-0.9071967785	0.5838356134	-185.0968550338
-0.2158161182	1.0073429142	-184.5115052676
0.5645130158	0.9832821934	-183.8865992552
-0.3181975384	1.2267807914	-183.4846906707
-0.9570960759	0.4849254225	-183.6883061671
-1.0100361903	0.2635745449	-182.7145499690
-0.9022473991	-0.7194246796	-182.5659091229
-0.8098798758	-0.6377146094	-181.5735424039
-1.0165537389	0.2430600033	-181.1474884214
-0.6039581679	0.8964835361	-181.7821557213
0.0461470279	1.0467306619	-182.5269973390
0.5609137772	0.9043366669	-181.6815748742
1.0695568657	0.0464530131	-181.6086513178
0.6149303201	-0.8401134921	-181.5231262580
0.9348843348	-0.5589103632	-180.6183863900
1.0788055927	0.1273137170	-179.9053764438
0.8746962521	0.6897731813	-180.7066121945
-0.0557209421	1.0437382567	-180.8016520289
-0.6770673679	0.8214317395	-180.0503142676
0.2558801423	1.0074219393	-179.7420666579
0.8372418188	0.6639079102	-179.0044917717
1.0103646767	-0.2182409123	-178.5664941335
0.7885681743	-0.7293642942	-177.7360971200
0.4112344812	-0.9895993077	-176.8473356099
-0.0341064064	-1.1224843689	-175.9618904934
0.8384883815	-0.6423594743	-175.8721217805
1.0602626238	-0.1547983121	-175.0276691184
0.8301822313	-0.6852038642	-174.2117445120
0.2561783995	-1.0313188685	-174.9538523241
-0.2075057980	-1.1051362913	-174.0709321957
-0.8307892201	-0.6615207765	-174.7149221418
-0.9894878176	0.3244565370	-174.7665311764
-0.5331931382	0.9443226981	-174.1281260480
-0.8427700714	0.6377800910	-173.2280184142
-1.0633908432	-0.1407239974	-173.8156048839
-0.7274350054	-0.7845188806	-173.1281008306
0.2365674796	-1.0476802438	-173.0900836523
1.0106554451	-0.4266975246	-173.2132432404
0.9141756362	0.4918688933	-172.8299321625
0.3024885150	0.9893887679	-173.4450035731
0.9618943021	0.4003230485	-173.9121069729
0.6124067847	0.8248098226	-174.7473730705
-0.2713417785	1.0375068592	-175.1642045084
0.4155227247	1.0525942222	-175.8908333860
1.1816832124	0.4131683528	-175.9551191899
1.0014422584	-0.0120661233	-176.8420740021
0.5649319701	0.8840308007	-176.9225045371
0.7181103228	0.7390364534	-177.9000080059
-0.0610671029	1.0202071641	-178.4602093720
-0.4456963975	0.9401968939	-177.5406123612
-0.4364310207	1.0355490845	-176.5452118827
-0.9200412807	0.5156525649	-175.8410608156
-0.9326237301	-0.4807592231	-175.9247580715
-0.6735037049	-0.8707881680	-176.8083497390
-0.4392127330	-0.9519771036	-177.7771201437
-0.7612501687	-0.7735457991	-178.7068804137
0.2115671801	-1.0048879293	-178.7172353463
0.6868620623	-0.7950894885	-179.5716821786
-0.2666398207	-1.0686864199	-179.6980897658
-0.0365277398	-1.0636878434	-180.6712410615
-0.9003763447	-0.5945924760	-180.4876242759
-1.0779399309	-0.1982772332	-179.5868438358
-0.9646566978	0.4062381663	-178.7983465049
-1.0914667786	-0.0259820964	-177.9055392200
-1.0294535160	0.1495287883	-176.9230168108
