0.1003564551	1.0764647336	138.9335697125
-0.5193244423	0.9239551327	139.7034634760
-1.0714159818	0.0920611385	139.6473625459
-0.8961749837	-0.5780341806	140.3686550357
-0.0722676496	-1.1120009463	140.1787703394
0.8166334025	-0.6561014591	140.1339308799
0.5517713611	-0.9219283860	139.2070090148
-0.1183332707	-1.0720720591	138.4800862817
-0.6301164698	-0.8810544018	139.3176961025
-0.9881068963	-0.3714558680	138.5352945503
-0.8565887053	0.6115013508	138.6637393689
-0.3092844778	1.0244870297	137.9357964373
-0.8837044200	0.5342955657	137.2802401402
-0.9530880955	0.4621263175	136.2852640072
-0.1776833425	1.0274177804	136.5666765707
0.5145370855	0.9695083870	137.2860355780
0.8241904479	0.6456312908	138.1800257466
1.0624604019	0.0569694439	137.4075591396
0.9705474256	0.4128954932	136.4775759933
0.6516246698	0.8940919005	135.6610355513
-0.3120219754	1.0166881588	135.4236428373
0.2952907573	0.9911316337	134.6295911332
0.7727391065	0.7308859243	133.7903562170
1.0424302659	0.0908070512	134.5097766189
1.0600395021	-0.0849753514	135.4940481575
0.4898554401	-0.8942771209	135.6351891559
-0.0119589244	-1.0766907284	136.4807112546
0.8728094802	-0.6288766773	136.6097362359
0.4957806539	-0.9188715095	137.4893681256
-0.5040568117	-0.9340002020	137.4795617468
-0.9108246294	-0.5616651953	136.6453515903
-0.7525281601	-0.7465047852	135.6754152244
-0.2447273675	-1.0197910499	134.8584372734
-0.9464009814	-0.4474659458	134.4340575911
-1.0246910945	0.2149236034	135.1791151347
-0.7337961551	0.7781300527	134.4056950484
-0.1908514316	1.0937856522	133.6275096144
-0.9786127876	0.5253131967	133.3902942830
-0.9608088227	-0.4223112156	133.0714040323
-0.3864440448	-0.9837133939	133.6671663139
0.5587767951	-0.8822848962	133.3568925258
0.3163092682	-1.0128978810	132.3955654501
-0.0124412059	-1.0713343336	131.4529582643
-0.7185855632	-0.7726759069	132.0949577120
-1.0002140724	-0.3282136078	131.2445821200
-0.8876959310	-0.5494338933	130.2758709901
-0.0446431089	-1.0760269253	130.3852406281
0.7952690260	-0.7292176449	130.8026983250
0.9549796111	-0.3846051407	131.7277576479
0.9775848886	0.4310376745	131.1496436458
0.4470586070	0.9422746629	131.8257934859
-0.2232007860	1.0319493257	132.5624825661
-0.9768109913	0.4139741433	132.3384773599
-0.6201265288	0.8796116892	131.5285650992
-0.8741162183	0.5904488610	130.6055948416
-1.0203949967	0.3594438857	129.6437012817
-0.9730389169	-0.3741620556	128.9657781854
-0.8856280667	0.5511609209	128.5968110697
-0.2961060724	1.0531775172	129.2296168498
0.4984378259	0.9303314844	129.8242670377
1.0436144729	0.1320313971	130.0801955318
0.7137008989	-0.7260171708	129.6866098500
-0.1646868779	-1.0353706817	129.3222812637
0.5379096890	-0.9287651685	128.6187236407
0.7609439125	-0.7398975070	127.6623844009
1.0689629590	0.1791606812	127.9082630575
1.0659387584	-0.0677310442	128.8773014108
0.6919738567	0.8563248234	128.7981117285
0.2718002159	1.0300900662	127.9074604208
0.7452179242	0.7522780438	127.0715799546
1.0617823790	-0.0312192560	126.5368660805
0.9884098538	-0.3899612170	125.6063174907
0.8742832318	0.5862578572	125.4220040801
0.2779805776	1.0150556259	126.1006465619
-0.4373459584	0.9710231396	125.4032448934
0.1217074299	1.0821481723	124.5815937897
0.9141156580	0.5330325174	124.3159602121
1.4643830190	-0.2432993894	124.6233924841
0.6422896263	-0.8119639179	124.6513765478
0.8820928077	-0.5928781954	123.7055986245
0.9402362652	-0.5386698358	122.7087632358
0.7233726429	-0.7732238587	121.7611585821
-0.2343756564	-1.0381995590	121.8729891392
-0.9568031810	-0.3934506459	122.1227836764
-0.9460799455	0.4050535725	122.7246773758
-0.2089172229	1.0038782256	122.4116276110
0.3881515713	0.9621362048	121.6105243351
0.8492606974	0.6189794662	122.4288285735
0.5144297907	0.9088622733	123.3254088667
-0.4462371964	0.9548021943	123.5992855972
-0.8597713237	0.6512178064	124.4576713176
-1.0472479893	-0.2457876840	124.0573793615
-0.8527754847	-0.6375467065	123.1580989196
0.0273247516	-1.0700074122	122.9621363920
-0.1531233707	-1.0440222549	123.9453775866
-0.5837393860	-0.8941083396	124.8353751514
-1.0429378082	-0.0914957388	125.2160979142
-0.7783424372	-0.7328366824	125.9362861422
0.1259808760	-1.0570322031	125.6586233799
0.3947122113	-0.9635461098	126.6172911115
