-1.0501467481	-0.3858060172	70.0232288977
-0.8655589520	0.5856193247	69.8740305380
-0.8478137538	0.6036226156	70.8737109816
-0.8346697123	0.6426319092	71.8728633770
-1.0760140389	-0.2797114054	71.5711421047
-1.6613857334	0.0558897243	72.3091880796
-0.9350023504	-0.5841754123	72.5595554132
-0.1223146277	-1.0339535112	72.9300123300
-0.7173193056	-0.8334212741	73.7083157767
-1.1066801696	0.0541715890	73.4621917692
-0.9590065751	0.4371918194	74.3740514144
-0.8697100313	-0.5097871514	74.6826886707
-0.0330090228	-1.0323273902	74.5187279400
0.5860717956	-0.8666454998	73.7510766836
0.9359914625	-0.5159845993	74.6197499015
1.0572492943	0.0808275236	75.4129156019
0.8597244693	0.6191469950	74.5936500221
1.0333070326	0.1482609571	73.7287017965
1.0365576387	-0.2754936780	72.8229306097
0.7064020846	-0.7686505987	72.0180743731
-0.2364410893	-1.0443338471	71.8308699498
-0.5915625175	-0.9152416686	70.9050060394
-0.1065620745	-1.0471475837	70.0404972772
0.4477808737	-0.9675500322	70.8689706477
0.8602421772	-0.6497838950	70.0152140341
1.0433176606	0.0884095112	69.3659422401
0.9336718076	0.4570691499	70.2890174579
1.0318602353	0.0665810744	71.2043742711
0.8751979107	0.5701133835	72.0540283948
0.2519457990	1.0270354880	71.4193796765
0.0362486314	1.0466068780	70.4431155254
0.1366288837	1.0307608484	69.4482925722
-0.3190695872	1.0071738508	68.5584709287
0.2884206668	1.0125885198	67.7641622528
0.9098769875	0.5512843872	68.3974003904
0.9593348060	-0.4454136310	68.4617974764
0.3786793630	-0.9705551869	69.0839434422
-0.6122963251	-0.8590457954	69.0095603720
-1.0426438879	0.0403091849	68.9323490084
-1.0457718128	0.1782163461	67.9419087876
-0.8370766189	-0.7804517502	67.7485133452
0.0690782291	-1.0419688546	68.0809170088
-0.0307843995	-1.0852444251	67.0868573122
0.8260151770	-0.6571049960	67.3742440116
1.0018486403	-0.2989495604	66.4572885726
0.9484411484	0.5163100718	67.0339161577
0.1690526452	1.0653467331	66.7320680078
0.6815191542	0.8598480654	65.8983124233
1.0478851527	0.0907392770	65.3746258503
0.6877631352	-0.8115988762	65.1377757083
0.2008042819	-1.0299351135	65.9834709032
-0.7188502701	-0.7775689706	66.2843809145
-1.0485449413	-0.0710326838	66.9105661102
-0.7348815728	0.8310880159	67.2068658477
-0.7131706510	0.7801334840	66.2084008901
-0.4825583226	0.9567974801	65.2515269243
0.4360780168	0.9875310877	64.8576199287
-0.2920518514	1.0226067247	64.1730787724
-0.8466312386	0.9564215144	63.3435842147
-0.1313039530	1.0615737300	62.6527514665
0.4939148090	1.4796258021	61.9937112821
-0.0548533552	1.0791990713	61.2598775576
-0.8034638311	0.6593332086	61.7730003622
-1.0652617532	0.2256946127	62.6352180935
-0.9387613355	-0.5430921981	62.0083493004
-1.0311949507	-0.3098626409	61.0403307053
-0.8775829084	0.6085785924	60.6758186459
-0.6905442545	0.8205615014	59.7166107497
0.2149275999	1.0216929239	60.0903310620
0.1221228583	1.0950783533	59.0973547991
-0.5551657554	0.8894725026	58.3909509713
-0.9079949969	0.5416674449	57.5223065284
-0.0719426143	1.0500723500	57.3160521564
0.5110804907	0.9194840910	58.1179441476
0.9858073852	0.3061648255	57.4866962929
0.8235899250	-0.6785649386	57.5498847987
0.6088416383	-0.8719653695	58.5072141290
1.0612689995	0.0159580473	58.5902893282
0.9609607440	0.5291662841	59.4426716130
0.9586123100	-0.4632628684	59.5654676315
0.5354100597	-0.9091882961	60.3541693294
0.1906907091	-1.1944147915	59.4598458893
-0.6150287106	-0.8448946082	58.9816703378
-1.0638460928	0.0446214536	58.8960891873
-1.0582430690	-0.2292217552	59.8578472146
-0.5124150240	-0.9311209660	60.3154597615
-0.1902504767	-1.0355394531	61.2563671874
-0.0344555242	-1.0546173565	62.2439723546
-0.5615686737	-0.9157136028	63.0823383098
-0.0889994040	-1.0673528082	63.9504879725
0.5209898720	-0.9552936957	63.1660417739
0.8685565744	-0.6292945467	64.0452015672
1.0255936608	0.3241129065	64.3027934573
0.6108398031	0.8855083440	63.5866828511
1.0676426729	0.0590366202	63.2576302295
0.8690203253	0.5395311820	62.4034205719
0.9562723369	-0.4518324907	62.3055167673
0.8917976451	-0.5360121792	61.3111542609
1.0487408095	0.0512823850	60.5171429650
0.8884731696	0.6241210076	61.3209900873
