-1.1447800911	0.1494171039	-16.4054563584
-0.7453879191	-0.7434790994	-16.1975567120
-1.5243679767	-0.7071547313	-15.5715610170
-1.0420030475	0.1111443680	-15.2589739744
-0.6148663695	0.8332118777	-15.8031915501
-0.2809153824	1.0237663987	-16.7263197713
0.6200200658	0.8549172334	-16.3265632486
0.5667321218	0.8946506869	-15.3287748704
0.4145123732	1.1621783464	-14.3773243464
-0.5319227517	0.9092154758	-14.5779990594
-1.0243338264	0.1649319519	-14.1268080028
-1.0466877857	-0.7284795034	-14.5754908218
-0.3049636741	-1.0266098436	-13.9746883231
0.6527518651	-0.8295876252	-13.7650143110
1.0405488451	-0.2832690996	-13.0226198263
0.8495731977	0.6003645050	-12.5951622787
0.8683937660	0.6302654693	-13.5945379431
1.0262223891	0.2321660337	-14.4982010247
0.8007019681	-0.6644590494	-14.8792574511
0.3351080494	-1.5242514260	-14.6695448571
-0.2862784570	-1.0030285548	-15.2545282143
0.4336032250	-0.9395246766	-15.9457138776
1.0267709894	-0.1436302880	-15.8244533083
0.9566226643	-0.4349904590	-16.7784912862
0.9615812060	0.4313427640	-17.2779331343
0.6999276123	0.7825158987	-18.1769408241
1.0910659146	-0.0447055642	-18.5803208928
0.9799102428	0.3563640799	-19.4895994844
0.9205810219	-0.5335605684	-19.9418319068
1.0512416214	-0.0328753652	-20.7975433856
0.6482160279	0.8303822690	-20.4936410525
-0.2006525591	1.0531913576	-20.0142891651
0.2174424589	1.0397267171	-19.1059856589
-0.7346046547	0.7630161316	-18.9754577095
-0.4067102779	0.9636285941	-18.0522892972
-0.9634979369	0.4576608645	-17.3935145562
-0.9539066593	-0.5377130806	-17.2979179200
-1.0247157996	-0.2205123938	-18.2436291814
-1.0093390917	-0.2807541402	-19.2416945544
-1.0090244877	0.3150201914	-20.0448463750
-1.0477084667	0.1615279918	-21.0322387460
-0.4613916617	0.9631632235	-21.1489159049
0.4414188603	0.9348986128	-21.5780246011
0.7353979968	0.7640431837	-22.5184418966
0.7510814370	0.7632860211	-23.5183186172
-0.1900892929	1.0431427647	-23.3289040978
-0.2739901613	1.0455196286	-22.3324328264
-0.9099098425	1.6613811661	-21.8673299070
-1.1417301146	1.4802722392	-22.8230803546
-1.1784269537	1.3399973256	-23.8125126618
-0.9880396840	0.3700517725	-23.9640326660
-1.0512105554	0.3176709927	-24.9606598254
-0.9688026128	-0.4654646271	-25.5770262197
-1.0614696394	-0.1734173972	-26.5289302263
-0.9887004103	0.3511458686	-27.3771860954
-0.3673047175	0.9911575133	-27.8291291091
0.5833832285	0.8836832960	-28.1200616134
0.4717095814	0.9584833233	-27.1291358076
-0.3591464348	0.9921315412	-26.5736665666
0.4586532544	1.0311136196	-25.9994853532
-0.4255473973	0.9927078167	-25.5339596270
-0.3600976007	1.0196343781	-24.5364671285
0.5784413016	0.8973039611	-24.8592363927
1.0826023057	0.1729192545	-24.3890359262
0.9678337956	-0.4042020156	-23.5804821378
1.0761251227	-1.2643337485	-24.0789261072
0.8347307550	-0.7264929428	-24.8866736092
0.7526545634	-0.7523272851	-25.8829647743
1.0450260099	0.1201383760	-25.4914004660
1.0816160388	0.3087085798	-26.4727782975
1.0665926853	0.0745349953	-27.4448570140
0.9219520530	-0.5639171501	-28.2008053889
0.0898771981	-1.0648861426	-28.4388841667
-0.0861593105	-1.0719144748	-29.4232427143
-0.7572716860	-0.7315293407	-30.0818367774
-0.9434886175	-0.4486900917	-29.1409195580
-0.9144703636	-0.5274149404	-28.1444456050
-0.5671264951	-0.8734617816	-27.2728930703
0.3952200894	-0.9691066014	-27.0184503070
-0.2488764593	-1.0226380843	-26.2553814920
-0.0986487567	-1.0350450098	-25.2668079209
0.0394922540	-1.0709007862	-24.2770446035
-0.8493012930	-0.6179415435	-24.3468583223
-0.8687367164	-0.5505501501	-23.3493210225
-0.9918231252	0.3402280313	-22.9118693482
-1.1462623551	0.6030040187	-21.9594527877
-0.9891525981	-0.3778749927	-22.0743130910
-0.2367178975	-1.0062521288	-22.2717572507
0.1330477234	-1.0471439578	-23.1999820316
0.8221785101	-0.6902512669	-22.5693265266
1.0675786134	-0.0180851355	-21.8707769713
0.6284442929	-0.8416951762	-21.5118514228
0.2496277858	-1.0319742447	-20.6061517319
-0.5351076355	-0.8862875018	-21.2086180725
-0.7910125918	-0.7301685181	-20.2546057476
-0.1349099631	-1.0470286424	-19.5696758226
0.4984955678	-0.9196207307	-18.8064165892
0.7361357693	-0.7680573148	-17.8469606675
-0.2213907228	-1.0239730737	-17.9798145020
0.0086664512	-1.0497188506	-17.0069780041
