-0.4323489195	1.5824450558	242.0789831266
-0.4413465437	1.0322656539	241.2439851215
-0.7001851268	0.8215660512	240.3013249148
-1.0813419718	0.0810579478	240.8548293938
-0.6544574454	-0.7947825181	241.0799362113
0.1164014300	-1.0520460073	240.4971909055
-0.0571928674	-1.0487188224	239.5123792739
-0.8291854216	-0.6372566907	239.9968649913
-1.0283533437	0.2036866127	239.4937283306
-0.4618866369	0.9388843939	239.1214385342
0.2407545847	1.0487721868	239.8244463483
0.5655407223	0.9101384462	240.7600181792
0.4584022613	0.9425113170	241.7537351144
0.3210231707	1.0192592660	242.7412758669
0.0681984584	1.0290498563	243.7087384291
0.0652646415	1.0526632943	244.7084552881
0.6925184280	0.8261628515	245.4536064384
1.0338094588	-0.0283782108	245.0620965341
0.6425909371	-0.8888023422	245.3886212383
-0.2738443429	-1.0306284542	245.7628293775
0.4090103284	-0.9675134792	246.4906521565
0.6875587885	-0.7892158168	247.4343791822
0.6985678940	-0.8093668924	248.4341155143
-0.2807496459	-1.0079930407	248.3955822925
-0.6722481670	-0.8304742831	249.2984754194
-0.4673377864	-0.9688413980	250.2674265417
0.3055536652	-1.0227804702	249.6351849893
0.9657521568	-0.3782015378	250.0207442605
0.5351862560	-1.0268300163	250.6483540931
-0.1635890572	-1.0479582605	251.3633832246
0.4967024205	-0.9029706785	252.1002643314
-0.2249940587	-1.0283416065	252.7810259066
0.6040221859	-0.8846741941	253.3214810303
1.0722910030	-0.1895778410	252.7759854988
1.0003439583	0.3732618716	251.9525566430
0.9989535544	-0.3328569510	251.2444646468
0.8931407230	0.5533251933	250.7933716943
0.2792820873	1.0083127746	251.4384793413
-0.0362310487	1.0941866112	250.4934517517
0.5219752293	0.9278527996	249.6805933296
-0.4156762317	1.0166718376	249.3445562541
-1.0499018716	0.2585224000	249.4961058103
-1.0482228362	-0.0318953541	248.5392073262
-1.0578384873	0.1395920509	247.5540679405
-0.7341487330	0.7830193543	246.8603632136
-0.0142177135	1.0525470613	247.4999366201
-0.5500768652	0.9015882017	248.3306389689
0.4282673355	0.9671445811	248.5269677392
1.0534025528	0.1866567916	248.5202766553
0.9525405902	0.4633356902	247.5646220883
1.0337458601	0.1735048387	246.6109954414
0.4341619625	0.9689533706	246.5229001358
-0.3137710393	1.0049218001	245.8601011490
-0.9626289847	0.4803371599	245.3089257486
-1.0658437914	0.0183030706	246.1897612633
-0.8092310117	-0.8003867134	246.7034702460
-1.3442022464	-0.9566040151	245.8731679320
-0.9353352451	-0.5441729771	245.0590866006
-0.2233638149	-1.0561749623	244.5785133494
-0.8716158000	-0.5735271482	243.9895987110
-0.9591959056	0.4188938581	243.9033996886
-1.0711513370	-0.1019182991	243.0571014679
-0.6952786873	0.7683966607	242.7388694426
-1.0023611768	0.3862321016	241.8672900748
-0.8478847270	-0.5774373010	242.0851852538
-0.1473251088	-1.0478421492	242.6217814708
0.1562765663	-1.0546785566	243.5745559910
0.7617972356	-0.7648139322	244.3157194134
1.0368410228	0.1047124608	243.9055063383
1.0422236713	0.1862946172	242.9088542532
0.8298443354	-0.6862870551	242.4689721748
0.6126485088	-0.8417002839	241.5052955168
1.0506297329	0.0341912407	241.7077467068
1.0322206634	-0.1842091254	240.7320611088
1.0158901360	0.3239268763	239.8709390979
0.9242387182	-0.4876091021	239.2938694544
0.9532669926	-0.4477377189	238.2950863788
1.0189056711	-0.3101919715	237.3067682462
0.6741207999	-0.8211833131	236.5193603205
0.0150549626	-1.0256395678	235.7955994055
-0.7813907921	-0.7274418974	235.2695268733
-1.0143717834	0.2400956498	235.1715934652
-0.3696774907	1.0030851894	235.2186703308
0.3540150345	0.9680168453	235.9079013082
0.9023038824	0.5450909031	235.1864354485
1.0020797929	-0.3756589065	235.5636151879
1.0535202414	0.2797026015	236.3171768470
0.7801779408	0.7785924696	237.1396079299
0.6685656665	0.7885798062	238.1333095719
-0.2977562316	1.0035615127	237.9918710509
-0.9866539225	0.3557465322	238.3170721003
-0.8796405819	-0.5614400172	238.7008910400
-0.0327809551	-1.0301484336	238.4496119265
0.2405286485	-1.0340769686	237.4876938286
-0.4570363789	-0.9758717812	236.7735403516
-1.0185549120	-0.2959192160	236.3019881847
-0.7881226998	0.6638146382	236.1413272849
-0.2476340720	1.0479528844	236.8898657615
-0.9719236542	0.4129738978	237.1585780382
-0.9203170083	-0.4811891456	237.6033355068
