-0.1397279846	-1.0414494498	-12.8366403830
0.7134606669	-0.7631693675	-12.3954722508
1.0521165692	0.1720406295	-12.4988861827
1.0762192860	-0.0005879227	-11.5141941283
0.7118613644	-0.8490753647	-11.1303811977
-0.0803925417	-1.0672785598	-11.7002242584
-0.3426098832	-1.0143183503	-10.7366697545
-1.0241384514	-0.2897986471	-10.8395775308
-1.0212081944	-0.2434068581	-9.8406585073
-0.3417424002	-0.9584109059	-9.6760515624
-0.8063268314	-0.6941613682	-8.8308690447
-0.0691011699	-1.1030232086	-8.2929747060
0.6398721948	-0.8630767734	-8.9561356792
0.7682609054	-0.7295665826	-9.9388316484
1.0943915066	0.0822281047	-10.4232160171
1.5224920054	0.8138188966	-10.9537863481
0.5287170760	0.9246836540	-10.9647588291
-0.4679440052	0.9914449144	-11.0117654595
-0.5398432944	0.9068696152	-10.0179458024
-0.8507118075	0.6886930080	-9.0928729752
-1.1227884110	0.1843713230	-8.2733402059
-0.5265764517	0.8841067326	-7.8797647288
0.0954023077	1.0495611535	-7.1144103942
0.9292244522	0.5100912368	-7.2315122313
0.6113215506	0.9817541903	-8.0539912908
0.1217013957	1.0520799637	-8.9230864465
0.5083362688	0.9369983990	-9.8381108769
1.0111465577	1.6522158145	-10.3235445613
1.5608945795	0.9390701319	-9.8885728980
1.2451939913	0.9852777029	-8.9408398138
1.0364487144	0.0896685257	-9.3336624341
1.0518104290	0.0244687770	-8.3359084511
0.8563422154	-0.6170474648	-7.5941206857
0.9868641604	-0.4982905578	-6.6098134070
1.0933271142	0.0911449769	-5.8090441581
0.5699477005	0.8755115001	-6.1419753019
0.6877840572	0.8496873020	-5.1492781155
1.4852775841	0.8571752925	-4.5459970826
0.7578511665	0.7307870865	-3.8715515115
-0.0234356299	1.1845081647	-3.4429163227
-0.0988499977	1.0520492589	-4.4312317134
-0.3584964522	0.9917913268	-5.3950536369
-0.6322151889	0.8451024581	-6.3456115936
-1.0444437935	0.0899836646	-5.8358438177
-0.7941000617	-0.7133955820	-6.3761305952
-1.0448553950	0.0373643942	-6.9872616948
-0.8982739455	-0.6799888684	-7.6683770854
-0.0918536061	-1.0572116138	-7.2129770012
0.2042940440	-1.0575630054	-6.2578348936
0.7052184176	-0.8146225161	-5.4271395881
-0.2203415255	-1.1486515815	-5.2489167639
-0.9435452580	-0.5101637117	-4.9856495968
-0.9668416714	0.4460528423	-4.6939182493
-0.8434028516	0.6375263182	-3.7202135889
-0.8623538455	0.9589550276	-2.7734694605
-1.0392782988	0.0649521846	-2.3618183285
-1.0823962483	0.0523330141	-1.3628280388
-0.5873886943	0.8719871599	-1.6511587565
0.0715438408	1.1013485194	-2.3675394381
0.8592077843	0.6162258847	-2.7473308828
0.8250379927	0.6797464026	-1.7499354902
0.5430634225	0.9144252479	-0.8196580148
0.8850348886	0.5691431827	0.0543189940
1.0662892409	-0.1292227934	0.7467291494
0.8731532889	-0.5532788243	-0.1380730809
1.0942727749	-0.0209925438	-0.9552496154
0.8045394143	-0.6676217381	-1.6608878122
1.5421536976	-0.0685145932	-1.9723292965
0.9753092752	-0.4584822063	-2.6980101227
1.7375467815	0.0744748920	-3.0653665102
1.0339131554	-0.2505784409	-3.6972209642
1.0239968682	-0.0869027555	-4.6836853261
0.5463065514	-0.9159846723	-4.3931080793
-0.4229729485	-0.9920803042	-4.1592134323
-1.1335083691	-0.3525379748	-3.8657427780
-0.6666430772	-0.8472515974	-3.1327385278
0.3042282857	-0.9993463219	-3.3178762912
0.0629251310	-1.0627723489	-2.3495014017
-0.6528254343	-0.8644803061	-1.6798885329
0.0676378873	-1.1158264972	-1.0335467546
-0.0489506859	-1.0782483130	-0.0410776193
0.4016847344	-0.9886593620	0.8471236743
0.8259854566	-0.6926143597	1.7028843030
0.0639368363	-1.0512072452	2.2420438738
-0.5005042462	-0.9328818144	1.4250950646
-1.0552066412	-0.1040661546	1.4983743599
-0.9506616797	0.5269066715	0.7296457708
-0.3970835339	0.9523264155	1.4455852081
0.2456566749	1.0452788583	2.2060093446
0.7281492534	0.7467926866	3.0294818196
1.0562591923	0.0393469197	3.6554725183
0.9673866215	-0.4308759316	2.7774109395
1.0531496672	0.2924380067	2.0922382264
0.7321764338	0.7752796761	1.2774743921
0.3215452220	1.6577878596	1.0482118485
-0.0514583746	1.0709659648	0.3295266735
-0.5100569174	0.9805170535	-0.5545018164
-1.1104991889	0.2345183560	-0.2664826817
-0.8579164493	-0.6774539053	-0.5897605100
-0.8918073793	-0.5780586134	0.4047101939
