0.9978759172	-0.6168241742	-93.7699529525
1.0431022545	0.1797517129	-93.1671084995
0.6763215351	0.7868260182	-93.8720430296
0.4944010627	1.0724014149	-92.9311117705
-0.3574396511	0.9822844173	-92.4151211454
0.4838639968	0.9186241415	-91.8783199333
1.0492303153	0.1232959358	-92.0969839935
0.9945011789	0.3587002624	-91.1266286335
0.3328322698	1.0252542410	-90.7832628688
-0.5106275378	1.0084417064	-90.2463337380
-1.0225243626	0.3642293489	-89.6780450093
-0.9110012384	-0.5512633571	-89.2914758718
-0.8361233048	-0.6324816676	-90.2853555834
-1.0455959070	0.2180200581	-90.7678159896
-1.0078104652	-0.3262701576	-91.6058615859
-0.3394911390	-0.9984721281	-91.2872806872
-0.4550579919	-0.9847372596	-92.2804854273
0.5381576429	-0.8853634204	-92.2200905356
0.7146979735	-0.7770997672	-91.2417692729
0.2329117121	-1.0398510950	-90.4058005307
0.9715589902	-0.3824048697	-90.2569225290
1.0581595070	0.5988356806	-90.0846804527
0.3232290296	1.0121548808	-89.5470519266
0.7876343549	0.7473308403	-88.7019507957
1.0786387830	-0.0805454339	-89.1814685718
0.5731027871	-0.9176957190	-89.3903052472
-0.0814163556	-1.0607934147	-88.6479254648
0.7452946909	-0.7379645660	-88.1871322573
0.9870181432	-0.4051234788	-87.2756573080
0.8716905808	0.5473642551	-87.5575556410
0.1016708814	1.0546065573	-87.9445632758
-0.0057659133	1.0713712632	-86.9504927151
0.8057547769	0.7169247558	-86.4859479456
1.0120913626	-0.2218314957	-86.2099734655
0.4193130748	-0.9570141661	-85.8811568864
0.2264086673	-1.0512112188	-86.8578425087
-0.3653663432	-1.0346202105	-87.6637749348
-1.0271153705	-0.3200695922	-87.8907234725
-0.8786154433	0.5497173431	-87.4201722439
-1.0186806057	0.2631716893	-86.4723994133
-0.8148200790	-0.6736572040	-86.7566396468
-0.7296417190	-0.7599198628	-85.7640151455
-1.0551715725	-0.0831457318	-85.1037068160
-0.7942037888	0.8369458928	-84.8115985857
-1.0321121855	0.2381213402	-84.0468706930
-0.9727102539	0.4730937416	-83.0766854627
-0.7980299455	0.7208646678	-82.1237445632
-0.6802396477	0.8336528653	-81.1371320413
-0.8994516084	0.5339954668	-80.2086108731
-1.0298719553	-0.3218173227	-80.7091855452
-0.8728588152	-0.6421946630	-79.7749986080
0.0009202134	-1.0532552157	-80.0348821033
0.3324421295	-1.0483956199	-80.9783171055
1.0258950708	-0.3570708028	-80.7753564804
0.9904793148	0.2837124710	-81.5422609857
1.0056388962	-0.3839924123	-82.2865326941
0.2962320732	-1.0632660690	-82.0985719033
-0.5561021282	-0.8891706709	-81.6054013431
-0.9819984789	-0.3350305340	-82.3206222930
-0.6908676125	-0.8122607390	-83.1497749629
0.2913159066	-0.9967881820	-83.1853440159
-0.1729614330	-1.5004160384	-83.9139080379
-0.7276302229	-0.7543629255	-84.2823470237
0.0060481177	-1.0705874212	-84.8837771202
0.6966255272	-0.7925403677	-84.2161000444
0.9706739934	-0.4780972367	-85.1249580946
1.0264444341	0.2513272727	-84.4431740062
0.8988940977	0.5620379510	-85.3850815314
0.0664971610	1.0330262296	-85.6771181409
0.2289460987	1.0638013409	-84.6908812347
-0.3187113792	1.0184041818	-83.8554110767
0.6476398994	0.8640397899	-83.6496518949
1.0457229486	-0.0009155382	-83.3440669372
0.8663043478	0.6601269018	-82.6154848497
-0.0328615361	1.0587259606	-82.7960935530
0.2605199819	1.0472629529	-81.8401668381
0.4522771406	0.9437789765	-80.8641953945
0.2170896531	1.0270667975	-79.8958204750
1.0325084487	0.4795198134	-80.0836621317
1.0096412719	-0.2759643411	-79.4288943985
0.8391076523	0.6338156198	-79.0504519229
-0.0438251883	1.0603244555	-78.8541872746
-0.1203212551	1.0808826504	-77.8573293548
0.2905946200	0.9983254377	-76.9494017969
0.9030464148	0.6267449363	-77.6471343603
1.0397092411	-0.1237235952	-78.2937565492
0.5371882015	-0.9114782763	-78.6500080994
-0.4305211882	-0.9766338065	-78.4065059557
-1.0466094301	-0.2977606775	-78.8059637793
-0.9747680510	0.4728104068	-78.1726715716
-0.9819683489	-0.3659810806	-77.6282663949
-0.5114885654	-0.9244077087	-76.9450325591
0.2668354915	-1.0149843745	-77.5663276017
1.0023174680	-0.4190337969	-77.2439781465
1.0346605754	0.3230228984	-76.5744217377
0.5458170801	0.8856141438	-75.9076960613
-0.1260143444	1.0715078450	-75.1906981053
-0.6037531539	0.8745432521	-76.0468351148
-1.0705242390	0.0624444472	-76.3970069085
-0.8114905382	0.6847295576	-77.1356968185
