-0.1982625747	1.2384322020	88.7378984576
-0.5407543137	0.9133008478	87.8564286559
-0.9177276718	0.4966042206	87.0292315765
-0.2247282242	1.0453766977	86.5616842164
-0.5631011960	0.8886841387	85.6338096699
-0.1842717991	1.0775373930	84.7278169899
0.6214922083	0.8903351702	85.2896885875
0.7880518982	0.7515962859	84.3134665883
0.9092948480	0.5171129900	83.3489367903
1.0203749053	-0.2405707802	83.9920359469
1.0698440990	-0.0614379246	84.9746163349
1.0917771520	0.1071702606	85.9600554356
0.7962528615	0.8650098800	86.5417293176
0.5354709497	0.9164625201	87.5057549502
1.0929083062	0.0969631928	87.3727720708
1.5110700986	-0.0226905572	88.2732295631
0.8576847926	0.6133984502	88.6836907872
0.4053844077	0.9599006016	89.5054940610
-0.2255490867	1.0265962685	90.2784588815
0.2868391887	1.0266826630	91.1372127739
0.9606056176	0.3116529603	91.3236834780
0.8184698116	-0.6716715353	91.4371310382
0.9720420272	-0.4186426736	90.4819389268
0.9264824903	0.5636650729	90.3002914116
1.0757389938	-0.0077077121	89.4932872997
0.7083944647	-0.8224692840	89.0447100176
0.7606942260	-0.7393736505	88.0495417651
-0.1872173976	-1.0575785219	88.0350775437
-1.1052060890	-0.9545375277	88.4180649011
-0.3857670981	-0.9725206275	89.1123876981
0.1606297508	-1.0517949256	89.9461538938
-0.1649943438	-1.0493522058	90.8916500504
-0.8156978373	-0.7001872435	90.2173587242
-1.0032817875	0.2632665773	90.0261285048
-1.0464391615	-0.0209313086	89.0683346842
-1.0912765734	0.0401313656	88.0712083350
-0.9322793759	-0.5819515183	87.3045710174
-0.1192856404	-1.0267409186	86.9288003755
0.7899880078	-0.6853065711	86.6908003354
0.6509869201	-0.8633750151	85.7166492553
0.0444977224	-1.0691669788	84.9486515205
-0.4205921324	-0.9878547587	85.8301727907
-0.9950401095	-0.3065783546	86.2839039696
-1.0686494927	-0.2616508578	85.2876293194
-0.9922632116	0.3768044820	84.5217703799
-0.8563320805	-0.5983593393	84.3469040044
-0.6997774816	-0.7984267499	83.3797102860
0.2356983458	-1.0008452721	83.6693854803
0.8703833276	-0.6120490501	83.0015438287
0.1748575317	-1.0648130249	82.4436471982
-0.7584595310	-0.7585235109	82.2562812615
-1.0335110615	-0.2182593351	81.4610069215
-1.0068234621	0.3846897807	82.2583400613
-0.7950292990	0.6890548779	83.1870515989
-0.0289060665	1.0715908247	83.7035024116
0.1796705663	1.0438492863	82.7258899141
0.8986346670	0.5360693276	82.2512846724
1.0611722900	-0.4140964547	81.9852649226
0.5028585101	-0.9490800814	81.3511685243
-0.4396766176	-0.9790388837	81.0184073439
-0.5796216547	-0.8867408624	80.0325592512
0.0934721287	-1.0623877601	79.3141631723
0.6525085725	-0.8147288834	80.1054553657
0.9786498243	-0.4367749641	79.2389781769
0.9650521219	0.4208748835	78.7249238592
0.3747853404	0.9978203765	79.2894759159
0.1107259834	1.0911398239	80.2494572369
0.8954992257	0.4981519361	80.0691898712
1.0638854063	0.0875116405	80.9653040614
0.5436353907	0.8695623698	81.3084317025
-0.3348792808	1.0168516027	81.7628740573
-0.7326465011	0.7704479124	80.8790944130
-1.0683618666	0.0870047531	80.2308655634
-0.7419611790	0.7599632911	79.5670964791
-1.0543542645	0.0929327023	78.8907232436
-0.7332225487	-0.8193498007	78.6365283264
-0.2085875860	-1.0700464906	77.8229502259
-0.9647462202	-0.4562328680	77.5961089672
-0.8074016022	-0.6829629011	76.6349450044
-0.2843167645	-1.0420689724	75.8620122247
0.2219219341	-1.0007982053	76.7234175322
0.7644382889	-0.7780950444	77.5334047586
1.0277111808	0.1704176097	77.7095045297
0.8347503599	0.7311105575	76.9042781393
1.0262924705	-0.1977944905	76.5873443423
0.7536201719	-0.7466308854	75.7971365030
0.5553343387	-0.9002459870	74.8291049287
0.8477843886	-0.6348835139	73.9103798740
1.0504727928	0.0328188216	74.6266835818
0.5692831663	0.8670134881	74.8960825457
0.9728271572	0.3915860497	75.6778248294
0.2868422491	1.0412116132	76.0055615121
-0.1814907102	1.0537119194	76.8890251399
0.1911597900	1.0302150805	77.8166993841
-0.7670282492	0.7471501157	77.8585312764
-1.0121423634	0.3935166944	76.9558339438
-0.7721968183	0.7365017923	76.0476559006
-0.6220913069	0.8225047659	75.0627336580
-1.0507486561	-0.0038634352	74.6975371722
-1.0469120481	-0.1913191766	75.6798027297
