-0.2472599568	-1.0824395680	-15.1018878794
0.3300684908	-0.9946389703	-15.9136655082
0.5469931731	-0.9077618009	-16.8859802925
-0.4213997199	-0.9769169296	-16.6463289353
-0.7110366422	-0.7937779054	-17.5857811965
-0.9227972740	-0.5227535707	-18.5247717421
-0.9794183936	0.4250389932	-18.8385922395
-0.2331535339	1.0316093191	-19.1127476680
0.6188946897	0.8469154325	-18.6229497577
1.0452590312	-0.0395464351	-18.4429530755
1.0302105350	-0.0331050092	-17.4430870591
1.0145284885	0.1862011907	-16.4675570165
0.8562905692	0.6297517435	-15.5853871530
0.0399004768	1.0515437194	-15.1909270839
-0.5967485695	0.8459071667	-15.9341576000
-0.5339553426	0.9118574136	-16.9300027564
0.3321202315	1.0446746651	-16.4480559983
0.4649955145	0.9373153327	-17.4333570350
-0.3305235605	1.0048201486	-18.0355135772
-1.0109805556	0.3294019714	-17.7512802862
-1.0553230415	-0.0677619783	-16.8346044761
-0.9993659069	-0.4221173862	-15.9011693985
-1.0394441091	0.2294221420	-15.1436141326
-0.7277507501	0.7758099757	-14.3662419019
-0.0512084345	1.0528546553	-13.6839393731
-0.8276413544	0.6510918075	-13.1984102442
-0.2289472032	1.1086825082	-12.5410092524
0.7132152020	0.7939447752	-12.6562054403
0.8658350908	0.5580469634	-11.6964870483
0.5563877095	0.9238703688	-10.8187538575
-0.2665383917	1.0003465477	-10.2557760373
-0.5872453210	0.9251496753	-9.3115872342
-1.0326289403	0.1229902541	-9.7092978006
-0.9609700131	-0.5245922113	-10.4679162480
-0.2528103535	-1.0209914646	-10.9700095440
0.5439472649	-0.9383456416	-10.3713886578
1.0150928777	-0.2280598283	-9.8484012056
1.0604327024	0.0013856767	-10.8206661184
0.7267880564	-0.7579680194	-11.3792923032
0.9516906574	-0.4561488351	-12.3057500735
0.3084537348	-1.0051672012	-12.8394401473
-0.3793207955	-0.9995548848	-12.1135374697
-0.9926464310	-0.3975649900	-12.6248493426
-0.9478538079	0.4441083570	-12.0867233371
-0.9982283303	-0.3615153827	-11.4964413726
-0.9263223187	0.4904356562	-10.9777806426
-0.2418009477	1.0315475910	-11.4662766680
0.5431154375	1.5662884781	-11.7792598172
1.3887784837	1.4295635120	-11.2633525619
1.8721596798	0.5658811822	-11.1205399141
1.4910703529	0.8119984961	-10.2293624947
0.6257310216	0.8680415543	-9.7313193064
0.9388798040	0.4843397775	-8.8625783861
0.2135642958	1.0103851286	-8.4185134109
-0.6544989941	0.8249308611	-7.9579997417
-1.0313534012	0.1338079381	-8.5747086366
-0.7391145565	-0.7582883573	-8.9193253185
-0.3324549168	-1.0471062796	-9.7860502721
0.5284191565	-0.9696650617	-9.2831599383
0.9331704606	-0.5517465724	-8.4698208220
0.0843677568	-1.0343898674	-8.2539749981
-0.7581006390	-0.7287555153	-7.8103144918
-0.1748489372	-1.0413313140	-7.0605719878
0.7092780974	-0.7390903118	-7.4169001559
1.0444724537	0.1656800962	-7.6796457594
1.0618631495	-0.0390432787	-6.7009803910
0.9129677208	-0.6401600242	-5.9158123773
0.0098144245	-1.0619608475	-5.9958010562
-0.8859920842	-0.6349350280	-5.8725953398
-1.0228103988	-0.2387393968	-6.7805104078
-0.7400207218	0.7138911284	-6.6685948991
-0.9616062101	0.4439475326	-5.7315621747
-0.8274395859	0.6238145265	-4.7570637492
0.0544752337	1.0518958587	-4.5596488966
-0.0684686245	1.0488586595	-5.5520578763
0.5982224777	0.8771730419	-6.2773488682
0.9747325231	0.3571197343	-5.5106776590
0.9639428510	-0.4423678345	-4.9100919364
0.9910073901	0.3784080686	-4.3394831146
0.6254314910	0.8832069475	-3.5574777732
0.7477759776	0.7316096313	-2.5766362568
-0.1649516678	1.0550487683	-2.8262667236
-0.6210294981	0.8432024372	-3.6906243722
-0.9787531390	0.3809663537	-2.8792233617
-0.9416141347	0.4890107685	-1.8857712498
-1.0299674375	-0.1825260686	-1.1500865548
-0.8700334018	-0.6468473613	-2.0211932310
-0.8468031877	-0.6520297601	-3.0209099409
-1.0831090414	-0.1452544140	-3.8499686192
-0.9216830337	-0.5177406070	-4.7638590285
-0.0765160516	-1.0399510871	-4.8778282645
-0.3211119954	-1.0106665779	-3.9086454944
0.6569929401	-0.8160103115	-3.9822639241
1.0430655374	-0.1424313730	-3.3519946458
0.9723107783	-0.3517442696	-2.3767091105
1.0512694413	0.0762489972	-1.4763828957
0.7047712953	-0.7868931658	-1.1090619990
-0.2687207221	-1.0155344468	-1.1030240661
0.1619305304	-1.0606064871	-2.0044163280
0.2668686068	-1.0167756444	-2.9979287121
