-0.9622798515	-0.3639868364	-173.4426983298
-0.9495755567	-0.4457235419	-172.4461253461
-0.9178480139	0.5277245803	-172.6728236400
-0.6433728223	0.8510483926	-173.5784312159
0.1025136984	1.0786624788	-172.9524558761
0.3557272068	0.9988336571	-173.9165670100
-0.3709121717	1.0022935808	-174.6035773757
-1.0316450678	0.2523121385	-174.5725955046
-1.0750856420	0.5204417984	-175.5349984358
-0.6739535654	0.7751602759	-176.4148913579
-0.1147367495	1.0414636466	-175.6298059692
0.6022803729	0.8521775366	-176.3006690065
0.2696221333	1.0323526390	-177.2263446668
-0.6484515455	0.8558183836	-177.5812761769
-0.3652161582	0.9794137291	-178.5323292280
0.5873495306	0.8731328814	-178.2471573676
1.0798562936	0.1177851594	-178.6794615514
0.9936549647	-0.4227235776	-177.8425507819
1.0489165647	0.2425629104	-177.0980106255
1.0569801765	-0.1545219527	-176.1802641520
0.6858599648	-0.8511257600	-176.7942779337
0.2302710118	-1.0210729737	-175.9204606470
-0.3664555116	-1.0341226650	-176.7227992051
-0.9920247804	-0.3370542598	-176.3724297881
-0.9603633021	-0.5305071944	-175.3918312398
-0.2476336312	-1.0106516622	-174.8804823312
0.5627770996	-0.8831352046	-174.3086659267
0.9089159332	-0.5156539781	-175.1718840082
0.9300688276	0.4800992520	-175.2614834495
1.0334130820	0.1574244092	-174.3206322865
1.0345416355	0.1022071154	-173.3221585628
0.6905448917	-0.8334236501	-173.2430301166
-0.0836150450	-1.0430868530	-172.6457716016
-0.2091998191	-1.0500127171	-171.6537128852
0.6827875153	-0.7891269826	-172.0228974309
0.8687019659	-0.7975764033	-171.0403678261
0.8106657570	-0.6422286025	-170.0542142583
0.3289537801	-0.9649958599	-169.2394904592
1.0296592676	-0.3438872968	-168.8884406441
0.9999069788	0.4574126618	-169.4859631772
0.3991520691	1.1207981723	-169.9320721360
-0.4185785968	0.9879052508	-170.4921221600
0.4589698503	0.9470562653	-170.9698669490
1.0601556618	0.2083973245	-170.6649758383
1.0349148451	0.1479788754	-171.6628297916
0.5015354880	0.9230414305	-172.0016284001
-0.4352635600	0.9717893323	-171.6551732288
-1.0398456526	0.2060274230	-171.4358807492
-0.9000816202	-0.5618806421	-170.8107541870
-0.0720613023	-1.0481042716	-170.5315250064
-0.6929792314	-0.7929455291	-169.7903401837
-0.7651251798	-0.7600005177	-168.7934903513
-1.4870966889	-0.1045162438	-169.0150699232
-1.6599069094	-0.3228233078	-169.9755274462
-0.9632250708	0.3650697258	-169.7719651951
-0.4770565102	1.1588137939	-169.4064375148
-0.8493053733	0.6834168870	-168.6092997822
-1.0538283056	-0.0857673075	-168.0038858369
-0.7460071248	-0.7261017080	-167.3001685810
-0.1096311514	-1.0351132813	-168.0069482271
0.4809869088	-0.9403381329	-167.2055819075
0.5547356590	-0.9198811510	-166.2085148918
1.0446254755	-0.1898827927	-166.6850758685
1.0790723054	-0.1588856515	-167.6840015880
1.1678679797	0.5638184096	-168.3694315029
0.3020143240	0.9995855978	-168.6152045781
-0.2407912859	1.0337520513	-167.7760414692
-0.2661893212	1.0289217916	-166.7763757209
-0.9980849367	0.4288704130	-167.0992799654
-0.9321635586	0.5508624976	-166.1089404765
-0.5258975865	0.9477557639	-165.2858829481
-0.6808307673	0.7999491242	-164.3090774880
-0.7381048962	0.7728171945	-163.3110877423
-1.0325047018	0.3094892428	-162.4752313171
-0.3510708059	1.0330014048	-162.3648773553
0.4385848537	1.0285041199	-161.7513435635
1.0006496567	0.2827171587	-161.3937334885
0.9274745685	-0.6270140074	-161.8024321696
0.1326738097	-1.0647864239	-162.2227261919
-0.8010115060	-0.7183134226	-162.1322375703
-0.8736964077	-0.5730462187	-163.1189565498
-0.0180379882	-1.0631366714	-163.2852695601
0.6860009629	-0.8299428341	-163.9560525276
-0.2083287262	-1.0287120874	-164.3568831540
-1.0870912343	-0.9631030451	-164.8296113084
-1.0175849340	-0.2537292549	-164.1282143452
-1.1035246093	0.0896941209	-165.0634548262
-0.9723986681	-0.4699212397	-165.8817681131
-0.2231977984	-0.9970765794	-165.4807627456
0.6686356709	-0.8223101041	-165.0635221170
1.0885922870	-0.0522644360	-164.5832449996
1.0761614111	0.1460113253	-163.6031775550
0.9063320726	-0.5537034413	-162.9092343001
0.9964323937	0.3591634508	-162.5110434296
0.4603502818	0.9676719531	-163.0961360478
0.4966179405	0.9453880883	-164.0952296802
0.6468008721	0.8382846380	-165.0780694118
1.0541196226	0.1063565439	-165.6243044350
0.7009259485	0.7912658710	-166.2616061236
0.7168285204	0.7839147956	-167.2614526467
