-0.2823540708	-0.9859242611	129.6754703066
0.6384487019	-0.8422633437	129.3128633644
0.7513556031	-0.7270076911	130.2997616197
0.3589267412	-1.6466304156	130.3168973394
-0.2671023797	-1.0157658667	130.7752612350
0.5241981670	-0.9245845717	131.3798515229
1.0579033909	-0.1021377296	131.1830269159
0.7447801178	0.7295314303	131.6415901333
-0.0598462818	1.1153735056	132.0929239899
-0.3418310474	1.8124775095	132.7521133403
0.6563732330	1.7746239470	132.7985387907
0.7062813383	0.7764491516	132.7645349842
1.0574628661	-0.0904023003	132.4106422111
1.0672858480	0.0260763745	133.4037868266
1.0148389663	-0.3159689958	134.3420055054
0.3195580769	-1.0286007246	134.2485148442
0.6112924653	-0.9121693130	133.2991283196
-0.2705800068	-1.0381162641	132.8447734930
-0.7011779887	-0.8121368581	133.7185690561
-0.6375161822	-0.8630815489	134.7152394192
-0.8807950748	-0.5764960118	135.6418915170
-0.9833228212	0.4021977826	135.8197861998
-1.0288011399	0.2065962663	134.8401578165
-1.5681680078	-0.4367895011	134.2968916422
-1.0410581091	0.1532869424	133.6853649089
-0.8735126594	1.0592996018	134.0740416169
-0.1055602442	1.0465446622	134.7144215038
0.7078136657	0.7867412832	134.1939168575
0.0461464647	1.1186066336	133.5215613679
-0.6606475706	0.7863007139	132.8970495846
-1.0102347826	0.3561142207	132.0647465375
-1.0658869951	-0.3332182794	132.7870508609
-0.7624498160	-0.7256840560	131.9187787304
-1.0345239172	-0.1657543519	131.1361840653
-1.0174657273	-0.2251443561	130.1380949682
-0.9161128130	0.4627342557	129.4193804198
-1.0052219992	-0.4773442970	129.0902727359
-0.9577333696	-0.4608819972	128.0915366232
-0.2590152168	-1.0165611248	128.5421069840
-0.1260068901	-1.0379934419	127.5512238219
-0.1026504449	-1.0798052936	126.5523713576
-0.8637901154	-0.5805396436	126.1383662699
-1.0334721841	-0.2368600588	127.0619962492
-0.7792875839	0.6846099828	126.7682563108
-0.4944131539	1.1887280746	125.9529578939
-0.9815860193	0.3777017616	125.6290768682
-0.9863854800	-0.3471838047	124.9402242854
-1.0266941911	0.1168473638	124.0553230014
-0.9322270677	0.5404998762	123.1544375973
-1.0948231982	-0.0990723981	122.4030989225
-0.7738724004	-0.7234592172	121.6909671331
-0.5457676546	-0.9723646058	122.6322504764
-0.7311357470	-0.8026042440	123.6001451452
0.2084369655	-1.0414899945	123.3549172591
0.4981302351	-0.9406355062	122.4031262201
0.9837807022	-0.3841588332	121.7289768775
0.9009801161	-0.5406707666	120.7447776713
0.1744340479	-1.0488636626	121.2072393358
-0.6163838878	-0.8525043057	120.6275411423
0.2140253152	-1.0469506431	120.1054193392
-0.5737056270	-0.8910049253	119.5094655694
0.2556557897	-1.0428145100	118.9717728221
0.9454997362	-0.5392700649	119.4919250319
1.0411706600	0.2865795130	120.0476403807
0.5921548655	0.8478866731	119.3524288386
-0.3720625801	1.0036771170	119.5669377083
-1.0265354195	0.2476007272	119.5706519033
-0.8520639440	0.6262511366	120.4795983107
-1.0414503807	0.2779572260	121.3976528459
-0.6289553214	0.8540381450	122.1033288345
-0.1747628698	1.0775882411	121.2409283640
0.3899176659	1.0230396561	120.4174234493
0.8441572313	0.6329540402	121.2183601694
0.8213567675	0.6636463408	122.2176289628
1.0583398281	-0.1104240645	122.8047013916
0.8651740184	0.6818290098	123.3835122729
0.0172744159	1.0583244086	123.0102597060
-0.3684976437	1.0083844771	123.9315012169
-0.2652373278	1.0047040203	124.9261487732
0.4678692191	0.9668260784	125.6052069832
1.0832634710	0.2133583733	125.3737413656
0.9888509290	0.3443660248	124.3868658582
0.9380878667	-0.5102137131	123.8700326326
0.8324263619	-0.6843285622	124.8490728083
-0.0120634931	-1.0546789583	124.4621910836
-0.0841859537	-1.0518958707	125.4595829850
0.7299091268	-0.7489311705	125.9550237892
0.8134380478	-0.6675036937	126.9481967275
0.9451659591	-0.4774348165	127.9210901334
0.9593605897	0.3998812144	127.4413870018
1.0244018473	0.2969163337	126.4488307726
0.3274519320	0.9784201350	126.6720198952
0.0033147329	1.0672572053	127.6138495247
-0.8475244334	0.6069747401	127.8672519029
-0.3585109013	1.0075955215	128.6420865658
0.3304447626	1.0058531255	129.3668879573
-0.2358733929	1.0150012339	130.1910239041
0.6948015189	0.7803037156	130.4716683113
1.0328838372	0.1934869894	129.7359057981
0.9864785557	0.3674314635	128.7522443371
