-1.1447800911	0.1494171039	-16.4054563584
-0.7372124554	-0.7376215639	-16.1885438783
-1.4997242300	-0.7325431209	-15.5415894726
-1.0452530208	0.1079503293	-15.2465866249
-0.6164548037	0.8279155782	-15.7922807970
-0.2739444105	1.0099279782	-16.7139955668
0.6275947841	0.8472832897	-16.3130295009
0.5710489778	0.8809458611	-15.3151971487
0.4247390987	1.1379604171	-14.3599291563
-0.5261012475	0.9022081837	-14.5607363286
-1.0395097071	0.1614688085	-14.1274732081
-1.0594900491	-0.7486143186	-14.5414170300
-0.3180040302	-0.9777508019	-13.9107864284
0.6559486105	-0.7971308340	-13.7737000293
1.0430832429	-0.2915839138	-13.0026299366
0.8630096231	0.5955896679	-12.5777811079
0.8846200075	0.6328805943	-13.5768518652
1.0255018402	0.2213887969	-14.4773110869
0.8000823332	-0.6748032003	-14.8594445059
0.3240401058	-1.5270376238	-14.6424645871
-0.2852990475	-0.9826001504	-15.2189137468
0.4376930217	-0.9607162290	-15.9094233860
1.0280157178	-0.1608394709	-15.8011815906
0.9499574755	-0.4436822053	-16.7571663699
0.9658365185	0.4153913728	-17.2687721198
0.7021148169	0.7852570031	-18.1596426377
1.0883330577	-0.0435159928	-18.5645757084
1.0053352524	0.3484983879	-19.4807831574
0.9021383862	-0.5405389756	-19.9268358147
1.0585458237	-0.0302870431	-20.7725187806
0.6497395192	0.8177796882	-20.4353834597
-0.2165970363	1.0513348960	-19.9938940061
0.1943571127	1.0508191280	-19.0822381383
-0.7447725523	0.7331668659	-18.9513469138
-0.4256593830	0.9567203077	-18.0303742520
-0.9889806567	0.4435577518	-17.3828147304
-0.9018379615	-0.5464580070	-17.2720223654
-1.0213267245	-0.2229375925	-18.2106687189
-1.0062367372	-0.2907969511	-19.2082494925
-0.9969773601	0.3038107769	-20.0122121245
-1.0302918543	0.1251956102	-20.9955669774
-0.4738487804	0.9492999344	-21.1015064336
0.4216082114	0.9373282589	-21.5464934612
0.7269025432	0.7766333122	-22.4850948170
0.7353922550	0.7640385592	-23.4849794588
-0.2071039666	1.0390269294	-23.2950261261
-0.3107069261	1.0175992336	-22.3006382337
-0.9209318449	1.6609188417	-21.8382904962
-1.1472777363	1.4429097524	-22.7876268825
-1.1437029664	1.3383830008	-23.7821425331
-0.9938872826	0.3609869901	-23.9313145790
-1.0630635258	0.3073544557	-24.9274763122
-0.9567594526	-0.4720580773	-25.5449028645
-1.0317739733	-0.2108063008	-26.5072543236
-0.9921771154	0.3227818897	-27.3520713049
-0.3652772477	0.9843237615	-27.7636036944
0.5736785455	0.8742482931	-28.0895567732
0.4611393702	0.9611537272	-27.0997172006
-0.3692140886	0.9782017879	-26.5427409918
0.4536839563	0.9951706600	-25.9748053748
-0.4360190308	0.9546852911	-25.5200642071
-0.3697932255	1.0147490772	-24.5240689841
0.5791206327	0.8933709298	-24.8153246021
1.0952287846	0.1824533569	-24.3375918524
0.9813243958	-0.4213955523	-23.5486734251
1.0611256117	-1.2840400189	-24.0481494407
0.8335785679	-0.7427676718	-24.8576224725
0.7405155802	-0.7687854180	-25.8529427009
1.0427367903	0.1002149006	-25.4611509367
1.0540873870	0.2952757659	-26.4418763941
1.0393415015	0.0635430593	-27.4145441234
0.9021720390	-0.5796216476	-28.1678858110
0.0487132723	-1.0441438067	-28.4041638196
-0.0826041520	-1.0471031565	-29.3954997749
-0.7742751478	-0.7563877132	-30.0566168331
-0.9508110911	-0.4693855378	-29.1150942300
-0.9060107013	-0.5301260072	-28.1179465376
-0.5835213184	-0.8860811216	-27.2408510158
0.3804467402	-0.9659759792	-26.9871141566
-0.2706016729	-1.0176205658	-26.2298369283
-0.1100138189	-1.0518149275	-25.2434078701
0.0160081857	-1.1034142644	-24.2527232772
-0.8619523888	-0.6285471649	-24.3134395627
-0.8803203172	-0.5749602647	-23.3150453203
-0.9921811092	0.3170651544	-22.8771208806
-1.1923024223	0.5766338977	-21.9323587266
-0.9983080379	-0.3983195953	-22.0411331043
-0.2412707327	-1.0215469251	-22.2373019447
0.1205497764	-1.0647408625	-23.1685485302
0.8082953570	-0.7046907230	-22.5381756934
1.0560972421	-0.0329588443	-21.8400564279
0.6100596126	-0.8538165621	-21.4833450037
0.2284746264	-1.0347681382	-20.5768962046
-0.5484872554	-0.8907009732	-21.1897378531
-0.7975824446	-0.7200386474	-20.2364142159
-0.1812908775	-1.0439943455	-19.5186138189
0.5059476379	-0.9391071478	-18.7997940232
0.7281652276	-0.7638671913	-17.8406744788
-0.2282475851	-1.0250354297	-17.9713101670
0.0308886187	-1.0782529789	-17.0069366292
