1.7559239134	0.0728386989	129.7281009470
0.9396384583	0.6243704792	129.8998296608
1.3371166468	0.7066212329	130.8137475472
0.6796468601	0.8209443166	131.5585050327
0.0482126873	1.0681339656	130.8235300925
-0.0497549715	1.0494851587	129.8285152384
-0.1687822631	1.0525766523	128.8356290684
0.0212262043	1.0469347457	127.8538628278
0.8454276504	1.4345360776	127.4409982206
0.8658424780	1.3453670470	128.4368054905
0.9365693604	0.4862910461	127.9298674936
1.0133224449	0.3059725726	128.9104765962
1.7352454789	-0.3436091194	128.6720006890
1.5950318858	-0.3197156935	127.6821677473
1.0878815509	0.1453479423	126.9565546600
1.0598637708	0.1313441679	125.9570453312
0.7743698892	-0.7223661173	126.3925588126
0.6942484192	-0.8246380691	127.3840833952
0.7543321562	-0.7150267249	128.3762402869
-0.1585882007	-1.0498768032	128.1428910913
-0.3021146250	-1.0135571987	127.1539112877
-0.6520723147	-0.8446440061	126.2325004408
-1.0517254634	0.0641741327	126.1128051970
-0.9693941662	-0.4510367058	125.2597053497
-0.6136386034	-0.8654135044	124.4220121790
-0.0704622659	-1.0661033237	125.2372931508
0.8306811566	-0.7131723821	124.9855387415
0.4379263493	-1.0132193169	124.1162197562
-0.1531117974	-1.0475495394	123.3103070159
0.1632519159	-1.0639890047	122.3618114994
-0.2826352389	-1.0273731681	121.4674715608
-0.5378391796	-0.9834393177	120.5015829723
0.4442263224	-0.9768102740	120.3131594986
1.0725880887	-0.1996109666	120.2796523753
1.0256036277	0.3328257679	119.4344875487
0.3225808112	1.0177259715	119.2429917766
0.4721404439	0.9681213203	120.2304993942
0.3396250164	1.0607918140	121.2173387130
1.0047785646	0.3141412026	121.2081942203
0.7917985754	-0.6599075288	121.2848009631
1.0282839469	-0.3190593144	122.1946895079
0.8270304910	-0.7009638700	123.0967127653
1.0355860567	0.2767186214	123.0713844794
0.7644994139	0.7370595110	122.2260453182
0.6147296619	1.7238411552	122.1641501812
1.1080400613	1.4176041607	122.9783146321
0.2176368291	1.0252083846	123.2089824432
0.7951604733	0.7441151188	123.9754372797
1.1197353815	-0.1945412518	124.0919505706
0.9764829987	0.3570692626	124.9136589102
0.5016680583	0.9748710005	125.5404537610
-0.1650937558	1.5354518739	125.0493552294
-0.2221879353	1.0200566322	124.1943066931
-0.8315585117	0.7120297918	123.4636994346
-0.9597851634	0.4223593853	122.5152011576
-0.2485060621	1.0283907756	122.1591000566
-0.6979412569	0.7956945034	121.2966266074
-0.6875510648	0.7705957108	120.2969956282
-1.0534067226	-0.0904564452	120.6501794647
-1.0332551043	-0.2234524235	121.6410911570
-0.8234634629	-0.6773707278	122.5070851755
-1.0228755324	-0.3539214246	123.4320799727
-1.0583219479	0.0833062989	124.3307320018
-0.8118087028	0.6889512971	125.0873199717
-0.4742397075	0.9756917130	125.9838840281
0.2732573094	1.0284450581	126.6460511477
-0.6325983941	0.8638144422	127.0363359216
-0.9616337653	0.4263706707	127.8732222169
-1.0404522733	-0.2331815995	127.1257073704
-1.1952527153	-0.8082033141	127.9290670973
-0.9905567799	-0.3286815278	128.7823890943
-0.9523354632	-0.4221341019	129.7772789110
-0.9301683767	0.5355508422	129.4903152060
-0.8907856280	0.5596490965	130.4892487739
-1.1285924482	-0.3562752858	130.8125604533
-0.5132794410	-0.8970513415	131.3861030942
-0.3290571813	-1.0422574491	130.4140036418
-0.0577828198	-1.0519161687	129.4515500429
0.8566663738	-0.6483755995	129.4821716237
1.0601828944	-0.2890836258	130.3929352064
1.0937035378	-0.1544230289	131.3832598451
0.5361924326	-0.9244611052	131.0730619589
0.6527376515	-0.8311777856	132.0618568994
-0.1502588082	-1.0365855263	132.6213248125
-0.1565803263	-1.0540425265	133.6211524434
-0.2752289928	-1.0421408139	134.6140174106
0.5602066382	-0.8778197438	135.1384655895
1.0524199727	-0.0939582033	134.7599327394
0.7748955910	-0.7664735973	134.0738545643
0.8228225221	-0.6099097295	133.0873502488
1.0044524105	0.3264484390	133.3877565802
1.0863610666	0.2145603730	132.3974172279
0.4653374122	0.9616496709	132.6344556251
-0.1441808309	1.0602623794	133.4210705532
-0.9330156271	0.5695539424	133.7911312158
-0.9871593077	-0.3056945555	133.3104977496
-0.9799768529	-0.3932436159	132.3143634342
-1.0168102256	0.3307864781	131.6255791968
-0.3423947681	1.0301676291	131.8622853360
-0.8080560892	0.6439381289	132.6585179071
