-0.0894064414	1.0060425782	-256.4293147271
-0.1274660241	1.0372085264	-257.4281040702
-0.1644878658	1.0966500785	-258.4256490993
0.6412046537	0.8230681490	-258.9510180095
1.0654734741	-0.0489478707	-258.7069196084
0.6543497591	-0.8719427393	-259.0989103445
0.6261931322	-0.8514833816	-258.0995162185
1.0649191551	-0.1564135740	-257.5299572318
0.7986409120	0.7413452905	-257.8808488368
0.8079541958	0.7562026604	-256.8810025879
1.0129331304	0.1908661945	-256.0820167828
1.0522303706	0.1443222988	-255.0838738108
0.7761196087	-0.7144468855	-254.6522740710
0.6383054448	-0.8309402290	-255.6358575993
0.8339410281	-0.6922680238	-256.6066803112
0.0156323534	-1.1008501905	-257.0109469632
-0.4768992800	-0.9070615242	-256.1625021843
-0.8700572385	-0.5989652284	-257.0288182306
-0.9343010294	-0.5644117279	-258.0261540773
-0.3228572472	-1.0357057413	-258.6617785373
-0.9722042515	-0.3997747856	-259.0788400286
-0.8942041107	0.5963358718	-259.0378578818
-0.9535753819	0.4929564537	-258.0449894373
-0.9624968085	0.4798638442	-257.0451149493
-1.0855376260	0.0972830394	-256.1294223780
-1.0225134051	-0.2086353787	-255.1794529738
-1.0258353482	-0.2247622941	-254.1795885393
-1.0409867032	0.3071641341	-253.3329335261
-0.3361793692	0.9922176862	-253.5171840425
-0.6566048080	0.8267803061	-254.4498994393
-0.5641190475	0.8838874209	-255.4439744674
0.4272303180	0.9995443646	-255.5060220848
0.4946808121	0.9432726667	-254.5098875925
1.0191878974	0.2565687619	-254.0065685439
0.9972314195	0.3374455266	-253.0100863002
0.8875843718	-0.6131935105	-253.3003671058
0.0298244274	-1.0968429933	-253.4745252397
0.1886394203	-1.0280555682	-252.4896160621
0.9426170883	-0.4436683530	-252.1896006310
0.7645161611	-0.7429095324	-251.2521920882
1.0267359939	-0.2034623797	-250.4520436465
0.8890810088	-0.5588221676	-249.5275056396
1.0263484805	0.4314985021	-249.5480631819
0.5096123263	0.9076498128	-250.2595852660
-0.0633804390	1.0448255860	-251.0675840891
0.8289034834	0.6473682546	-251.2817267318
0.5660541648	0.9027039051	-252.2121642317
-0.4281947244	0.9995403528	-252.1664274987
-1.1640869719	0.3303074594	-252.2693349052
-0.8359809380	-0.6101259397	-252.1802762037
-0.2566563379	-1.0775118440	-251.5124937360
-0.9505281812	-0.4750738512	-251.1180189842
-0.9525360093	0.5241031322	-251.1585322474
-0.7774623573	0.7084251758	-250.1913845851
-0.9035892327	0.5418349251	-249.2134583611
-1.0261045648	-0.2749724091	-249.7772098774
-0.9351549647	-1.1433197661	-250.2647558116
0.0459196594	-1.0300216257	-250.4217784640
-0.2085239333	-1.0109057579	-249.4548797921
-0.8271600031	-0.5817965235	-248.7967349159
-1.1183778081	-1.4763757472	-249.1357337397
-0.3548333994	-1.5283390335	-248.4920725300
0.4580013408	-0.9649212556	-248.6399241195
0.8717950092	-0.6209525549	-247.7970360291
1.0401731258	-0.0094838869	-248.5701821201
0.5969509405	0.8801746086	-248.6800086007
0.6338616808	0.8341409809	-247.6817508672
0.3144908549	1.0055826288	-246.7497583582
0.1585359101	1.0375696296	-245.7625122455
0.6552754786	0.8507449111	-244.9149591052
1.0712371958	-0.0549928642	-244.9962913388
1.0449960189	0.1486529604	-245.9749842317
1.0760187159	0.1069557910	-246.9736327877
0.6662358956	-0.7772076577	-246.7492825345
-0.3062856983	-0.9857063035	-246.6456965115
-0.0221345705	-1.0703442116	-247.6007329302
-0.9093540370	-0.6198405351	-247.7001716338
-1.0472417931	0.2742156201	-248.1263764648
-0.3558908172	0.9937323296	-248.1921756518
-0.6861841571	0.8032293454	-247.2677218008
-1.0532756566	-0.0266269641	-246.8475047896
-0.8618366034	0.5601277709	-246.0606947935
-0.9573336875	-0.4136233673	-245.8540815608
-0.2469006773	-1.0427429447	-245.5386556656
0.7259102615	-0.8351994199	-245.6414397233
0.4287646070	-0.9571551095	-244.6944279653
-0.2164112104	-1.0539533424	-243.9365504906
-0.7834056314	-0.6942540253	-244.6775860686
-1.0947978373	0.2053518523	-244.9837627481
-0.4505346625	0.9649531403	-244.8947074577
0.0574716806	1.0500116112	-244.0375641722
-0.8431626526	0.6179280784	-243.9910709631
-1.0393953717	-0.3296096046	-243.7387516034
-1.0266105368	0.2562594255	-242.9284467055
-0.3582303726	0.9905861876	-243.0469041352
0.6249589764	0.8362224136	-243.1444260768
1.0214125349	0.2966067984	-242.4017016569
0.3686417845	1.0028230734	-242.1275686227
-0.1499788991	1.0341731863	-241.2731391306
-0.7751994363	0.7943519011	-242.0158268382
