0.9409086211	0.4945658583	-171.8951462720
0.6264682863	0.8637639093	-172.7696861939
-0.3566190948	0.9649510828	-172.9223307388
-0.1117205026	1.0367297591	-171.9554426888
0.3829918380	0.9540842437	-171.0903245357
1.0159654401	0.4438220088	-170.5081073334
0.9645066456	-0.4191952319	-171.0106540822
0.7797761275	-0.7065288194	-171.9505019663
0.5724673886	-0.8794006139	-172.9133822441
1.1313722208	-0.0592999839	-172.7906616460
1.0183199837	0.3960552426	-173.6737645898
0.3318219620	1.0297580737	-174.0303332201
0.2367679361	1.0284384347	-175.0258044606
0.8716067880	0.5952023515	-175.6655592014
1.0013889448	0.3448278116	-174.7061483501
0.9237588985	-0.5398857618	-174.2465229929
0.0802613832	-1.0667456888	-174.1419736784
0.4157942130	-1.0060546856	-175.0820451237
-0.5720117440	-0.8718967152	-175.0030449323
-1.0887500168	-0.0949307766	-175.3626356549
-1.0587535192	0.1230518802	-176.3381272087
-0.6386891126	0.8586111726	-175.8066214028
-0.7895449353	0.7879107932	-174.8205970739
-0.8442760539	0.6375893467	-173.8334760239
-0.9929895294	-0.2712230346	-174.2232764315
-1.0513434487	-0.1485001028	-173.2325525032
-1.0239697357	0.2372433983	-172.3103526164
-0.8582602093	-0.6841742563	-171.9588844690
-0.1208872215	-1.0229274482	-171.3744810537
-0.8303423354	-0.6778759697	-170.7599788824
-1.0309888521	0.2520863679	-171.0680552139
-0.6448902345	0.8172918507	-170.3390348989
-1.0706061590	0.0071300399	-169.9360413606
-0.8196792800	0.7015066772	-169.2615958202
-1.0705309820	-0.1441983185	-168.7905793832
-0.8854007366	0.5550497524	-168.1000875819
-0.7007428196	0.7574122735	-167.1383439239
-1.0188472886	-0.1826237854	-167.2613957616
-0.7273559418	-0.7881246273	-168.0019371347
0.2235237333	-1.0236822404	-168.2027864672
-0.3765968764	-1.0016991786	-169.0023938700
-0.0521042204	-1.0678094515	-169.9459689587
0.8003241716	-0.6718757551	-169.6044981039
1.0046909903	-0.3052901803	-168.6968367025
1.0216817225	0.3917258773	-169.4136908930
0.4030171590	0.9997050988	-169.9113006037
0.1420827664	1.0551683906	-168.9475386694
0.0612744153	1.0541537779	-167.9508095281
0.8923125651	0.6483816776	-168.3312363887
1.0562724962	0.0533699511	-167.5444211713
1.0195206090	0.2888523813	-166.5732377057
0.4346554424	0.9997790022	-166.9637707728
0.2710250124	0.9987654643	-165.9772495844
0.4225363009	0.9554979204	-164.9897414836
0.2797030196	1.0146881160	-164.0017661932
1.0333596662	0.3846240491	-164.1889049935
0.9340665591	-0.4499210439	-164.7308232223
1.0229423312	0.1779395600	-165.5040580892
0.7754638876	-0.7254626504	-165.8542278570
0.6691851261	-0.8099291588	-166.8449701210
-0.2952797383	-1.0014473719	-167.0269819320
-0.2785489631	-1.0297536670	-166.0275226608
0.0803056929	-1.0777449453	-165.0953637831
0.1258969841	-1.0543151976	-164.0966784067
0.8877733617	-0.5707192960	-163.6657730931
1.0372300068	-0.0729043448	-162.8114646093
0.5033198487	-0.9109849892	-162.6993897392
-0.4759256818	-0.9495580469	-162.5004165995
-0.7553163925	-0.7661654183	-163.4429175143
-1.0366978696	-0.2323884776	-164.2403550617
-0.8761835256	-0.5694200326	-165.1680645401
-1.0222898403	-0.3100037917	-166.1227142972
-0.9225568339	0.4964353767	-165.5398685243
-0.5922976836	0.8444506614	-164.6624779298
-0.7960585717	0.6982834232	-163.6944300802
-0.1140744183	1.0710898145	-163.0652138938
-0.0117256948	1.0694041694	-162.0704667413
-0.8639644742	0.6035882768	-162.3085940541
-1.0748415147	0.0298914276	-161.5171379283
-0.6278089381	0.8716380249	-161.2144424685
-0.7401977079	0.7907959505	-160.2240721724
-0.9984655849	0.3685448873	-159.3551638094
-1.0314869362	-0.1349085605	-158.4917726951
-0.9388440020	-0.4745997091	-157.5558094424
-0.2285271684	-1.0234849325	-157.1151565093
-0.1768512069	-1.0473128500	-158.1135361092
0.0383158315	-1.0881498209	-159.0892591679
0.8351623313	-0.6539026266	-158.6691817584
0.9124310423	-0.5107217385	-159.6558573786
0.7550597816	-0.7569553272	-160.6122063244
-0.0904238555	-1.0700723216	-160.1796382173
-0.8000548653	-0.6797916642	-159.5930337182
-1.0339171403	-0.2541719006	-160.4671940314
-0.6271450398	-0.8829297974	-161.1299156664
0.2073295204	-1.0578071028	-161.6524767982
0.9758206517	-0.4224054288	-161.7278829902
0.8781064241	0.5721537696	-161.7639929692
1.0466015696	0.2735037052	-160.8246221559
0.3513992030	0.9909964240	-160.8681866824
0.6387580767	0.8350638760	-159.9231417532
