-1.0571948289	-0.2006702631	72.0039470002
-1.0536476331	0.1036529293	71.0513847650
-0.7052510209	-0.8328935385	71.0126482950
-0.3510874641	-1.0153574222	70.0954377924
-0.1418821330	-1.1157738455	69.1227355402
0.7219404490	-0.8001019232	69.5153699556
1.0895190381	-0.2901525883	68.7376568616
0.5488105886	-1.0536594683	68.3845398600
0.3693818262	-0.9988523452	67.4022967645
1.0409499962	-0.2626627171	67.4860883190
0.8841088697	-0.6200534763	66.5653968906
0.9547474415	0.3749414848	66.4947200232
0.5972352986	0.8818856413	67.2790622253
0.8834397561	0.5916016245	68.1922008775
0.7689547499	0.7729008484	69.1689422838
0.4862697142	0.9042915811	70.1191136609
1.0389871178	0.0886270096	69.9482488647
1.0581174069	-0.1300971740	70.9238480466
0.5535326552	-0.9211504957	70.5779739791
0.5662499707	-0.8984411617	71.5776351997
-0.3086967539	-0.9960356636	72.0519173334
0.3804053326	-1.0393297012	72.7752871839
0.9985605404	-0.2878384406	73.0058192302
1.0904454187	0.0778196128	72.0796165757
0.6547493904	0.8023396170	72.6136949729
0.4289935794	0.9438850467	71.6498489244
-0.4016129026	0.9734596135	71.0937749933
-0.5737312986	0.8891406623	70.1123140556
-0.2740863786	1.0315113078	69.1689458765
-0.0305177619	1.1003434413	68.2015077822
-0.8655336233	0.5799283554	68.3801600968
-1.1561022026	0.4387967084	69.3265488959
-1.0313198017	-0.2363771351	70.0535768413
-0.9872286668	-0.5560500218	69.1070752738
-0.9370482639	-0.4508869167	68.1138871504
-1.0526387400	0.0386627408	67.2496071178
-0.6785651771	-0.8876307840	67.2043381932
-0.1229901634	-1.0948276481	66.3991016666
0.4581310542	-0.9697662409	65.5949513232
-0.2323474888	-1.0262809213	64.8738095392
-0.9351506088	-1.4662996581	64.3148361179
-0.9413085009	-0.4665630252	64.2927285384
-1.0000470646	-0.3678251719	65.2861069243
-0.9969063879	-0.4242351232	66.2845096755
-0.8810605974	0.5646417215	66.1912233480
-0.3936096303	0.9567114754	66.9713982404
0.1223241408	1.0490358603	66.1197594954
0.7950917471	0.6813752651	65.4777241112
1.0451587681	-0.2028235721	65.0831877995
0.6976219320	-0.7739026193	64.3394896958
-0.1052647258	-1.0104064957	63.7922795614
-0.8617872984	-0.6685036253	63.2348066702
-0.5981039010	-0.9075002784	62.3002738106
0.2536362420	-1.0358289305	62.8082801943
0.9833905522	-0.3832815130	62.6042201184
1.1101385517	-0.0202594985	61.6811004286
0.6196046948	0.8390758582	61.5364654401
0.7958627958	0.7022887834	62.5112589454
1.0816903667	0.2988796570	63.3804906041
0.8562650397	0.6077507331	64.3044938943
0.3019302181	0.9976899304	63.5691978125
0.4773710676	1.7101838854	64.2485893583
-0.4946741750	1.4979556432	64.1481542065
-0.0667276791	1.0968608817	64.9580830855
-0.8755846426	0.6252990849	64.6068283569
-0.9202806542	0.5168740389	63.6137290286
-0.9986821989	0.2634089177	62.6495668897
-0.3420576254	1.0145717185	62.7173799865
-0.4987236397	0.9055742339	61.7357612681
-0.1367087354	1.0815501529	60.8203500572
-0.9182506260	0.4644751748	60.9120601694
-1.0391099154	-0.3067186015	61.5370827222
-0.7644746303	-0.7775498667	60.6986953536
-0.0423000272	-1.0620249530	61.3292013154
0.8401679929	-1.0594028634	61.7995664057
0.8341866194	-0.6753758488	60.8762639226
0.1877612097	-1.0804329397	60.2296860518
-0.5753851983	-0.9062615125	59.6073743342
-1.0569184201	-0.0998300414	59.9505856957
-0.6942310676	0.8225839620	59.8178819255
-1.0659476846	0.3791980338	59.0022621149
-0.8281438886	0.7353241236	58.0985898498
-0.1141514270	1.0411897676	58.7284001169
0.7508346130	1.4937392910	58.9451905215
0.9302740741	0.5461599613	59.2095669456
0.3512356586	1.0081575896	59.8813352872
0.9463886771	0.3697825354	60.3694645476
1.0030155451	-0.4047251172	59.7394397117
0.4313314376	-0.9429442083	59.1201679691
-0.4006286819	-1.0291969687	58.5720778116
-0.5089405481	-0.8965417358	57.5868513763
-1.0281943721	-0.2822665522	58.1810243016
-1.0845945676	0.0873801382	57.2535652231
-0.5923920853	0.8972465566	56.9344208972
0.1033821242	1.0692750735	57.6317762146
0.8432955617	0.6096424845	58.1229645575
1.0251118830	-0.2969336084	58.5038354188
0.5385146460	-0.9281592173	57.8998674067
1.0403312228	-0.2269903112	57.3933673688
0.8419780105	0.6324436595	56.9221675670
