0.1669714444	1.0981443013	225.6398394458
0.2899832709	1.0640556019	226.6316590116
0.9572218367	0.6013134041	227.2153218892
0.9968734920	0.2837673872	228.1627353540
0.3410821805	1.0312214331	228.0566683700
0.3785764146	0.9626972729	229.0536130133
0.7785981571	0.7464325221	229.9442376049
1.0804817513	0.0969889894	229.2463197061
0.6812519478	-0.7860134537	228.9994953772
0.5781051680	-0.9183400210	228.0136706355
1.0043722577	-0.4425374731	227.2443148636
0.8935488844	-0.5935240302	226.2620108172
0.9974097158	0.3915060434	226.1244292709
1.0611121248	-0.1376051226	225.2782712613
0.7589449568	0.6974566263	224.8185247246
1.1033157095	0.1833890735	224.0329400151
0.7676210069	-0.7557304292	223.9597032326
-0.1776351361	-1.0458304126	223.8102615262
0.3608172759	-1.0116078951	222.9683008269
1.0942002181	-0.3375261228	223.0564099889
0.9895027122	0.3437071537	222.3318689927
0.7783342997	0.7277503231	223.2307119966
-0.0701375385	1.0475125252	223.6524318964
-0.2991475113	1.0320148973	222.6791311947
-0.9639777554	0.3227225346	222.4448128412
-1.0480195904	-0.4353557642	221.7980870393
-0.5731650292	-0.8817606246	221.0396439983
-0.1454989583	-1.0664438966	221.9245133790
-0.6865108714	-0.8749603347	222.7434396000
-1.0299980271	-0.2997847020	223.4858610203
-0.9629261978	0.4343701303	224.1615222165
-0.5265936444	0.9492429146	224.8994381459
-1.0406376692	0.1845164289	225.2879637469
-0.8554340714	-0.6766728756	225.7613057048
-0.6359281959	-0.8272778017	224.7973890451
0.3407599510	-1.0214624106	224.8888909643
0.0631131076	-1.1240075713	225.8440855625
0.0781745588	-1.0294044763	226.8394866912
-0.4102235739	-0.9743128721	227.7103668087
-0.4798364108	-0.9400986619	228.7073539906
-1.0567046013	-0.1305620934	228.5983877799
-1.0485908650	-0.0278086511	227.6037140156
-1.5237765394	-0.9005623266	227.7155156114
-1.0104978078	-0.9689323435	226.8600213189
-1.0498216011	-0.0085988290	226.5839539717
-0.7303496819	0.8421973060	226.1667206682
-0.6008615163	0.8503453534	227.1582681579
-0.7225747296	0.8088180583	228.1499643702
-0.7423609511	0.7220886305	229.1459997670
-0.2677274518	1.0204075554	229.9740872385
-0.9863294607	0.3635402732	230.2024214812
-0.9073025632	-0.4788692929	229.6694103440
-0.0979645654	-1.0588735810	229.7619686021
0.7792819314	-0.6879948302	230.0667431679
0.2341913532	-1.0328771897	230.8308978771
-0.4335439182	-1.0047945920	231.5747668004
-0.8981997978	-0.6199402370	230.7772819798
-1.0824412171	-0.0528788806	231.5800873843
-0.9258140122	-0.5003864330	232.4605446003
-1.0584454472	0.2032858352	233.1585805889
-0.7204935647	0.7738921635	233.9070436430
-1.0608138766	-0.1093266369	234.2296992428
-0.6311056947	-0.8342035365	233.6912715701
0.2366852375	-1.0442557560	234.1416236136
-0.5485335767	-0.9728332436	234.7567091675
-1.0395567544	-0.2765651010	235.2802613737
-0.5604473682	-0.8914119629	235.9066937584
-0.5105508632	-0.9507511186	236.9036838303
-0.5364855835	-0.9337540992	237.9032029605
-0.8161978477	-0.6937237264	238.8327977482
-1.0277528544	0.0468400104	238.1949812927
-0.6031412815	0.8286110333	237.7383204997
-0.3110345066	0.9943502574	236.7964053540
-0.8701774532	0.6271688591	236.0530770376
-0.7148859947	0.7725231271	235.0759605146
0.0304354284	1.1243961144	235.6422478773
0.7285453783	0.8002481118	236.2806604165
0.7814567152	0.7209844995	237.2761088934
1.0160736723	0.1683192454	238.0758063364
0.4406897962	0.9520486656	238.3096900491
0.9592533633	0.5219152238	239.0486603118
0.1665242130	1.0549681348	239.3443545599
-0.6962145652	0.8408791428	238.8862631890
-1.0568195210	0.1265450293	239.4860055005
-0.7637609556	-0.7238972298	239.9228860805
-0.0000482454	-1.0600803617	239.3717746597
0.4612639901	-0.9540490713	240.2526539856
0.9686626597	-0.3783876654	240.8938719952
1.0418797585	-0.0038304689	239.9695635169
0.9237723454	-0.5521189516	239.1416562886
0.4774640511	-0.9694739303	238.3500606037
0.5767184428	-0.9050167844	237.3570883775
1.0485995862	-0.2029934994	236.8237109371
1.0296846414	-0.1844037789	235.8240626754
0.8839171516	0.5971961794	235.2175535295
0.2701268395	1.0197935462	234.5507155295
0.9748091167	0.4295556048	234.1569617223
0.9560930388	-0.3965833347	234.7201172613
0.3758729023	-0.9882913570	235.2797834204
0.4310228181	-0.9728144783	236.2781415490
