0.4282557370	-0.9550980745	-95.3469804188
-0.5006152471	-0.9552813278	-95.7173837951
-0.8058292349	-0.6601181184	-96.6227694044
-0.4410533570	-1.0602094271	-97.4635223429
0.5383353704	-0.8712314445	-97.5348318280
0.2629420952	-1.0349293882	-96.5875401479
0.9716511597	-0.3897770295	-96.3020407677
1.0558029112	0.1606022360	-97.1327038443
0.6590390207	0.8199648425	-97.7713112107
1.0513881920	0.0089559495	-98.2052774574
0.7593833914	0.7333801606	-98.8297314260
-0.1913904705	1.0409309419	-98.7917632736
-0.2629349558	1.0142724442	-99.7888443691
0.1638412808	1.0596150819	-100.6920642145
0.3444817641	1.0124249553	-101.6744806780
0.9782964265	0.3760168520	-102.1140983526
0.5499484542	0.8747584881	-102.8676066771
0.3466472835	1.0108911690	-103.8372130545
-0.1057474363	1.0517695696	-104.7280935032
0.8163043837	0.6773226424	-104.8261238045
1.0344513199	0.1013239322	-104.0383183716
1.0255002449	-0.2550870002	-103.1040319458
0.5448855523	-0.9274597374	-103.6669923525
-0.4443381620	-0.9501855476	-103.8116297631
-0.9934713757	-0.3125587210	-103.2713661759
-0.6644904528	-0.8300299215	-102.4814325653
0.3099193186	-1.0141332416	-102.6103959897
0.8339636518	-0.6733081016	-101.8298732413
-0.0414391283	-1.0500759060	-101.5270267551
0.3685831409	-0.9776145676	-100.6178342050
1.0168828445	-0.2200162328	-100.5419905677
0.8935378074	0.5878051888	-99.9656134753
1.0963576851	-0.1751759049	-99.3518350561
1.0196894666	-1.0701920991	-99.7912300907
0.0441799417	-1.0619100417	-99.5714288752
0.6293644306	-0.8854130390	-98.7799695130
-0.3214338983	-1.0604491310	-98.5243430191
-0.9681412475	-0.3837104931	-98.1724987062
-0.9533933240	-0.5041400547	-99.1651110270
-1.0433308129	0.1520330433	-99.9143427091
-0.7228167069	-0.7405376728	-100.2314991761
-0.9373337019	-0.4644439351	-101.1683848184
-1.0570470712	0.0865943509	-101.9942331802
-0.7139609593	0.7612558101	-101.3406860624
-0.5194070015	0.9519299533	-102.3028669854
-0.6783905664	0.8160460507	-103.2807523524
-0.9282058792	0.5185906009	-104.2022253932
-1.0369575631	-0.0125292149	-105.0425139226
-0.7373651900	0.7715969706	-105.5860123449
-1.0420916822	0.2246880782	-106.3657766865
-1.0492844846	0.1963236870	-107.3653484573
-1.0012332986	0.3266857402	-108.3556498349
-1.0480332220	0.1507026799	-109.3389299220
-0.9816856943	0.4639813573	-110.2862706610
-1.0541968426	-0.0844645138	-111.1193068307
-0.8400447682	-0.6234355431	-110.3046602088
-0.5357640701	-0.8717586861	-109.3850141500
-0.0578253568	-1.0392318194	-108.5227338383
0.4379771685	-0.9788641982	-107.6563992573
-0.0524522859	-1.0577568335	-106.7884966693
0.1526826148	-1.1231158986	-105.8119477124
0.9283917008	-0.5458126333	-105.5570038878
0.5064004911	-0.9086068664	-104.7261586776
-0.4614010263	-0.9242698873	-104.9773854530
-0.8358601290	-0.6843028011	-105.8730395034
-1.1652616871	-0.7562058232	-106.8144876268
-0.6868465080	-0.8028839292	-107.6913799068
-1.1759592797	-0.7449480657	-108.5616741859
-0.8857051886	-1.6827929937	-108.7519357260
-0.0539992689	-1.8205711425	-109.2897855608
0.1333789953	-1.2495986096	-110.0890850996
0.6288124352	-0.8788931763	-109.3035132134
1.0055721270	-0.3294801556	-108.5577267378
1.0487746545	-0.0839209569	-107.5893083253
1.0393944320	-0.2166330054	-106.5981980774
0.9527867746	0.4707379599	-105.8770737678
0.2301749205	1.1505089794	-105.7516007854
-0.2475748831	1.0210034239	-106.6204986138
0.6782325987	0.8026501603	-106.9290474087
0.5682184516	0.9118812519	-107.9169570484
-0.3971590685	0.9931289577	-107.6690759195
-0.2437371331	1.0643253393	-108.6546685255
-0.2892004064	1.0031298514	-109.6517583926
-0.0933647836	1.0453648104	-110.6314852000
0.6871148406	0.8038107667	-110.0548542953
0.7123169648	0.7926460493	-109.0552342665
1.1615872745	0.0322202967	-109.5241786807
0.9508430882	-0.5199110935	-110.3308618997
0.4221525233	-0.9391834949	-111.0688977660
-0.4016216624	-0.9489635989	-111.6357314635
0.4322485963	-0.9798089028	-112.1868294212
1.0019137455	-0.4275828219	-112.7955395110
0.9494646399	0.4775044229	-112.3735606364
1.0519132468	-0.2420055976	-111.6866766481
0.9275379461	0.5226992062	-111.0544129788
0.3236017385	1.0399180915	-111.6608333625
-0.6463360554	0.8042651363	-111.6001014881
-1.0549543719	0.1269260176	-112.2118553517
-0.9177740783	0.5339357934	-113.1149193635
-0.2067207429	1.0183679164	-112.6052835402
