1.0417743977	0.2075600619	-249.9603204720
1.0701738636	-0.2660782309	-250.8405819320
0.8605209777	0.6251829406	-251.2427003122
0.0378780636	1.0447083453	-251.6264412022
-0.5608841100	0.9131187108	-250.8363981480
-1.0378337307	0.0494112567	-250.9992738458
-0.6266398403	-0.8236616409	-250.7372370162
0.2895328931	-1.0169259094	-250.3861295610
0.5606977819	-0.9987724794	-251.3484912685
-0.3403771541	-0.9682430482	-251.7810787318
-1.0333360832	-0.3140211434	-252.0840665566
-0.8440691939	0.6567317560	-252.2317718476
-0.7984935059	0.6987602230	-253.2298482297
-0.0176613013	1.0611310713	-252.7209391647
0.8099148631	1.3774439915	-253.1846889124
0.0865230959	1.0747299587	-253.8052278439
0.4360583749	1.0199518949	-254.7405483518
0.9490730876	0.4814051378	-254.0721298489
0.9817831897	-0.4070790624	-254.5298698136
1.0435076619	0.2848369166	-255.2492044836
1.0852700590	0.0561009683	-256.2217967765
0.9327167962	-0.5390548705	-257.0107942604
0.1023473201	-1.0596351045	-256.8120915852
-0.1543364590	-1.0378888214	-255.8458408224
0.7545244802	-0.7734411472	-255.5232897088
0.1064596066	-1.0598117130	-254.8175958526
-0.5693360994	-0.9270135543	-254.0925683960
0.3779958362	-0.9616010184	-253.7741882598
1.0157941458	-0.3463660399	-253.3108317690
0.9655217112	0.4561116444	-252.7162712181
1.0722816699	-0.1707824965	-251.9445160449
0.5877019632	-0.9044580271	-252.4208591184
-0.2887566084	-1.0076191373	-252.8911549377
-0.9983233146	-0.3630536300	-253.1758484507
-1.0760255959	0.0596910597	-254.0787600094
-0.6551541485	0.8033020115	-254.5982886199
-0.2825952117	1.0660984467	-255.4883098962
-1.2692187892	1.2263916022	-255.4586447521
-1.0569148033	0.2494906553	-255.4343227976
-0.9715040568	-0.3526210994	-256.2281530309
-0.8387207661	-0.6387834904	-257.1770891108
-0.3206470361	-1.0210553318	-257.9422478195
0.6649984432	-0.8572688808	-257.9831988566
1.0588097073	0.0618039964	-257.9979546972
0.8499698954	0.6072364813	-257.1862347102
0.4855113009	0.9207143042	-256.3093643735
-0.1387483922	1.0737820185	-257.0754388545
-0.7521437987	0.7638801042	-256.3490044949
-0.9761726729	0.4424645251	-257.2690605199
-1.0641911554	0.0672026197	-258.1917908430
-0.5358683416	0.9155845703	-258.1582786004
-0.2219957026	1.0681362664	-259.0954082321
-0.9889611750	0.4303816033	-259.1663515457
-0.7009903148	0.8103948743	-260.0453638878
-0.5557102910	0.8913968878	-261.0314330479
-1.0823040041	0.0422430069	-260.9909763080
-1.0514417906	-0.2258403092	-260.0280750361
-0.5921049512	-0.8841234602	-260.6244582696
0.1299370877	-1.0619645434	-261.2930596779
-0.1221392324	-1.0907632781	-262.2603384184
-0.8647059025	-0.6856698855	-261.7269585502
-0.9883803777	-0.3876318835	-262.6734668563
-0.9786736141	0.3991562195	-262.0563199858
-1.5562584130	0.6411176791	-262.8359676320
-0.9595916355	0.4057090497	-263.6031517910
-0.2084621528	1.0361606224	-263.7989458530
-0.4724542500	0.9852748872	-262.8357642426
-0.0177036432	1.0517473413	-261.9476295127
0.5858690907	0.9545670704	-262.7389928615
0.8107930249	0.6725863858	-263.6716750782
1.0812437699	0.0429697520	-262.9433624469
0.9873427868	0.2490764375	-261.9693487716
0.8533849521	-0.7233198328	-262.1604005761
0.5733069375	-0.8937902231	-263.1051207208
-0.3942774290	-0.9912206570	-263.3381181550
-0.8195675149	-0.6772991146	-264.1869889391
-1.0610751887	0.1644478033	-264.6698307038
-0.4935378220	0.9712826547	-264.8339003839
0.4856690456	0.9678815840	-264.6310646295
0.4951421408	0.9214876454	-265.6299429319
0.0047410301	1.0572166232	-266.4908055197
-0.7113172410	0.7237753560	-265.8775539614
-0.8886113681	0.5331445620	-266.8430728338
-0.3643186711	0.9914291943	-267.5607721885
-1.0455331706	0.3360263734	-267.8869530404
-0.9527051586	-0.4131367314	-268.5428018054
-0.8369033755	-0.6500504986	-267.5781973197
-0.0690611559	-1.0512770029	-268.0776326189
0.0803750914	-1.0610490132	-267.0889095455
0.0088670871	-1.0369157104	-266.0917615179
-0.8151110871	-0.6501221018	-266.5058275425
-0.9398215076	-0.4407446397	-265.5359778689
-0.3121617630	-1.0265742860	-265.0232919313
0.2640263346	-1.0140489743	-264.2060707906
0.9990517155	-0.3505805419	-264.0662590293
1.0603225855	0.0959934966	-264.9589053807
0.6817092925	-0.8033181343	-265.1777445110
0.9864118870	-0.4125307338	-266.0463304518
0.9854571378	-0.3853147807	-267.0459595732
0.9371477417	0.5057202815	-266.5946030400
