-0.1572877177	1.0427398447	-104.9963355884
0.6227976911	0.8641949476	-104.3966786242
-0.0147543115	1.0570772280	-103.6508074088
-0.7853952195	0.6785487674	-104.1634757182
-0.9807441309	-0.2684766802	-104.4183906146
-0.3822014835	-1.0360413237	-104.1890628634
-0.5299435517	-0.8904636842	-103.2108096077
-1.1003423145	-0.0906861663	-103.3978956127
-0.8803664273	0.5408430425	-102.6544028640
-0.9679298351	0.3785698968	-101.6715498354
-0.9223932010	-0.5256855344	-101.2469929721
-0.9195789070	-0.5427940423	-102.2468426501
-0.1042079364	-1.0714290620	-102.0108019835
0.6366149129	-0.8607471791	-102.6486065383
0.6248953964	-0.8297720976	-103.6480579865
1.0905936082	0.0208611071	-103.8920832444
0.8342785821	0.6340619393	-103.1448969579
0.1739714862	1.0191955848	-102.5001748363
0.8947566359	0.6534716205	-101.9113499473
1.0440135960	-0.3273136043	-101.7857207202
0.5524144983	-0.9281358738	-101.1553692884
1.0471342229	-0.2834853777	-100.5725501639
0.5272711177	-0.8965572391	-99.9776676169
-0.3059671553	-1.0178675868	-100.5171097175
-0.6804124009	-0.7891689067	-99.6185065393
-0.3909495317	-0.9814034148	-98.6808194160
-0.1972117317	-1.0276714821	-97.7008577173
0.7718316983	-0.8734616220	-97.8936637074
0.7252230473	-0.7386952606	-98.8834443202
1.0968245434	-0.0994295137	-99.5566839751
0.6836332645	0.7861472546	-99.7688790610
0.7821190087	0.7630925151	-100.7637504281
0.0343850700	1.0656882071	-101.3547917161
-0.2446761479	1.0222344984	-100.3955020769
-0.5623053388	0.9193584833	-99.4528843269
-1.0654964257	0.1206176680	-99.1230179294
-1.0454637941	-0.2584449794	-98.1978637785
-0.9719596742	-0.4195247354	-97.2136633637
-0.3769545728	-0.9804069628	-96.6380071674
0.6113976989	-0.8557666007	-96.7253259347
0.2836888152	-1.0038579770	-95.7922258159
-0.6781678147	-0.8343391873	-95.5775278803
-1.1124792011	0.0662406606	-95.5593741737
-0.8383125595	0.6189696423	-96.3463451550
-0.8560809225	0.6663725156	-97.3450629594
-0.7027911882	0.8216324834	-98.3209710492
0.0843275328	1.0338133340	-97.7418135527
0.2371264822	1.1109401202	-98.7270566394
0.9577536290	0.4290512148	-98.6016611216
1.0949705565	0.0956699246	-97.6689079762
0.9139308343	0.5091085367	-96.7765553929
0.0890693898	1.0599021224	-96.6491582837
-0.1103265466	1.1035322916	-95.6702110589
0.7961792200	0.6989043055	-95.5496976242
1.0356613661	-0.2439695962	-95.3181007606
0.7686551960	-0.7609378947	-94.5048040844
-0.1654742445	-1.0644679421	-94.6926116949
-0.9063222962	-0.4812001760	-94.3595308077
-0.7526374220	-0.7345649605	-93.4044458662
0.1945034150	-1.0181648475	-93.5544303285
0.6971078995	-0.8088233673	-92.7156425861
1.1133822698	0.0963080444	-92.6293131228
1.0120142659	-0.2333755255	-93.5679468488
0.9902199843	0.3773671204	-94.3594760205
0.4859867208	0.9282220628	-93.6944138818
0.1420476465	1.0301386043	-94.6278585409
-0.7915155536	0.7410484673	-94.8397232243
-0.8228576260	0.6687264668	-93.8428344628
-0.4151643844	0.9407614394	-92.9711790295
-1.0738989276	0.1933098558	-92.8852434038
-0.9934889044	-0.4221166858	-92.1011615203
-1.0069673552	0.4207941269	-91.5632770594
-0.2781917710	1.0351384198	-91.8657125693
0.5391009711	0.9453850566	-92.4349022631
0.9398670002	0.4858047960	-91.6423288760
0.3774965296	0.9790619674	-90.9786747366
0.4188542052	0.9665636393	-89.9796085054
0.8766921953	0.5300505977	-89.2051146453
1.0307213050	-0.3027085172	-88.6733371637
0.3565302593	-0.9961442525	-88.4191456709
0.1869040720	-1.0643321110	-89.4022923398
0.3759957235	-0.9657346411	-90.3792892109
0.9441448641	-0.4180551445	-89.7650793745
1.7911563456	0.0442610365	-89.5027145539
1.4255493792	0.6718282870	-90.1900942832
1.0635792397	-0.0574951737	-90.7706671966
0.7074582094	-0.7541793629	-91.3934102835
-0.0489108393	-1.0374590893	-91.9830359774
-0.4516089116	-0.9816446553	-91.0694063962
-1.0554704877	-0.2529302238	-90.7464103062
-0.6569715402	-0.8509228727	-90.0509943294
-0.7633249774	-0.7409863180	-89.0627621197
-1.0760903971	0.0480223918	-89.5915749866
-0.5813165981	0.8904705055	-89.3783144335
0.0655191270	1.0459770786	-88.6317079439
0.8433982711	0.6812097103	-88.1199963023
0.1978868508	1.0262391945	-87.4386229382
-0.6951783928	0.8018019318	-87.8285747118
-1.0215132618	0.1745771407	-88.5357483925
-0.9411528664	-0.6262167429	-87.9422238665
