0.8762876604	0.6503954149	-183.5614334140
0.7547856416	0.6993623778	-184.5528160324
1.0552658271	-0.0984896534	-185.0754476373
0.5003123024	-0.9284521971	-185.0189785173
0.8067129033	-0.6955544267	-184.0960065240
-0.1415545822	-1.0122419047	-184.0736947090
-0.9673051333	-0.4728656627	-184.2386471168
-1.0369240032	0.2738467008	-183.5771534592
-1.0262235879	0.2137041973	-182.5790210129
-0.8954990574	-0.5833506347	-181.9894324343
-0.8089379493	-0.7537166123	-182.9710039336
0.1456828229	-1.0455431011	-182.9115356087
0.0107754292	-1.0910616942	-181.9217234787
0.1120897277	-1.0628796618	-180.9272682580
-0.8060806692	-0.6777781623	-180.8342093667
-1.0755690269	0.1941006075	-180.4253041993
-0.9551721033	-0.4713911524	-179.6886731531
-0.1514167937	-1.0616499585	-179.7633186096
0.7619191464	-0.8263520105	-180.0956623114
1.0439501081	0.1211808086	-180.2461285643
1.0679829871	0.2694508748	-179.2574737164
0.8335214571	-0.6726383309	-179.0176910663
1.0114353121	-0.2172049221	-178.1453797283
0.4613109353	-1.0078272124	-177.8765311387
-0.1434118557	-1.0524977425	-178.6717134384
-0.6128146184	-0.8340648207	-177.8161737812
-1.0712039400	0.0505906219	-177.9014027537
-0.8345775976	0.6999251637	-177.1786492501
-0.4143203517	1.0136661282	-178.0300894738
-0.7123639506	0.7571917470	-178.9495408890
-0.5664379190	0.9453427277	-179.9207796865
-0.4386403424	0.9536455271	-180.9125452046
-0.9980598240	0.3603702140	-181.4914011853
-0.4073308354	0.9973913277	-181.9866217046
-0.4081331133	0.9884204777	-182.9865811439
0.4533955451	1.3127778449	-182.5959909890
0.9639226797	0.4585424780	-182.4977872078
1.0244505614	-0.3053064384	-183.1403377572
0.8515946351	-0.5663289731	-182.1906072348
1.1002976109	-1.0081890302	-181.3286869834
1.0541822293	-0.0093562725	-181.3143170917
0.6115753189	0.8465077054	-181.5818913321
0.9528082264	1.1560231607	-180.6943327224
0.4701859192	0.9632114192	-179.8399912562
0.3940246186	0.9748754066	-178.8429639709
0.6102451328	0.8668123995	-177.8726181172
0.1557758994	1.0281452538	-176.9965876234
-0.4098395264	0.9673786752	-176.1741603543
-1.1018334673	0.2488180832	-176.2435509982
-1.0332427112	-0.2131847886	-175.3593289364
-0.8206174245	0.6740682364	-174.9499726650
-0.7608311121	0.7210195954	-173.9528662681
-0.0702971910	1.0432229521	-173.3052954992
0.6531899753	0.8199602532	-173.9585336544
1.0403021894	-0.0959256451	-174.0648217300
0.4984301349	-0.9275763306	-174.1861964136
0.6060606502	-0.8633572916	-175.1783111183
1.0220498523	0.0448747117	-175.1328401187
1.0308942311	-0.3133013816	-176.0664522775
0.9122122961	-0.5402494420	-177.0331007018
0.0601953371	-1.0311215145	-176.8511344687
-0.8622726282	-0.7156665037	-176.6285564170
-0.3383155502	-1.0032143062	-175.8268175308
-0.4713888938	-0.9572405789	-174.8367781874
-1.0184707597	-0.2852719017	-174.3376193660
-1.0396436552	-0.1428180176	-173.3480444071
-0.5029032227	-0.9227383213	-173.6699668015
0.0178255109	-1.0690936204	-172.8288831478
0.7268027645	-0.7953076021	-172.1789658685
0.9311301946	-0.5369117429	-173.1231490505
0.9556299459	0.4350377519	-172.8892389357
0.4831266265	0.9405938734	-172.1673292314
1.0260907288	0.2606589693	-171.6745021727
1.0051667496	0.3216385396	-170.6765824970
0.9352412762	-0.5025296777	-170.1145707731
0.1394089564	-1.0367534618	-169.8295166250
-0.2354284036	-1.0247021817	-168.9025043704
-0.1998263449	-1.0223744220	-167.9031410356
0.7667262780	-0.7943075291	-168.0204505380
0.7925382905	-0.6698047737	-169.0123340009
1.0645220417	0.1269316351	-168.4726712043
1.0179560519	0.3607367712	-169.4438389380
0.5240019773	0.9868577892	-170.0471480156
-0.1839480780	1.0392979849	-169.3428350561
0.3467894013	0.9722913615	-168.4979517266
-0.6323751184	0.8441522518	-168.3404169307
-0.9970419685	0.3293660178	-167.5645218207
-1.0221357939	-0.2405607220	-168.3858340702
-1.0454558356	0.3010845752	-169.2261176816
-0.8944463255	-0.5940735102	-169.6455078699
-1.0365585538	0.1003032277	-170.3509474920
-0.4989821851	0.9435136784	-170.3537374206
0.1744806927	1.0360331172	-171.0871458373
-0.7299475557	0.7734865097	-171.4234177843
-0.9948173865	0.3792483206	-172.3034292745
-0.8583984906	-0.6081757385	-172.3833267857
-0.2387757260	-1.0346583548	-171.7244032640
0.4137983021	-0.9601623256	-170.9703492344
-0.5527985939	-0.9007386737	-170.7210316252
-0.9996598647	-0.2804931683	-171.3657102409
