-0.2472599568	-1.0824395680	-15.1018878794
0.3299605660	-0.9921988255	-15.9134746440
0.5469931731	-0.9077618009	-16.8859802925
-0.4205587052	-1.0087900729	-16.6543844138
-0.6907845312	-0.7887914406	-17.5917096534
-0.9268128321	-0.5242483206	-18.5267538122
-0.9789641894	0.4248930470	-18.8372548594
-0.2315911443	1.0312205466	-19.1089173241
0.6069460747	0.8433835632	-18.5974756364
1.0454113508	-0.0414839778	-18.4401300404
1.0610133353	-0.0244637449	-17.4403966311
1.0427237353	0.1986354489	-16.4657724777
0.8504466188	0.6104908904	-15.5750398547
0.0434887267	1.0604018010	-15.1924184584
-0.6027073151	0.8635557175	-15.9297666088
-0.5302705840	0.8967070546	-16.9265885131
0.3353691365	1.0236007268	-16.4422685051
0.4633966184	0.9162433539	-17.4282113829
-0.3387689631	1.0188426436	-18.0164322306
-1.0029377980	0.3201975314	-17.7503969586
-1.0560911237	-0.0709844375	-16.8316198414
-0.9500708143	-0.4165961584	-15.8992506911
-1.0525576068	0.2464826965	-15.1577502598
-0.7098441533	0.7689541665	-14.3769999465
-0.0449469646	1.0409048572	-13.6813315266
-0.8293873172	0.6550751627	-13.1957506578
-0.2316394373	1.0868641391	-12.5202835958
0.7164569602	0.8012037903	-12.6599667591
0.8732157177	0.5638205716	-11.7012822962
0.5574496303	0.9250722386	-10.8239060878
-0.2677886038	0.9916473524	-10.2630588616
-0.5454186436	0.8945250724	-9.3072927690
-1.0422722160	0.1337016670	-9.7247664489
-0.9595586457	-0.5155842975	-10.4807996502
-0.2546606317	-1.0292444078	-10.9699541054
0.5458950292	-0.9351057989	-10.3781360962
1.0218331446	-0.2310534472	-9.8510751924
1.0666211798	0.0009706582	-10.8227535581
0.7102028029	-0.7472673324	-11.3823121789
0.9474127316	-0.4507499084	-12.3074115612
0.3167197952	-1.0239518701	-12.8305424541
-0.3650388424	-0.9676621104	-12.1011340479
-0.9789271662	-0.3886525454	-12.6376869805
-0.9548354847	0.4461950897	-12.0877333306
-1.0178513251	-0.3581830290	-11.4969670096
-0.9309508475	0.4930434418	-10.9794133384
-0.2651074042	1.0736297705	-11.4479984681
0.5433074954	1.5553877225	-11.7861916464
1.3699669839	1.4259874293	-11.2385698296
1.9232158100	0.6035684164	-11.1061209579
1.4902531406	0.7747339990	-10.2211092799
0.6193837510	0.8571684536	-9.7365568400
0.9327292449	0.4854615465	-8.8626869546
0.1977618965	1.0205271979	-8.4461203388
-0.6625940550	0.8226057252	-7.9764239184
-1.0451056621	0.1434964030	-8.6029184507
-0.7449950906	-0.7479443293	-8.9424284884
-0.3469601182	-1.0358353471	-9.8134548499
0.5046510236	-0.9864361485	-9.2916137033
0.9180655648	-0.5412163555	-8.4973418650
0.0827439300	-1.0316961000	-8.2490126750
-0.7608837091	-0.6902055970	-7.8346738728
-0.1896076957	-1.0376342404	-7.0910764991
0.7020029459	-0.7229013060	-7.4166124321
1.0465900710	0.1689005332	-7.7097833598
1.0547538266	-0.0324187452	-6.7302917053
0.9211396176	-0.6812275645	-5.9811626382
-0.0096861980	-1.0466728490	-5.9847744326
-0.8953219233	-0.5900300418	-5.9003545966
-1.0263143221	-0.2186745492	-6.8195586488
-0.7556059859	0.7368416791	-6.7024871573
-0.9717172453	0.4583134503	-5.7666891293
-0.8334522878	0.6311950119	-4.7914995235
0.0516084384	1.0536270535	-4.5960035359
-0.0813673772	1.0512349997	-5.5871199320
0.5896714208	0.8697718476	-6.3059926995
0.9676435964	0.3808061970	-5.5198313757
0.9593124543	-0.4446721187	-4.9554590320
0.9958782744	0.3760084134	-4.3852429281
0.5940091840	0.8498342202	-3.6016675719
0.7551109804	0.7289343847	-2.6221628802
-0.1575821318	1.0553741976	-2.8679846277
-0.6262522521	0.8502756446	-3.7272185318
-1.0088734992	0.4015776927	-2.9195854906
-0.9340673647	0.4824712799	-1.9256738900
-1.0454962365	-0.1884219104	-1.1925395682
-0.8444059401	-0.6579249441	-2.0522660329
-0.8251253057	-0.6644408006	-3.0520589118
-1.0663873339	-0.1489001925	-3.8742574980
-0.9093378021	-0.5168536430	-4.7907430149
-0.0672383662	-1.0450344381	-4.8998007420
-0.3233622760	-0.9998479873	-3.9342134971
0.6555551154	-0.8143812298	-4.0197869901
1.0393846319	-0.1536231712	-3.3747492468
0.9648860287	-0.3644550574	-2.4000698770
1.0523102019	0.0706096401	-1.5039249540
0.7026532831	-0.7941560866	-1.1434803994
-0.2679966862	-1.0346081752	-1.1388511297
0.1666728094	-1.0487753280	-2.0393297365
0.3160506389	-0.9892280917	-3.0263152433
