-1.1443530625	-0.0064873085	-187.7925712234
-0.6564434296	0.8623023828	-187.7080214599
0.1766216480	1.0883387266	-188.2129077321
-0.5735469291	0.8963714018	-188.8456759772
0.1171741187	1.0543253470	-189.5513352331
0.8416187923	0.7126298894	-188.9526498991
0.9778648631	0.3583809517	-188.0274771053
1.0612901272	0.0928921219	-187.0669793664
0.6422619155	-0.7833296228	-187.3049936769
-0.3305821093	-0.9868478494	-187.4152426438
-0.5636874035	-0.8846269944	-188.3823066637
0.2349193078	-1.4717462944	-188.2499501446
0.8088456120	-0.6740152075	-188.4349736849
1.0545334258	-0.2379463270	-189.3006996401
0.9817039256	0.3966556691	-190.0700995169
1.0776829884	-0.0006377635	-190.9827582418
1.0252686115	-0.2096359418	-191.9592686076
0.5511449330	-0.8784580847	-191.3866573269
-0.3856059146	-1.0037407892	-191.7134632226
-0.4594491743	-0.9319211462	-192.7081436295
-0.5871061169	-0.9224629675	-193.6999169140
0.4031984062	-1.0304742516	-193.6125641000
0.6157153512	-0.9108235883	-192.6427598585
1.0537891377	-0.2748127982	-193.2780406094
0.8994441681	0.6704922463	-192.9906802027
0.6013452898	0.8639528513	-192.0559556160
0.5193863134	0.9262164240	-191.0612667331
-0.2755860357	1.1782306310	-190.5094444759
-0.9426570103	0.4962789904	-190.8093749258
-0.8932676264	0.5885844664	-189.8148698288
-1.0505730574	-0.0389951952	-189.0523747339
-0.6842710891	-0.8118950890	-189.5704950117
0.2769445910	-1.0162337083	-189.3852650328
0.7639859260	-0.7302244222	-190.2104858676
-0.1322807330	-1.0585197782	-190.5086942429
-0.9075251699	-0.5721824471	-190.9117724778
-1.0440024148	-0.0455995125	-191.7508698348
-0.5987258593	0.8489810498	-191.7890065191
-0.2216143876	1.0421012127	-192.6948164002
-1.0186978316	1.6315029699	-192.8262072367
-1.3732741956	0.7369425650	-192.5541093054
-1.0545103333	-0.0731393682	-193.0462036678
-1.0764212870	-0.0594008511	-194.0458691935
-0.8191836624	-0.7302451780	-194.7414241471
-0.3955265061	-0.9634277296	-195.6167186756
-0.6944090501	-0.8650052249	-196.5659195161
-1.3618620857	-1.1768841152	-197.2421132775
-1.0271971030	-0.2417341269	-197.3582763037
-0.9728430203	-0.4388968675	-198.3371391580
-0.9423779215	0.5049135158	-198.0080588666
-0.7624082704	0.7523828782	-197.0560242878
-1.0747550074	0.1053063559	-196.3605162071
-0.6225305935	0.8673705198	-195.8971035512
-1.0165852273	0.2069887316	-195.2578721068
-0.6749336032	0.8853142436	-194.6073733231
-0.7518916314	0.8305528462	-193.6118439909
0.2216014435	1.0338160087	-193.7167025613
0.9431421970	0.4978871786	-194.1550622655
0.3655289604	1.0670633544	-194.7402130408
0.4135058990	0.9778651734	-195.7350707682
0.2161950704	1.0643686657	-196.7115878356
0.7176041919	0.7947952170	-197.5337307967
-0.0782263094	1.1008214508	-198.0562264975
0.6902274691	0.8080104749	-198.6252085030
-0.0645245151	1.0992463606	-199.2130274388
-0.8780084808	0.5243768904	-199.1248859062
-1.1369775544	-0.0140234172	-199.9267962052
-0.9609338693	-0.4921198868	-200.7872800148
-0.6881873888	-0.7984618712	-201.6992909501
-1.0548967113	0.1155707365	-201.8726941362
-0.9769241091	0.5408109659	-200.9709785377
-0.5727761098	0.9074365986	-200.1329749338
0.4245955473	0.9750788802	-200.1589422095
-0.0300645093	1.0430338013	-201.0470111041
0.8665137968	0.6735881542	-201.2912594509
1.0507542472	0.2771370121	-202.1906380965
0.9417724426	-0.5035327064	-202.8060060815
0.3917214943	-0.9971993738	-202.1324059213
0.1803275027	-1.0413475226	-201.1560025614
0.9811500454	-0.4484839809	-201.2408322501
1.0938324391	0.1096593736	-200.4187746645
1.0678198734	0.0734364333	-199.4197695369
1.0769436770	-0.1683322591	-198.4494785210
0.6439604877	-0.9188652294	-197.9502533029
1.0356493914	-0.2229844205	-197.3483150149
1.3579526361	-0.5457637856	-196.4584082220
0.9879401725	0.3818403823	-196.4070147930
1.0614659980	0.1126777438	-195.4467307584
1.0046544437	-0.4563525230	-194.6263790029
0.2070113045	-1.0558873127	-194.6921320127
0.3270273905	-1.7205354247	-195.4295864359
0.6458751048	-0.8236525223	-195.7360781887
0.4019130688	-0.9916319342	-196.6912040664
-0.1679360681	-1.7783260680	-196.9286578534
-0.3360189617	-1.0180659351	-197.5561550016
-0.1938776022	-1.1436471723	-198.5380028446
-0.7231050870	-0.7810713850	-199.3051123986
-0.2761429134	-1.0025788262	-200.1718068482
0.7071601738	-0.8211219092	-200.1580800145
0.6167207393	-0.8682243962	-199.1632925677
