-0.3553073740	1.0226322420	240.2554480676
0.6287746751	0.8626560993	240.1780519803
1.0593112672	0.0547227590	239.7757064068
0.9441229951	0.4255953195	238.8541939511
0.1858521536	1.0182324372	239.1258676111
-0.6388558215	0.8579275066	238.5835032638
-0.9421804517	0.5322797781	239.4790186047
-0.9630456039	-0.4647959884	239.5525343260
-0.9636757850	-0.4400793312	240.5522286241
-0.2757105454	-1.0388938703	240.1421981657
0.4729270824	-0.9850069950	239.4814123404
-0.3313714232	-1.0603457079	238.8919821136
-0.9088933362	-0.5389191959	238.2638238273
-0.4440837362	-0.9686951653	237.4897148867
0.3583696342	-0.9805131998	238.0863126761
0.9473680735	-0.6312040764	237.3575713126
0.3364002758	-0.9959405541	236.6549436360
0.7187843088	-0.8064699582	235.7505746048
1.0552596681	-0.0942899122	235.1344707867
0.7859758502	-0.7181179491	234.4007645745
-0.1111696457	-1.0480216334	234.1070069905
-0.1957724203	-1.0266017098	235.1031914902
-0.5532849444	-0.8920637200	236.0273583173
-1.0272734332	-0.4343533042	236.7795790879
-0.9699863981	0.5457203953	236.5893851361
-1.0577006162	0.3024164336	237.5553610148
-0.3536483937	1.0067692444	237.4648204940
0.4247895793	1.0209197042	238.0923825122
1.0632780638	0.3300130195	237.7532949009
0.6829369050	0.8409734206	236.9824122436
-0.0108379550	1.0422143580	236.2909077036
0.2862205768	1.0083066459	235.3366506649
0.3006249255	1.0242680810	234.3368818180
0.9672292225	0.3911303535	233.9434668600
0.5871550962	1.0094007230	233.2555094422
-0.3820633772	0.9985634093	233.5014730643
-0.7396640523	0.7652351846	234.4057294974
-0.8477223488	0.5812475060	235.3827002946
-1.0302091060	-0.3350153467	235.0261039285
-1.0190255221	-0.2302904391	234.0316655839
-0.9985651530	-0.3549791291	233.0396806526
-0.9733038939	-1.2656126047	233.4521228206
-0.0801348391	-1.0759987978	233.0443291915
-0.5899455464	-0.9342850485	232.1957950106
0.1656585108	-1.0260674715	231.5472285179
0.7121051765	-0.8047365697	232.3549467073
0.8524760728	-0.6991283430	233.3393972718
1.0300956664	0.1106882788	232.7802476326
0.9338578665	0.4990891815	231.8637963111
0.2137370297	1.0346807840	232.3048945041
0.1796172059	1.0598697944	231.3057942331
0.8882880411	0.5906640246	230.7788866578
1.0148378420	-0.3126371340	231.1888039235
0.9672263908	-0.4457634785	230.1988491134
0.3732641481	-1.0082807386	229.6237115766
-0.1703036041	-1.0482796024	228.7852998700
0.1232582759	-1.0163396487	227.8298935365
0.9188346705	-0.5753790336	228.2453594631
1.0597540208	-0.2562603081	229.1825387287
0.8947460383	0.6232232289	228.7361296406
0.7980899134	0.6688157043	229.7304027015
-0.0438079260	1.0612365994	230.1008266060
0.0542113878	1.1601873445	229.1105736261
-0.8201270094	0.6916127285	228.9842003831
-0.9700791075	0.4461631671	229.9419419355
-0.8766623076	0.5639754424	230.9305741064
-0.7408481976	0.8227938374	231.8869043662
-1.1508825440	-0.0885177330	231.9240938340
-0.8708383064	-0.5998671248	231.1116302813
-0.2083503652	-1.0503188305	230.5131296643
-0.7983101385	-0.6859379612	229.7925923315
-1.0202354351	-0.3536017109	228.8759125731
-0.9694801355	-0.9454524489	228.0714645614
-1.0633409730	-0.0063545659	227.7408812751
-0.7169143059	0.7861941132	227.2390295484
-1.0543494796	0.1337850566	226.5604280995
-0.7565100076	-0.7495905732	226.9222832439
-0.5989393563	-0.8762646713	225.9429338871
-1.0945494611	-0.1247946628	225.5074302128
-0.9537023756	0.4349562121	224.6908268473
-0.8029813724	0.6605562662	223.7283364345
-0.0726266292	1.0677119951	224.2767944196
0.3839627126	0.9741142492	223.3920539860
1.0525917665	0.3234171552	223.7519546392
0.9261345494	0.5658400451	224.7138484560
0.8888134586	0.6199994423	225.7116830594
0.1239626562	1.1070457014	225.2900325033
-0.6897972539	0.8390556904	225.8057612719
0.0551665770	1.0526477454	226.4377480794
0.3402097025	1.0025974243	227.3949551530
1.0290311961	0.3526859600	227.7161093817
1.0025768720	0.3269582453	226.7167904869
0.8876479165	-0.5543740408	227.1750968655
0.2463348784	-1.0591941744	226.5972783647
0.8425912228	-0.5893501840	225.9463367418
0.3031150202	-1.0285477137	225.2279559537
0.9163255252	-0.4888919857	224.6511157922
0.8170560224	-0.7083704668	223.6805619492
0.0137585858	-1.0701477294	224.1536691680
-0.6853229503	-0.8028778129	224.8168824049
