0.8920940017	-0.5601299178	-139.9864040998
0.2446734325	-1.0328231272	-140.5842399772
-0.7211583483	-0.8216780980	-140.4339510957
-1.0685331628	-0.0082439063	-140.9004867899
-0.7365356244	0.8011601741	-140.4160875031
0.1078915125	1.0751983490	-139.9558203097
0.9432119975	0.5254354492	-139.9564846238
0.9414582104	0.5287970375	-138.9564918118
0.1095635492	1.0794474235	-138.8876773861
-0.7547718658	0.8095583911	-139.3120406746
-1.0702508552	-0.0246975522	-139.7642464112
-0.7611786421	-0.8583726383	-139.3065781712
0.2125615444	-1.0711628719	-139.3875125008
0.3630387319	-0.9800043923	-138.4031107801
-0.6162612169	-0.8285815980	-138.2687874852
-1.0762803307	-0.0201451268	-138.6359562297
-0.7201795932	0.8220934447	-138.2312014232
-0.2638912311	1.0279163613	-137.3655006333
-1.0279217293	0.3843126313	-137.3204269533
-0.8860016764	0.8671224698	-136.4562780318
-1.0567138812	-0.1175211381	-136.4197498436
-0.8598079854	-0.6771510460	-137.2247606724
0.0490908700	-1.0549421596	-137.4013300501
0.9281246859	-0.5786769987	-137.3796264308
1.0108145133	0.3146108044	-137.8214400716
0.7255473739	0.7540164690	-136.9696505899
0.1140043461	1.1118400666	-136.2639754535
0.8631778764	0.5815266937	-135.8671042551
1.0415103255	0.3214048051	-134.9181394820
1.5915069283	-0.3692708090	-134.4485961583
0.8388061309	-0.7186294686	-135.0066194879
1.5876746807	-0.3320834168	-135.5449298491
0.9224992324	-0.5217359496	-136.2671303336
0.0630421910	-1.0298998667	-136.3228351574
-0.0886660059	-1.0942292958	-135.3365054217
-0.0617581045	-1.0950288475	-134.3368678246
0.7553811620	-0.7228585148	-133.8966716610
0.7170706711	-0.7804328695	-132.8990657769
-0.2434406927	-1.0564242025	-132.8637570816
-0.7888091761	-0.6945767993	-133.6198256460
-1.0260148222	-0.2655113913	-134.4913968463
-0.9503383982	-0.5232970016	-135.4546308043
-0.9504567764	0.4763582176	-135.4283738287
-0.1746756565	1.0345709125	-135.1341592110
-0.8518248777	0.7738488754	-134.4460509697
-0.9367345691	0.4701571836	-133.4970716756
-1.0377520893	-0.1462055320	-132.7161155543
-1.0849116795	0.0723847324	-131.7414390596
-0.6561319690	-0.8273202342	-131.8231637988
-0.3095706544	-1.0084607915	-130.9027924858
-1.0148063746	-0.3238547173	-130.7185179563
-0.8158031693	0.6471006216	-130.8513466205
0.0314420876	1.0552303276	-131.1913548816
-0.4828916900	0.9417735841	-132.0414068403
0.0890965647	1.0508118804	-132.8543890581
0.0738906541	1.0696405463	-133.8540961460
0.9195112769	0.5368207535	-133.8861715358
1.0234794008	0.3012278116	-132.9198969397
0.8028927668	0.6386910439	-132.0047684767
1.0310036017	0.1769492681	-131.1475870610
0.7326095938	0.8048587523	-130.4287750580
0.3391820878	1.0497410828	-129.5426331722
-0.3735755644	0.9893918710	-128.8438238264
-0.6513674398	0.8315953446	-129.7914165291
-1.3443058791	0.6858646057	-129.0853011907
-1.0015535295	0.2963834661	-128.2304180006
-0.9927069507	0.2666920525	-127.2308980368
-0.3772015111	0.9882276103	-127.5479776681
0.1970323779	1.0438445304	-126.7311776933
0.7352783711	0.7177986854	-127.5083426422
0.5973870275	0.8624346372	-128.4881724329
1.1164934087	0.3663737800	-129.1841984317
1.0553077884	-0.2085023678	-130.0001480224
0.4662447320	-1.0156932676	-130.0381949250
-0.5079267300	-0.9394435877	-129.8256485794
-1.0626319381	-0.1222343480	-129.6692158763
-0.9193835519	-0.5906166859	-128.7973799483
-0.7236450864	-0.7680002136	-127.8329000174
0.2219429076	-1.0374053538	-127.6504603942
0.0447972226	-1.0498498098	-128.6345663548
0.8798764239	-0.6563894232	-129.0190551736
1.0214970862	-0.2358405790	-128.1229066046
1.0276146592	-0.2771969695	-127.1237808747
0.5894531343	-0.8616736560	-126.4408449472
0.6189552973	-0.8678723578	-125.4412994512
0.0001819441	-1.0652200319	-124.6809222863
0.8532115232	-0.6267566508	-124.3979198119
1.0548613925	0.1230242570	-125.0281308247
1.0821668136	-0.0579828745	-126.0112334807
0.6849543963	0.8192362579	-125.7415876217
-0.2437084211	1.0531442351	-125.4537119024
-0.9960818185	0.4076222639	-125.3224272662
-0.8099000778	0.6750642810	-126.2678431148
-1.0035187979	-0.3059671811	-126.2772803580
-0.4298438540	-0.9532986038	-126.7791360026
-0.3527498963	-1.0651372739	-125.7884046396
-0.8973130885	-0.6344347971	-125.0687197737
-1.0498904514	-0.0194319502	-124.2950973551
-0.5980728710	0.8601788646	-124.4439116306
0.3848719375	0.9814650855	-124.5821475016
