-1.0377851988	0.5198617943	-158.3038748839
-0.3133090026	1.0020651548	-158.7964336724
0.5562784901	0.9223759095	-159.2837397535
1.0405493769	0.2126628334	-158.7720864942
0.8212922502	-0.6899931507	-158.4017643550
-0.0930138113	-1.0570882300	-158.2306339114
-0.8363109156	-0.6213353979	-158.7382054670
-0.9333887330	-0.5771561115	-159.7325012419
-1.0204859356	0.3463328973	-159.3588943258
-1.0114541436	0.3165511828	-160.3584099466
-0.4071566799	0.9988389043	-159.9469393639
-0.3774465702	1.0125531017	-160.9464038356
-0.8548317651	0.6143307887	-161.7296805205
-0.7327573854	0.7767800422	-162.7088169185
0.2021862917	1.0346364722	-162.9525183386
-0.3987260224	0.9724216652	-163.7494083614
-0.4851058475	0.9193994151	-164.7442586852
-1.0546193423	0.1161107738	-164.5699551054
-1.0325994630	0.0427738698	-163.5728910034
-1.0655249067	-0.2874733171	-162.6295709566
-0.9283746827	-0.5014125642	-161.6623999197
-0.3509297719	-1.0263061829	-162.2877350810
-0.4371304028	-0.9452860765	-163.2807130232
0.5561529092	-0.8956850253	-163.3852500883
0.6943998517	-0.7929677276	-162.4001932678
0.9515650347	-0.4086550294	-161.5135310893
0.1865808260	-1.0244639224	-161.3249082704
-0.2490638657	-1.0166871788	-160.4248231495
-0.0757100193	-1.0929301590	-159.4429191563
0.8287281857	-0.6692729946	-159.4929805234
0.9284595197	-0.5354387457	-160.4789531675
1.1330038912	0.2498028951	-159.8945242449
0.5533716871	0.8795114107	-160.4117221696
0.6436431319	0.8272387381	-161.4062666050
0.9919500988	0.4126213497	-162.2469655273
1.0455623509	0.1308919056	-163.2049604369
0.7147971307	0.7761417551	-163.8936163749
0.8021434622	0.6653039009	-164.8836090963
1.0198722401	-0.2426219050	-165.2417500046
1.0470710334	-0.1741966032	-164.2444645872
0.4510341748	-0.9445471640	-164.4709597897
-0.5346278303	-0.8843257646	-164.6285789341
-0.9288522692	-0.5121905670	-165.4688779800
-0.4405970964	-0.9468933163	-166.2256080547
0.2919652293	-1.0067979569	-165.5475491538
0.8245016126	-0.6834215528	-166.3297465085
1.0079551234	0.2901406975	-166.1936533266
1.0991192735	0.9190786461	-166.9657453901
1.0325598749	-0.0323438340	-167.2663532924
0.9486089614	0.5116235876	-168.1012495066
0.2356054165	1.0348589873	-167.6345047567
0.1179309542	1.0469253435	-166.6415258425
-0.4235022328	0.9990763231	-165.8021447758
-1.0023277220	0.3096403539	-166.2376204898
-0.9826087212	-0.3759103733	-166.9653782526
-1.0576611961	0.1011396574	-167.8410439389
-0.7732666665	0.7729885954	-167.1571296489
-0.7561897830	1.2605356895	-168.0300593202
-0.8399171632	0.6070958557	-168.7823930955
0.0632931546	1.0308669007	-168.7143546996
0.8443252049	0.6571897631	-169.2147089073
1.0722050044	-0.0518595216	-169.8820318492
1.0879128016	0.3508918274	-170.7972064861
1.3541105266	1.3147994346	-170.8017777090
1.1310681865	1.1419325149	-171.7611364233
0.3417635298	0.9952122383	-171.1649222676
0.4959891240	0.9565611870	-170.1776428936
-0.3784468259	0.9917298976	-169.6937783141
-1.0038867134	0.3182722805	-170.0878338750
-0.6121424554	0.9362885643	-170.7694439609
-0.5766735829	1.6216394074	-171.4967926950
-0.7238168871	1.5926915203	-172.4854841878
-0.3703937823	0.9928348980	-173.2033032051
-0.9904356477	0.3075733563	-172.8212499305
-1.0219678311	-0.2835194170	-173.6272369371
-0.6188203127	-0.8593119420	-174.3385280495
-0.1382970994	-1.0292439006	-173.4781673281
-0.6796418487	-0.8172937118	-172.6645193821
-0.8211741848	-0.6646070278	-171.6864317713
-1.1531032324	0.1140948323	-171.1540348138
-0.7651122988	0.6991483158	-171.8661973352
0.1168554605	1.0363569258	-172.1954741563
0.8510845112	0.7256978481	-172.7991285594
0.5748055065	0.8900544222	-173.7460482119
1.0518712545	0.1709532604	-174.2513221882
1.0135363954	-0.2692149373	-173.3542255400
0.7702274449	-0.7116788840	-172.4910764158
1.0712734025	0.0813979515	-171.9615478855
0.9040309272	-0.6050736653	-171.2538850605
0.1606180338	-1.0857088539	-171.7189948168
0.0692344436	-1.0773970822	-170.7232137395
-0.8396105493	-0.6884102720	-170.5725816040
-0.4964597383	-0.9383797629	-169.6671740855
0.5027902718	-0.9583273031	-169.6339850344
0.0230058007	-1.0410686493	-168.7605088006
-0.8739941233	-0.6038442164	-168.6955016340
-0.5524578331	-0.9364867434	-167.8089558860
0.1607500126	-1.0445646404	-167.1163855018
0.6877157872	-0.8114659102	-167.9336810753
0.9867950386	-0.4110062258	-168.7998124986
