-0.9632630070	0.5463289070	-190.1952974376
-0.9520718441	-0.4495298459	-190.1050749238
-0.2862722941	-1.0526053751	-189.6657449051
0.6834391734	-0.8389664083	-189.5473470093
0.5096041305	-0.9067855479	-190.5297837463
1.0312175983	-0.0687109292	-190.3699390598
1.0155354949	-0.3726145364	-191.3225127678
1.0381496786	-0.1529042401	-192.2978157897
1.0392516518	0.2624000160	-193.2074976904
1.0402046137	-0.2501980977	-194.0661258204
0.3681583398	-0.9678211948	-194.2488028475
-0.3767871532	-1.0005738978	-193.5824819992
-0.9824998579	-0.2230804900	-193.4133190002
-0.8432255208	0.6731130868	-192.9920830426
-1.0511468431	-0.0197369116	-192.3016284072
-0.6346737466	-0.9277548866	-192.2563126601
0.2507188034	-1.0413520522	-192.7070628308
0.2584344646	-1.0250419219	-191.7072256200
-0.5356487770	-0.8894309217	-191.1147380995
-1.0464832299	-0.0347020670	-191.2068616396
-0.6311157476	0.8749151446	-191.2150092117
0.2501409793	1.0438762088	-190.7736037968
0.7570805082	0.7220921793	-191.5732708228
-0.0477663505	1.0503367537	-192.0677170114
0.2329004895	1.0141475842	-193.0268397715
0.5224874682	0.9061569263	-193.9778799387
-0.4723383372	0.9975740791	-193.9335570210
-1.0559947074	0.4260778181	-194.5103908490
-0.8901297208	-0.5600511299	-194.5041856803
-0.9833372272	-0.7982662319	-195.4709151802
-1.0361317123	-0.2071365704	-196.2757620387
-0.8758985458	0.4970132269	-195.5840262543
-0.2404943712	1.0118936666	-195.0085615138
0.7155947676	0.7327855414	-195.0979606919
1.0480560991	-0.2102524604	-195.0857627347
1.3344075875	0.1179956921	-195.9859049320
0.7218548909	0.7591739585	-196.4481490499
-0.1926250604	1.0342264717	-196.1513788801
-0.8908714554	0.7094478428	-196.7893215218
-0.0420570335	1.0336292552	-197.2069583125
-0.5267233405	0.9533710931	-198.0779676112
-1.0171851762	0.4271431425	-198.7726123633
-0.4788160814	0.9436105432	-199.4385103598
0.4857471579	1.0255759480	-199.1877127724
0.5637856573	0.8703121990	-198.2029269273
1.0370241477	0.2361019178	-198.8143373053
1.0091854321	0.3102985850	-199.8111922900
0.8554055955	-0.6069509306	-199.4437619046
-0.0227379831	-1.0686212314	-199.3183649800
0.0325871126	-1.0543334252	-198.3199988185
0.3358516478	-1.0315174609	-197.3673655977
0.9397854596	-0.4817236611	-197.9444190863
1.0090308083	0.3430141404	-197.3831592174
1.0258652742	-0.4920996737	-196.8333396850
0.7418936413	-0.8157674789	-195.9307881554
0.0179242352	-1.0515116924	-195.2824880977
-0.2403485900	-1.0158721127	-196.2479025000
-0.7075684703	-0.8533178007	-197.1169719329
-1.0430836712	-0.0348709127	-197.5834204740
-0.9043912182	-0.5488953681	-198.4299092587
-0.9421129680	-0.5183035589	-199.4287291678
-0.5724352267	-0.8733535507	-200.2873780314
0.4170314786	-1.0155300658	-200.3146081159
1.0205004807	-0.3134642256	-200.6926672641
0.8489876071	0.6533347355	-200.8820956229
0.1433147875	1.0713890486	-200.3100322846
-0.0087900924	1.0833298134	-201.2983245104
0.7155205080	0.8384358566	-201.9428406887
1.0234473731	-0.1127298897	-201.9212821938
0.6204679428	-0.9169756602	-202.3580845739
0.4335033727	-0.9602862331	-201.3766731190
-0.5427297589	-0.9197387989	-201.5895692869
-0.4659860196	-0.9733473942	-202.5851779032
0.1287353736	-1.0127909779	-203.3881415812
0.9851130566	-0.5055398239	-203.2916349447
0.9305504882	0.4473019577	-202.9931128090
0.1881480122	1.0973687995	-202.8310891543
-0.0576590546	1.1259998759	-203.7999849936
0.5708095817	0.8714783268	-204.5349992480
1.0631684506	0.1067509632	-204.1193373620
0.7135111699	-0.8080389660	-204.3215727978
-0.2342686850	-1.0455627246	-204.5344009228
-0.5429883920	-0.8776709526	-205.4706191107
-0.9022979616	-0.5766516658	-206.3539559786
-0.9554329085	0.4140838194	-206.4789354802
-0.9646256420	0.3469359967	-205.4812347918
-1.0313505682	-0.3110117089	-204.7311330648
-0.9034935148	-0.4404434711	-203.7478223342
-0.9179324539	0.5510620159	-203.6185614103
-0.7118307262	0.7799221857	-204.5699525499
-0.1158079140	1.0824148620	-205.3137636738
0.0589154907	1.0454847894	-206.2976884177
0.8065361089	0.6663412248	-205.7524237401
1.0521959188	-0.0978276195	-205.1560201560
0.5503244607	-0.9235686477	-205.4134629535
0.0898446195	-1.0485206543	-206.2922947416
0.4988679963	-0.9225667280	-207.1960842557
0.9816662662	-0.4246736576	-206.4756619344
0.9369785956	0.5034509994	-206.8452395760
0.2693883514	1.0364400164	-207.3650914526
