0.8054142701	-0.6959913956	-41.2212535699
1.0732776471	-0.0041436388	-41.8917726917
0.9211632714	-0.4907024244	-42.7520759898
0.9060511747	-0.5355810657	-43.7509541266
0.1106387636	-1.0826231274	-44.0118450597
-0.0479347891	-1.0569673326	-43.0248312763
0.1601777597	-1.0363851871	-42.0469429686
-0.2902160589	-1.0033551350	-41.1547241480
-0.8791270154	-0.5977159847	-41.8537525918
-1.0616521864	-0.1802919639	-40.9635606187
-0.8045334792	0.7595075536	-41.1886535714
-0.9082384294	0.5849911098	-40.2094757049
-1.0321345997	0.2921284767	-39.2613822406
-1.0449112765	-0.1737902161	-38.3766469535
-1.0141812850	0.3567324534	-37.5295334045
-0.8586781556	-0.5996354504	-37.2821890913
0.0366578179	-1.0447975314	-37.2678986621
0.7292969888	-0.7554032036	-37.9285815679
0.3547133624	-1.0069222659	-38.8210081856
-0.4182658628	-1.0003270515	-38.1866111328
-0.6492379293	-0.8370672969	-39.1457764768
-0.7501928927	-0.7460391084	-40.1364943802
0.1774621039	-1.0604866380	-39.9350521842
0.9510594086	-0.4481398240	-40.0980815977
1.0991972193	0.2376851139	-40.8106118382
0.5435084535	0.8915122666	-41.3241486431
-0.0734402128	1.1330104243	-40.5751139423
0.6804544479	0.8169092788	-39.9991600324
-0.1135223017	1.0602291652	-39.4420277734
-0.4202249616	0.9447044479	-38.4972592737
-0.1610631027	1.0446114778	-37.5366065184
-0.6255015830	0.9051851625	-36.6620453709
-1.0937837363	0.0615155735	-36.3994935674
-1.0503639675	0.0792997993	-35.4005949515
-1.0614878047	-0.0057014046	-34.4042761995
-0.7743993811	0.6971306064	-33.7534249098
-0.3855815557	0.9850628600	-34.6285910174
-0.4214073755	0.9658606191	-35.6277645682
0.5660765555	0.9234189211	-35.4758626642
1.0078669879	0.2950066686	-36.1161120334
0.4320499635	0.9614437154	-36.5897114601
0.9710232266	0.3532469985	-37.1724674769
0.9415029427	-0.5890765779	-36.8390685713
0.2977279852	-1.0122529253	-36.2015141947
-0.6917363413	-0.8727526668	-36.1627840448
-0.5834867570	-0.8813699972	-35.1686976456
-0.4769300769	-0.9307679366	-34.1756188383
0.4503875071	-0.9486046310	-34.5494690097
0.8740889187	-0.5842084085	-35.3787412851
1.0796665227	-0.0774618607	-34.5415162347
0.6718125071	0.8288501710	-34.4308202399
0.9180928945	0.5051765739	-33.5172659868
0.9742733322	-0.4899529645	-33.5982657417
0.1678941324	-1.0312624731	-33.3600712787
-0.8024522863	-1.1860616823	-33.1744236757
-1.0431744579	-0.2235873072	-33.2997070078
-0.9752902440	-0.4685778630	-32.3325610204
-0.1649782298	-1.0502438846	-32.2614338178
0.7516132820	-0.7374203531	-32.5104346988
0.7356373167	-0.7496376824	-31.5106369665
1.0558928091	0.1921166030	-31.6132785058
1.1012698213	-0.1346268393	-30.6692553865
0.6922660349	0.7746419238	-30.7463671179
0.3524391657	1.0187823194	-29.8381198133
-0.6240508572	0.8431817031	-29.7130931816
-0.2098728251	1.0345627402	-28.8232449606
0.7502729637	0.7550688831	-28.8214427528
1.0468432437	0.2547249233	-29.6348934218
0.7824779577	-0.7059314879	-29.5497449915
0.4945587419	-0.9956236445	-30.4625324693
-0.4824925361	-0.9713347624	-30.2509176057
-0.2359182867	-1.1045138882	-31.2108470094
-1.0008998290	-0.4604938221	-31.2172808546
-0.9615816871	0.4008356519	-30.7107577842
-1.0483616570	-0.1446206447	-29.8771231728
-1.0597369484	-0.0669356121	-28.8802101182
-0.5408753429	-0.8757409862	-29.1570069772
0.2179325781	-1.0133930387	-28.5204047061
0.9970538721	-0.3887207205	-28.5728880756
0.9949045564	0.2749202630	-27.8248399318
1.0409319564	0.2110344157	-26.8279447131
0.8099499807	-0.6681218257	-27.2447559774
-0.1016503569	-1.0471331330	-27.4039264944
-0.7830009103	-0.6990304096	-28.0478099600
-1.0540692622	-0.1485764596	-27.2581756158
-0.7256129522	-0.7577379134	-26.5363454587
0.2111362475	-1.0465265003	-26.3386029774
0.9418974616	-0.4628683633	-25.9845814708
1.0102185233	-0.3581287651	-24.9924313566
0.8632657361	0.6204425175	-24.8481984782
0.6928144241	0.7659816795	-25.8227572002
0.3706896757	1.0344422396	-26.7305923032
1.0312460045	1.2734895208	-27.4422957061
0.1268565492	1.0488373626	-27.8050781769
-0.7911840727	0.7024794664	-27.9980487037
-0.6902731711	0.8244495279	-27.0106580545
-1.0332704917	0.2785030622	-26.2462659466
-0.3844629563	0.9841405262	-25.9614422270
-0.1158980549	1.0786408091	-25.0028272937
0.2260123424	1.0421587612	-24.0638031511
