-1.0352488494	0.2842788582	123.7551228059
-1.0273255440	-0.1847808519	124.6382537190
-0.8924677390	0.5806790947	125.2674472048
-0.4568162004	0.9302858687	124.4379998946
0.1934550277	1.0408823156	123.6863911161
-0.3635491841	1.0069480676	122.8565750071
-1.0197206552	0.3383312156	122.5067314624
-0.5657900944	0.9138989825	121.8265338502
-0.8607937365	0.6135001796	120.9194873186
-0.7524592306	0.7914731616	119.9414335100
0.2016363441	1.0385957021	120.1106436881
0.3448233254	0.9847592484	121.0988739875
0.5207270398	0.9129907555	122.0806617277
0.9162599105	0.5648047899	122.9305560044
1.1001529573	0.1087829753	123.8013185736
0.7803265914	0.7590112264	124.4904588476
0.2020042443	1.0364376387	125.2576471221
-0.2178238384	1.0536122054	126.1650882580
-0.1529811479	1.0474367072	127.1629646475
-0.8032052371	0.7143470998	127.8457969455
-0.9830108670	0.3815298779	126.9201065910
-1.1835882001	-0.0240979787	126.0283472203
-0.7370990971	-0.7499917162	126.5515352962
-0.6976949237	-0.8113815128	125.5541995433
-0.2054185094	-1.0317916133	124.7121286915
0.5644709043	-0.9025636413	125.3370850276
1.0734994543	-0.2350452836	124.7936614566
0.6547362929	-0.8142995209	124.0943032199
-0.0479146516	-1.1022231356	123.4436253870
-0.9185753589	-0.6400120260	123.2753671842
-0.7464931713	-0.7765400682	122.2997915518
-0.8660193988	-0.6239123003	121.3187623752
-1.0452731028	-1.3368548963	120.6408383644
-0.0812027489	-1.0727491706	120.6122635813
-0.1897780645	-1.4252247276	121.5417647284
0.2333097999	-1.0910682732	122.3839856751
0.8559173331	-0.6181555978	123.0074545684
0.9969193468	-0.2373871960	122.0935979843
0.6366540622	-0.8497732615	121.3898990206
1.6061674662	-0.6460575875	121.2537238265
1.0445132767	0.1703759446	121.1196311007
0.9142459996	-0.5207297232	120.4087138113
1.0096222107	0.2316758171	119.7569552048
0.7635390463	0.7479435447	118.9366438556
1.0220548287	-0.1790307005	118.6648197602
0.6716837082	-0.8022763886	119.3639655893
0.2927487870	-1.0060500515	118.4612559905
-0.4365946119	-0.9635972481	117.7784266076
-0.8095133997	-0.7022528631	118.6687246982
-0.4986742664	-0.9113168976	119.5959092876
-0.9854353558	-0.3113398740	120.2308039348
-1.6002062510	-0.6516064207	119.5192735956
-1.0974326546	0.1532879787	119.2040534875
-1.2431111983	1.1220641369	119.0034281717
-0.2474016983	1.0421595718	119.0500956355
0.1089577854	1.0543826764	118.1158266624
-0.6072256791	0.8793938123	117.4402083214
-0.9859485139	0.3634662285	118.2085752537
-1.0376036196	-0.1575879738	117.3566161771
-0.9202860673	-0.5239442364	116.4335670555
-0.0934712930	-1.0696327701	116.2971802771
0.3899467236	-1.1039902104	117.1718954236
0.9665865426	-0.3999163614	117.5863426872
0.8745321098	0.5939803303	117.5255533167
0.2631655834	1.0329844064	116.8671412941
0.9596923456	0.4508822049	116.4476088203
0.9235247019	-0.5483599438	116.4619973522
0.9415441150	-1.3523749461	115.8676614399
0.2675790476	-1.0021221201	115.2172046421
-0.7063393647	-0.8205321255	115.3532487527
-1.0030658923	-0.3711088236	114.5106503528
-0.8977733544	0.6123411727	114.6580938550
-1.0525796762	0.1550311717	115.5338235883
-0.8916968313	0.5616014337	116.4331663107
-0.3722732400	0.9743196929	115.6849265287
0.0600599516	1.0623896712	114.7875237817
0.7535172888	0.7468523440	115.4352529817
1.0278973309	-0.2147602138	115.4311443250
0.9600297624	-0.4499385079	114.4615644350
0.9463055982	0.5490859709	114.4195913719
0.5023205366	0.9573429382	113.6219677051
-0.4867863487	0.9665561780	113.7688781732
-0.7637950296	0.7549595743	112.8315985628
-1.0395552732	-0.0554605113	113.3484888539
-1.0542926392	-0.2171875877	112.3617633790
-1.0267453255	-0.2780899287	111.3639998548
-0.4751160302	-0.9337090138	110.8483752473
0.3772331674	-0.9845368313	111.3688724886
-0.4404760137	-1.0034191191	111.9441942719
0.3390689522	-1.0257598235	112.5701419846
-0.4449646975	-0.9584481455	113.1871998216
-0.2499710709	-1.0247737216	114.1657591727
0.5646052577	-0.9314186551	113.5932644247
1.0178046138	-0.2984320168	112.9656194141
1.0393031611	-0.2815528136	111.9659930314
0.8497792475	0.5909145592	111.5155694868
0.0794500773	1.0477251010	111.0706907410
-0.7176120099	0.7710660736	111.6074884792
0.0411856301	1.0495033670	112.1962998371
0.8740804800	0.7162215007	112.6381248777
