-0.5546449478	-0.9529790369	-193.0276592907
-1.0572647218	-0.1050447678	-193.1961254240
-0.9819093821	-0.4167174473	-192.2489286580
-0.9243445818	0.5758397890	-192.1416140429
-1.1079362326	0.0659344025	-191.3012030704
-0.5903657556	0.9203725674	-191.2558574663
0.0045738434	1.0579076305	-190.4639414480
-0.3965178129	0.9672013157	-189.5524054653
-0.8951770138	0.5341457952	-188.8015380220
-0.8167360481	1.5292133885	-188.7408132351
-1.5071024815	1.1184546051	-188.1452702816
-1.8364078104	0.1874208650	-188.3025413064
-1.0826298963	0.1712540286	-187.6456109527
-0.7579735057	-0.7213187832	-187.3327020144
-0.0604933758	-1.4360200023	-187.2805135510
-0.2301315294	-1.0705106542	-188.1957325484
-0.9731681086	-0.4709486115	-188.4930909163
-0.8973120226	-0.5507295853	-189.4870128702
-1.0230672520	0.1864509237	-190.1509033126
-0.7846381834	-0.6794575875	-190.5906237118
-0.3713325353	-0.9935514857	-191.4453303658
0.4435974442	-0.9426107664	-192.0226467189
0.8515112543	-0.6580512619	-191.1551029379
0.3670438796	-0.9575948727	-190.3331753327
0.0363567044	-1.0706810831	-189.3962348324
0.7180602664	-0.7666572046	-188.7307652727
0.7226144837	-0.8060137469	-187.7315504201
0.6246541700	-0.8333736182	-186.7367362594
0.4365352356	-1.0007862001	-185.7689634069
-0.3918731162	-0.9822054208	-186.3287797672
-1.0172250968	-0.2996714590	-185.9505175680
-0.8937269441	0.5105301382	-186.5235110916
-0.0965898173	1.0425745277	-186.8089951870
0.5475751900	1.0065047523	-187.5730307978
0.2336634820	0.9948153834	-188.5224110158
-0.4741595139	1.0153864259	-187.8163207675
-1.1023230619	1.3678140794	-187.1226311352
-0.8728456353	1.6045934228	-186.1785571693
-0.1595596168	1.0517105341	-185.7478094853
0.7281111376	0.7707986203	-186.1126781308
1.0565947677	-0.1680512391	-186.0094335365
1.0603064614	0.1839287177	-186.9454337146
1.0358242708	0.1651590395	-187.9449577621
1.0305531431	0.3103380540	-188.9343491250
0.6953115084	0.7987353821	-189.7400048184
1.0588712962	-0.0969184619	-189.9961853651
1.0079370031	0.3785183070	-190.8744595686
1.0425474119	0.1772610294	-191.8533863421
0.4610673512	0.9559753539	-191.6178339280
0.5471743836	0.8887715490	-192.6118506419
-0.3507097863	0.9628812066	-193.0457996896
0.0351645911	1.0873086119	-193.9599215555
0.8195668172	0.6302436926	-193.5406307169
1.0393219230	-0.1765178772	-192.9921387272
0.5115179401	-0.9412293025	-193.3617863861
-0.2084227290	-1.0665202410	-194.0444192404
0.5752792796	-0.8736234623	-194.6348445062
1.1205488338	-0.2135931721	-194.1180842820
0.8442461086	0.6164276614	-194.6025656747
1.0700142393	-0.0858027268	-195.2777702607
1.1694251526	0.8277384972	-195.6721810902
0.2681684245	1.0497581896	-196.0442611439
-0.1271272785	1.0159833743	-195.1263283745
-0.7349326829	0.7925768400	-195.8883402582
-1.0150796566	0.3186517817	-195.0535272778
-0.9076958846	0.6116363286	-194.1034595009
-1.0186688505	-0.3763156209	-194.2113295446
-0.7398255931	-0.7351213169	-195.1021184704
-1.0032968113	-0.3644811249	-195.9927411544
-1.0027435009	-0.3987908082	-196.9921522507
-0.5806786575	-0.8721298757	-197.7653348910
0.4008200520	-0.9885729925	-197.6133438262
0.0573306958	-1.0396395666	-196.6755766551
0.7389400828	-0.7774733900	-195.9924386460
1.0429732387	0.0595051738	-196.4474449359
0.6461623843	0.8021418078	-196.9869187311
-0.3356911553	0.9912579464	-196.9728221772
-0.0624891550	1.0364034838	-197.9337189186
0.8604474727	0.6823388712	-198.0848024427
1.0537156346	-0.1145229540	-197.5123876899
0.9799203066	-0.3979785263	-198.4685295142
0.2200527060	-1.0243885491	-198.6423446828
-0.3340713617	-0.9688293973	-199.4729226131
-0.6168902941	-0.8812319582	-200.4280875936
0.3743651106	-0.9754214844	-200.3356697613
0.8180152711	-0.6855879922	-199.4876302092
1.0481674713	-0.0185358458	-200.1962001767
0.9769201596	-0.3848227992	-201.1239704545
0.8578174510	0.6073979167	-201.0877406906
-0.0025867191	1.0656015288	-200.8646843887
-0.7831492656	0.7241865211	-201.3882852897
-1.0272097682	0.1422479804	-200.6125391934
-1.0442329367	-0.0158708576	-199.6252658550
-0.9373826994	-0.4165444417	-198.7152967864
-1.0284966800	0.2322770530	-197.9598307643
-0.7326033161	0.7309373135	-198.7745608189
0.1955920068	1.0446483219	-198.9746579101
0.9559433258	0.4391265491	-199.2096244061
0.5178049084	0.9342349991	-199.9598925914
-0.4798463188	0.9285152770	-199.8916334257
