0.4971083906	-0.9560277524	-251.4436667946
1.0895585761	-0.3131720584	-251.9291967468
1.0622480552	0.0003328694	-252.8783905077
0.6209977559	-0.8850388535	-253.0247294488
0.4703609023	-0.9757067888	-254.0091520531
-0.5270758130	-0.9041688160	-254.0076296989
-0.6823180597	-0.7541677255	-253.0312079060
-0.1374455630	-1.0646733626	-252.2522982760
-0.6318404502	-0.8067789977	-251.4221993711
-0.1940670015	-1.0817935130	-250.5662078851
0.6439505116	-0.8586595862	-250.0682742565
0.9773674322	-0.4457290178	-249.2207357602
0.4841639017	-0.9281465986	-248.4968410474
0.2157607707	-1.1087945489	-247.5506243295
0.9586783275	-0.4691661345	-247.3532693312
1.0550946036	0.0017753957	-248.2301490133
0.8557790018	0.6268927106	-248.9848023334
0.1290882311	1.0368938299	-249.5360006697
-0.8126625536	0.7020221559	-249.5049133520
-0.8455938536	0.6325845934	-248.5078707479
-1.0701971610	-0.1932836298	-249.0250699670
-0.6300292919	-0.8594561457	-248.4230181203
-0.2612692492	-1.0243650237	-249.3377973794
-0.9047598098	-0.5916772902	-249.9692253038
-1.0734115416	0.0449794624	-250.7217043884
-0.5661983972	0.8955169008	-250.5827047766
0.4298702260	0.9811965553	-250.5602037865
0.9908092810	0.3399609392	-250.0365968144
1.0371450797	-0.2628132263	-250.8331621282
0.9433689409	0.5536589068	-251.4028807355
0.6075540087	0.9033052429	-252.2775096689
-0.0304777951	1.0749818261	-251.5268815532
-0.8774906515	0.6141544428	-251.7918482376
-0.4265541185	0.9956140135	-252.5987836992
-0.6200032800	0.8695350452	-253.5717592979
-1.0904459155	0.0307026738	-253.8457008598
-0.8196599750	0.6148938484	-254.6108123850
-0.7726249519	0.8584284271	-255.5795634446
-0.8716106480	0.5962563206	-256.5394944935
-1.0860028899	-0.1258850219	-255.8818107945
-0.8998203975	-0.5598109947	-255.0003096149
-0.0494205330	-1.0801896743	-254.9226816549
-0.4305006647	-1.0168947597	-255.8450545118
-0.4179566633	-0.9612289100	-256.8434251650
-1.1022109325	-0.2715723983	-257.0804272555
-0.9212102671	0.5788907165	-257.5743414681
-1.5554242239	0.6329389894	-258.3456075968
-1.0635980501	-0.2261821272	-258.2041228914
-1.0793672252	-0.1797178587	-259.2029183684
-0.5648342332	-0.9707469970	-258.8719671596
-0.3989998150	-0.9798060497	-257.8858551582
0.5176875163	-1.0119370775	-257.4875438057
1.0038087636	-0.2504205409	-257.0588496286
0.7734909998	0.7214622190	-257.1078152144
0.9084630385	0.5325393833	-256.1351432702
0.0840878508	1.0686620252	-256.3167419013
0.2124129813	1.0684287999	-255.3250097769
0.2805894865	1.0028620080	-254.3294933481
0.5842933357	0.8652575000	-253.3867160832
1.0403342685	0.2168119061	-253.9962609786
1.0301471945	0.4746540053	-254.9623943417
0.9088391793	-0.5066708218	-255.1116791344
0.8312248152	-0.6069396593	-256.1036076452
0.5101107519	-1.4738493915	-256.4848598905
1.3687917446	-1.2283176603	-256.9347277842
1.5270150364	-0.7956190733	-257.8222734577
1.0317374051	0.0328777529	-258.0836028990
0.9975553873	-0.2477249959	-259.0428180401
0.4967747348	-0.9536727828	-258.5419623120
0.2817170823	-0.9954200327	-259.5176709638
0.8632532849	-0.5887462309	-260.2222503164
0.0668261889	-1.0576334686	-260.6041516637
-0.7228690763	-0.7282254111	-260.0865884117
-0.8810996738	-0.5071914037	-261.0489329683
-0.8531379735	-0.5754041926	-262.0462118454
-0.0425294913	-1.0346844871	-261.6829275219
0.8229888510	-0.7361156300	-261.2807650713
1.0171939596	0.1883815595	-260.9527569581
0.8449302736	0.5959199589	-260.0559639633
0.1276967420	1.0768933791	-259.5517411651
0.6367272007	0.8461463263	-258.7224982636
-0.0479745928	1.0383919970	-258.0194868440
-0.6097837354	0.8649527610	-258.8283683673
-0.9005228457	0.6713149293	-259.7653716543
-0.6739305449	0.8330979009	-260.7258310233
-0.9190576121	0.5081961752	-261.6392595041
-0.9667059010	0.4498622792	-262.6364188680
-0.2600580987	1.0406365095	-262.2470158735
0.3124581910	1.0190943052	-261.4274055811
0.8175889575	0.9871239856	-262.2898560477
0.5643477440	0.8976143459	-263.2531093437
-0.4174944564	0.9987070757	-263.4136277340
-1.0345612985	0.3042747419	-263.7837523700
-1.1038728001	-0.4819608354	-263.1697250638
-0.3208856844	-1.0052973398	-262.8334958565
-0.2781994089	-1.0144638745	-263.8325423302
0.6044396885	-0.8915557203	-263.3788444026
0.7123586816	-0.8235625528	-262.3870125519
1.0408187039	0.0309088911	-261.9845295518
1.0955268794	0.0200765721	-262.9829731788
