-0.2823540708	-0.9859242611	129.6754703066
0.6355789446	-0.8277899284	129.3116124882
0.7513556031	-0.7270076911	130.2997616197
0.3439211994	-1.6401769192	130.2888452325
-0.2682250950	-1.0181663435	130.7770867279
0.5061201258	-0.9074281792	131.4000847520
1.0284773268	-0.0919606256	131.1507744562
0.7312809557	0.7463536109	131.6078341436
-0.0584924495	1.1155783449	132.0976617300
-0.3421161135	1.8171817314	132.7513514921
0.6569156443	1.7736282804	132.7451350860
0.7034816399	0.7750233899	132.7700324880
1.0380887944	-0.0995151430	132.4190048442
1.0645781548	0.0293982399	133.4103068433
1.0091295362	-0.3064688177	134.3505827444
0.3080881523	-1.0127733700	134.2522218910
0.6128854841	-0.8997663984	133.3065327186
-0.2671746839	-1.0199719042	132.8471366616
-0.7100960709	-0.8365993592	133.7247442930
-0.6223877840	-0.8482019348	134.7208229227
-0.9075677819	-0.5774537941	135.6402617805
-0.9823999993	0.4022416218	135.8262645525
-1.0261126282	0.2153404117	134.8448588546
-1.5337484109	-0.4544080681	134.3028783329
-1.0295746471	0.1571831762	133.6931530129
-0.9164801502	1.0447790364	134.1396764991
-0.1015617441	1.0467970951	134.7192486852
0.7079484722	0.7804348193	134.1960428483
0.0316894160	1.1273014595	133.5461526861
-0.6624178676	0.8075954261	132.9011696391
-1.0176972377	0.3554121209	132.0830578938
-1.0777807632	-0.3341166069	132.8048196991
-0.7855519273	-0.7340155078	131.9360946698
-1.0420542176	-0.1657401169	131.1542573113
-1.0169225263	-0.2236699600	130.1562530370
-0.9313527621	0.4651323737	129.4363716854
-1.0183143137	-0.4752761948	129.1076325596
-0.9629705802	-0.4608867192	128.1092688914
-0.2590374509	-1.0098599654	128.5599423037
-0.1252253240	-1.0332631835	127.5692119649
-0.1037515639	-1.0738718961	126.5702676171
-0.8801310102	-0.5955150241	126.1598901586
-1.0428420209	-0.2352027505	127.0784217000
-0.7901525272	0.6865569710	126.7843009162
-0.5020705050	1.1922171111	125.9710871858
-0.9827961206	0.3765133205	125.6493260811
-0.9867739305	-0.3457213862	124.9576894675
-1.0204882431	0.1354949920	124.0817361911
-0.9248436980	0.5389474580	123.1717481534
-1.0975785631	-0.0987400843	122.4210702832
-0.7787590253	-0.7214952639	121.7065564006
-0.5445542356	-0.9668109683	122.6472839497
-0.7301543657	-0.7851733760	123.6129756069
0.2000652744	-1.0563982485	123.3657338434
0.4870335388	-0.9312952019	122.4159978575
0.9788557316	-0.3766649946	121.7448076730
0.9122600695	-0.5515981927	120.7624821699
0.1730161532	-1.0363146931	121.2299951072
-0.6152274099	-0.8474187304	120.6443412841
0.2150420415	-1.0427028418	120.1223099116
-0.5678961389	-0.8645115675	119.5262766279
0.2577448651	-1.0511653028	118.9938507499
0.9516686727	-0.5323388664	119.4931391216
1.0497188268	0.2867113021	120.0584204577
0.5979203434	0.8740278547	119.3869017332
-0.3768518966	1.0037565723	119.5685319620
-1.0347672887	0.2508171070	119.5836811642
-0.8529072739	0.6241105559	120.4933948203
-1.0164174597	0.2596752550	121.4101561473
-0.6366248111	0.8574693924	122.1161304481
-0.1814260548	1.0682570042	121.2510508709
0.3803369762	0.9886960627	120.4275872387
0.8410714117	0.6254540901	121.2373890968
0.8144143098	0.6611321610	122.2363968416
1.0538803289	-0.1118034290	122.8239567102
0.8486837447	0.6781333589	123.4017925285
0.0168914614	1.0887884439	123.0283169621
-0.3791522456	1.0161700438	123.9436726034
-0.2756346223	1.0243791879	124.9382663454
0.4655059904	0.9783264290	125.6080347648
1.0395608475	0.1902698144	125.3857111420
0.9937286118	0.3515450675	124.3998664793
0.9336715875	-0.5029109784	123.8838257644
0.8347521964	-0.6907960950	124.8610228464
-0.0164797723	-1.0473762236	124.4759842154
-0.0925575958	-1.0510685603	125.4730792617
0.7241370751	-0.7535552397	125.9675442643
0.8126886167	-0.6631904849	126.9595083944
0.9442123609	-0.4655689337	127.9309234588
0.9905683969	0.4139611234	127.4573434797
1.0089465673	0.3097433500	126.4629587963
0.3340353792	1.0113430485	126.6915474032
0.0027647148	1.0608050884	127.6337858303
-0.8564982103	0.6107808412	127.8769841086
-0.3800263427	1.0014918703	128.6645877216
0.3341945608	0.9975118744	129.3644967590
-0.2323383257	1.0038984895	130.1885111397
0.7068066621	0.7861752414	130.4542239154
1.0624932935	0.1817711985	129.7413545212
1.0118827678	0.2950899607	128.7490856902
