0.9975959094	0.3539989243	196.4362742462
0.9157070081	0.5538564713	197.4126712806
1.0114611378	0.3700262616	198.3909542665
0.8825096664	-0.5812276746	198.6711104140
0.1926126224	-1.0678684522	198.1351786811
-0.2623972104	-1.0187394383	199.0243088134
0.5190267898	-0.9292402616	199.6418575397
-0.0338428990	-1.0348790167	200.4684018886
0.1555277682	-1.0665201750	201.4497976230
-0.7649325005	-0.6839305376	201.5296603994
-0.9993162756	0.2763704018	201.6809427569
-1.0452544163	-0.1424776707	202.5878363446
-0.9066031706	0.7131025132	203.0865931800
-0.1564486093	1.0236786906	202.5028033442
0.6547025927	0.8083636609	201.9590449738
0.5754642889	0.8652772214	200.9638152828
-0.2963574803	1.0220653581	201.4278673090
-0.6570087004	0.8896903320	200.5046081092
-1.0574131587	-0.0158893016	200.6446145267
-0.9041763726	-0.5149806783	199.7917216347
-0.9760437760	0.4696203582	199.6323608010
-1.1085330159	-0.0724351671	198.8025280414
-0.8292071578	-0.7082911261	198.0830391503
-0.4509585123	-0.9633191054	197.1931578707
-1.0829601683	-0.1954844470	197.0882586616
-0.8276685767	0.6636560911	196.6447457090
-0.2892259276	1.0183924048	195.8803886843
0.2184483377	1.0530621362	196.7412399201
-0.1484881325	1.0498307000	197.6714803109
-0.9420149932	0.4865442750	197.9017486862
-0.5273650545	0.9097941858	198.7073074621
-0.1407423886	1.1171924538	199.6059224367
0.7686448607	0.7973759182	199.3399671501
1.0640861693	-0.0006011075	199.8652738220
1.0425663350	-0.1912017279	200.8467055823
1.0048321557	-0.3479964343	201.8336156855
0.5635958712	-0.9957914000	202.4546408248
0.3887479469	-0.9686500187	203.4388621153
-0.3997226310	-1.0248031839	202.8263582624
-0.9052040600	-0.5364035883	203.5376629509
-0.9964880351	-0.3500014375	204.5158865828
-0.3104720078	-1.0301785708	204.2575436372
0.6333609566	-0.8224685138	204.5145180863
1.0469825213	-0.1233337027	203.9313133906
1.0635289609	-0.2178888030	202.9359312789
0.7652527464	0.7093362720	203.1623931081
-0.0671198127	1.0745860242	203.5792246584
-0.7719347984	0.6942699727	204.1780531287
-0.8374298649	0.5790928479	205.1692365760
0.0125140731	1.0763058128	204.9949535594
0.6552354330	0.8716502440	204.2566952363
1.0161299212	0.2975763037	204.9916743377
0.9322563744	-0.5001415373	205.5888438901
1.0218172670	0.2680089116	206.2228184435
0.8767246647	-0.5875690847	206.7197434167
0.8883811537	-0.5721690566	207.7195568820
0.0394397632	-1.0537213815	207.5018279824
-0.8311231444	-1.5270138769	207.3672380952
-0.7997532716	-0.7229049841	206.7735843076
0.0085804060	-1.0858356518	206.3100349618
-0.1226851918	-1.0581114793	205.3190754706
-0.8830185203	-0.5342780480	205.7031220379
-1.0448924913	0.2839868805	206.2547009754
-0.6187672998	0.8810262731	206.9343783142
-0.2640220402	1.0188691602	206.0096323279
0.4216326431	1.0645948316	206.7361217071
0.9653847593	0.4794446345	207.3377302866
1.0176439274	0.2622463590	208.3124578837
0.8104588257	0.6777233372	209.1981515182
1.0219816894	0.2221659059	210.0628627445
0.4141031910	0.9670579083	210.3378529917
-0.0811259672	1.0654008828	211.2010312700
0.0285683496	1.0658952423	212.1949965171
-0.9306877822	0.8010345236	212.0966274500
-1.0580007011	-0.1780031249	211.9376409614
-0.9675247153	0.3361624347	211.0847354136
-0.6461441489	0.9042048196	210.3270795680
-0.5097380698	0.9022148761	209.3364285589
-1.0452561347	0.1465072043	209.7134250006
-1.0411219373	-0.0100546723	208.7257655010
-1.0202456937	-0.2851633199	207.7645790392
-0.6811377182	-1.0436443057	208.3210971207
-0.6016758656	-0.8535008303	209.2996323898
0.2413881113	-1.0693617902	208.8070400870
0.9291494751	-0.4789519474	209.2294149491
0.5559937043	-0.8967284424	210.0577974519
-0.3770456341	-0.9859519687	210.4063326084
-0.5794048204	-0.9515616058	211.3850399511
0.3973574252	-1.0167950610	211.1808828748
1.0822559313	-0.3292960845	210.9395134617
0.8789879195	0.5837852966	211.2930166539
0.9321623403	0.5149868983	212.2892291119
0.9378724748	-0.4488611357	212.0228377422
0.2027511586	-1.0541524893	212.3281556547
-0.6597883640	-0.8295813961	212.7815797345
-0.9534487209	-0.5069825305	213.6814094777
-1.0703346625	0.1753751976	212.9597962797
-0.4668034055	0.9528739362	213.1365609063
0.5281010575	0.9377515974	213.2362425215
1.0738172322	0.0999823622	213.2545882372
