-0.9285122297	-0.6943465712	37.3798103417
-0.1822707217	-1.0483142563	37.9435749111
0.5675921975	-0.8748706881	37.3051213646
0.6436898008	-0.9739681972	36.3129576490
-0.3481028234	-1.0215498739	36.4316310433
-0.1183944975	-1.0290177664	35.4584001789
-0.0955819211	-1.0921560482	34.4606561517
0.6826261518	-0.8324162256	33.8888804789
1.4293791460	-0.5451138362	34.4887282117
0.8959051047	-1.2610099208	34.9391704870
0.9583706084	-0.3851047584	35.4175931113
0.9141665568	0.5746815360	35.6948227468
1.0893002884	-0.0173228885	36.4814986250
0.8287755492	0.6500011280	37.1792131205
1.0104695030	-0.0693509186	37.8496756027
0.7146729838	-0.7741407704	38.4944823056
1.0777882943	-0.1894483734	39.2199353173
0.9497698518	0.4595460914	39.9698802906
0.9165873797	0.5355754481	40.9664335809
0.8411504137	0.6413506629	41.9579580980
0.9928102051	-0.3139763672	41.7042859215
0.7061494957	-0.7620977749	40.8575198135
0.0311354114	-1.0388214461	41.5414642526
-0.7615109663	-0.7245002033	41.0190526560
-0.2039516816	-1.0228594282	40.2443853616
0.4718219039	-0.9815027489	39.5084372070
-0.4346705574	-0.9654957982	39.0865187371
-1.0028904753	-0.3041401993	38.5968914332
-0.9890909097	0.3349347358	39.3659121086
-1.0103473423	0.2631425271	40.3631051907
-1.0221848066	0.2849909530	41.3627964034
-1.0526588780	-0.2806589705	42.1868786171
-0.9805218359	0.5030908717	42.8037517256
-1.0267964248	-0.2432146390	43.4677447580
-0.9267405642	0.5999694103	43.9959771726
-0.2557304551	1.0781922373	43.4293658762
0.6091076170	0.8970787293	42.9611212754
-0.1783592665	1.0515644224	42.3644387149
-0.0259401669	1.0575238834	41.3761407320
-0.1783504884	1.0437588768	40.3879192900
0.1196492359	1.0439958431	39.4333533634
0.7786443988	0.7325806001	38.7487031449
0.2134936858	1.0497207177	37.9871082280
-0.6217325235	0.8632128943	38.5044205234
-1.0045453956	0.3615421069	37.7286752521
-0.4538506863	0.9578612440	37.1446043455
-0.9999378473	0.3334077155	36.5861720727
-0.9957155807	-0.3676856957	35.8731151316
-0.9215688318	-0.5672319113	34.8960360317
-0.8836238790	-0.6037490668	33.8974236555
-0.2192418685	-1.0509840575	33.2986103230
-0.3629299260	-0.9511309665	32.3140377749
-0.7594858914	-0.7658600377	31.4149170660
-1.0108752065	-0.3250660500	30.5532303058
-0.8160880056	-0.6989978974	29.6464597064
-0.9689055624	0.2890085174	29.6685983300
-0.5727052294	0.8858805860	30.3662866771
-0.5091530177	0.9618014740	31.3613731734
-1.1591785219	0.2047780057	31.4275722093
-1.0018338891	0.1523516657	32.4137233871
-0.9658525734	0.3919897911	33.3839186838
-0.3067961933	1.0008822969	32.9424499939
0.3084117711	0.9898195780	33.7307372365
-0.5940612606	1.2874511071	34.0421178717
-0.9472293302	0.4819416656	34.5179611803
-0.7250632887	0.7514956923	35.4549685851
0.0468693583	1.0903759035	35.9928163247
0.2214021194	1.0141474342	35.0111200704
0.9554193542	0.4553239717	34.6251990464
1.0608058422	0.1436005815	33.6808886016
0.8192467612	0.6233002320	32.8373618055
1.0082882875	-0.3493209392	32.7021902157
0.7336277018	-0.7923839585	31.8488106264
0.2094439821	-1.0473870918	31.0362807316
0.1967299736	-1.0151098775	30.0368826450
0.9896920141	-0.4094394637	29.9707422473
1.0198896904	-0.1781887495	30.9431676724
1.0114249482	0.3250291804	31.8072857565
0.3282440789	1.0364927754	31.9718562668
0.5116529074	0.9248097118	30.9951843183
0.7678984834	0.6976421780	30.0556455398
0.0173562640	1.0723567856	29.5113337360
-0.6121324830	0.8109113807	28.7796300953
-0.6507455327	0.8191772833	27.7804100458
-1.0555000139	0.0956242854	27.2212634915
-1.0821329364	0.0701701982	26.2219423334
-0.6432203555	0.8781905965	26.6149547788
0.3289194816	1.0539350183	26.7700613084
0.9863117657	0.3121746791	26.6372946561
0.9078878279	-0.5186206116	27.1883199467
1.0616310313	-0.1597147392	28.1089445186
0.8115618620	0.7033868927	27.6701723869
0.5344003122	0.9217001226	28.6058650763
1.0199325546	0.1947081919	29.0913969233
0.7245184049	-0.7475097565	28.9334228181
0.3578505007	-1.0330692673	28.0479791927
-0.3326125145	-1.0338551694	28.7713464624
-0.9997479655	-0.3020546533	28.6320687017
-0.7555165460	-0.7502096396	27.7721221208
-0.1253122655	-1.0507195105	27.0562056575
