1.0552897053	0.5265068004	-230.2507348287
0.3267275529	0.9866888025	-230.7581101485
-0.6507906465	0.8375099027	-230.6091006666
-0.1079406751	1.0505126008	-229.7967314407
-0.6541448011	0.9108346679	-228.9708070327
-0.9150499617	0.5116440697	-228.0918443694
-0.5610426198	0.8861467098	-227.2348574532
0.0377910776	1.0471122932	-228.0193880669
0.4733603874	0.9712972696	-228.9163448432
1.0460238415	0.1809311650	-228.6986799884
0.9609441880	-0.4396175009	-227.9191411466
0.9975111464	0.3131352126	-227.2618541395
1.0792256219	-0.0171638477	-226.3215216051
0.9629745942	0.4508787553	-225.4454954524
0.4665810715	0.9597874860	-226.1487773123
-0.5331632581	0.9412263102	-226.1358638283
-0.0998743740	1.0339836605	-225.2393947453
0.5292980272	0.9125070174	-224.4716802705
1.0544564494	0.0798368356	-224.2959845110
0.8650881508	0.6391245277	-223.4889300365
-0.0285306396	1.0867334969	-223.4558896344
-0.5605078418	0.9013197106	-224.2820990414
-0.9913438992	0.2403969460	-223.6676387980
-0.7812226983	-0.7104640548	-223.8950424880
-0.5056572637	-0.9192089280	-222.9566985910
-1.0677184986	-0.1412678376	-222.6758163591
-0.9535586328	-0.6120731526	-221.8009964460
-0.1011577253	-1.1292720943	-221.8779246435
-0.3699851970	-0.9896258792	-220.9249132453
-0.4330593121	-0.9705827377	-219.9270860986
0.3601788149	-1.3715572736	-219.4688364991
0.0101199423	-1.0399337740	-218.5927744920
-0.3141890192	-0.9988598371	-217.6477154308
-0.9819210877	-0.3551112118	-217.2739219155
-1.0309710319	0.1428018719	-218.1397606210
-1.1955597420	-0.8408326532	-218.2130659930
-0.9551941517	-0.4225223541	-219.0889888644
-1.4859374430	-0.5825297977	-219.9212803859
-1.0323281800	-0.1713096636	-220.7119362135
-0.9761959098	0.4090069661	-219.8994820440
-0.8648188722	0.7539942093	-218.9675062088
-0.1794656757	1.0689197485	-218.3109143257
0.6000451902	0.8312075909	-217.7313837053
-0.2442683579	1.0288160944	-217.2333018727
-0.5089564724	0.9302253852	-216.2740208534
0.2697228439	1.0151912600	-215.6523784139
0.5989318272	0.9188613401	-216.5917090223
1.0623399287	0.1045509985	-216.9412109522
1.0441752728	0.2281489337	-215.9490448393
0.8127504626	-0.7444449699	-215.9714871221
0.0322808931	-1.0803070656	-216.4988047717
0.6671457920	-0.8305502476	-217.2299464078
1.0088602682	-0.2899848990	-217.9987248678
0.9879305729	0.3735950758	-218.7465373877
0.9048385808	-0.5794469830	-219.0377530382
1.2193616805	-0.2752114567	-219.9369281959
0.5925437770	-0.8909396632	-220.4143987099
0.7529394573	-0.7613048368	-221.3929016672
1.0594346988	0.0413285284	-220.8811982883
0.6806052022	0.9662819790	-220.9120094345
0.7901090869	0.7136894092	-219.9506531566
0.0700380245	1.0816138278	-219.3623256227
-0.1833154769	1.0189706924	-220.3276690025
-1.0564531415	0.9066287556	-220.8020210952
-0.2827387192	1.0478752332	-221.4196094899
-0.9978242360	0.4233938602	-221.7337364044
-0.5342628691	0.8672636658	-222.5006069637
0.4576006292	0.9886528562	-222.5389666448
0.9401684215	0.4492040316	-221.8489497671
1.0911148755	-0.0265388424	-222.7154853323
0.5783070014	-0.8845862036	-222.6875065894
0.7661255347	-0.6934496978	-223.6509333041
0.1262605970	-1.0469403439	-224.3332948099
0.7305519278	-0.7162330455	-225.0581842292
0.4329256265	-0.9718938724	-225.9779973224
0.6914458430	-0.8209060867	-226.9321304296
-0.2885532527	-1.0192744175	-226.9479979356
-0.6193739539	-0.8680451500	-226.0165005538
-0.6975016403	-0.8261957400	-225.0204359517
-1.0422246281	0.0796610441	-224.7742865084
-1.0534509156	0.0871038098	-225.7741957921
-1.0269099693	-0.1009610251	-226.7559937327
-0.9051372682	-0.5028352423	-227.6635555889
-0.1400979764	-1.0399604780	-228.0188179751
0.5331050174	-0.9440024076	-228.7520231156
-0.4083865862	-0.9826824330	-229.0868326377
-1.0283995295	-0.2173431255	-228.9140909392
-1.0381255375	0.2907291053	-229.7753504895
-0.8521714692	-0.6580498284	-230.0307709653
-0.7164306751	-0.8149719393	-231.0090091203
0.2384303798	-1.0225414436	-231.2215068066
0.3778590678	-1.0083217845	-232.2116368194
1.0514782830	-0.2703454457	-232.2519862457
1.0072056870	0.3094110802	-233.0655723247
0.3221350560	1.0267386917	-232.9386104077
0.6585196025	0.8342917238	-232.0167592259
1.0427234451	0.2459558074	-231.3052479774
0.9753451973	-0.4773289312	-230.6179930329
0.9393596406	-0.4516091215	-229.6189717463
0.2307584498	-1.0323848243	-230.0197010006
