0.6032121935	-0.8699923255	176.7586049478
-0.3920790177	-0.9556176792	176.7131769403
-0.9064212411	-0.5185588553	175.9753208150
-1.2675384290	-0.1840302712	176.8457718492
-0.9076310696	-0.5121714903	177.7191503656
-0.8704466077	-0.6431043411	178.7098440137
-1.0172680581	0.2873927985	178.3742571622
-0.9119787378	0.6597041394	177.4521408872
-0.7952292978	0.6815224990	176.4592191746
-0.7979257430	0.6721241656	175.4592669755
-0.0302789468	1.1298729608	175.9078028567
0.7358534022	0.7848506655	175.3655844141
1.0477770215	-0.0797426911	174.9716529688
1.0441632561	-0.1073810868	175.9712644233
1.6213018742	-0.5524646112	176.6559626574
1.0388920850	0.0588299167	177.1917964352
0.7591629874	0.7963218011	176.5770954083
-0.0199728759	1.0893317481	177.1312546611
0.7081298318	0.8400760714	177.7697983595
1.0574818353	0.1237030764	178.3737544088
0.8648944390	-0.7435743963	177.9146902736
-0.0672470461	-1.0677243930	178.0760564145
-0.0048791549	-1.1136648511	179.0730517607
-0.5528577254	-0.8927385088	179.8798423392
-0.4499203578	-0.9736630231	180.8712328382
-0.2006914009	-1.0257207908	181.8382772611
-0.9759539584	-0.4444327137	181.5911494836
-1.0184378523	0.3777638625	182.1587654708
-0.5539453397	0.8907646506	182.8806220335
0.4379356960	0.9798058513	182.7898273440
1.0775076244	0.2141586584	182.7210369049
0.9790137221	0.4433565114	183.6894207623
0.2075810885	1.0471502948	183.8902310186
-0.5062980405	0.9382113496	184.5819743925
-1.1220951320	0.1555868365	184.4909095066
-1.0184236769	0.1571155115	185.4855199291
-0.8560059807	-0.5987889522	186.1197351401
-0.3041409038	-1.0832564504	186.7985106405
-0.0356774932	-1.0531655802	187.7613304246
0.6870752673	-0.8951931809	188.4341403297
0.6400335354	-0.8252405892	189.4305808499
0.2737238996	-1.0271565096	190.3389019450
-0.5808539295	-0.9082645968	190.8444328017
-0.9177362617	-0.5003488401	191.6930287184
-0.6230017064	-0.8445985215	192.5844453991
-1.0861497570	-0.1523456440	193.1378709468
-0.7405316802	0.7440813802	192.8604421535
-0.9228744958	0.5482728636	191.8969017431
-0.9874437385	0.3354824929	190.9219396562
-0.8193539367	0.7416307079	190.0237250682
-0.7770960052	1.4409493857	189.3101652220
-0.9132424843	0.5058138917	188.9830784688
-1.4286794035	-0.3070934874	189.2541990608
-1.3561331891	-0.4013144173	190.2471036197
-0.6202186670	-0.8397172102	189.7311260938
-0.3317074613	-0.9909466559	188.7856680360
-0.9597630062	-0.4171611042	188.2600099979
-0.9317464504	0.4995787512	187.8615089186
-1.0326500726	-0.1766831006	187.1317909136
-0.8442721988	0.5821193357	186.5083066401
-0.0914570756	1.0643324747	186.0602665987
-0.0261200118	1.1089061121	187.0571338210
0.6240308029	0.8670700729	187.7774249068
0.1099223925	1.0520896860	188.6149571660
0.1746212292	1.0372638966	189.6127518625
0.9250582612	0.5062842156	189.2191723414
1.0775597227	0.0856385515	188.3248566647
0.9380845588	-0.4384228582	187.4846743527
0.9612750589	0.3774652543	186.9069297823
0.8498753446	0.6098685280	185.9407109551
0.4439479462	0.9884536023	185.1089079203
1.0138200788	0.1902195385	184.9137973573
1.0913929890	-0.4363955277	185.6892559329
0.6847981454	-0.8413511317	186.5082135581
0.0956528889	-1.0646658746	185.7316580918
0.5618429245	-0.9203070519	184.8588308575
0.1110308649	-1.1002828604	183.9845441795
-0.6104287596	-0.8253908226	184.6200993524
-0.9067012286	-0.5278932711	183.7125103314
-0.9011421395	-0.5431759541	182.7126425721
-0.0452996790	-1.0099464967	182.9354854395
0.8191478474	-0.6501456739	183.2865891875
0.7834778287	-0.7802857162	182.2957354046
1.1266624489	-0.2459523563	181.5232639314
0.5836875712	-0.9449440253	181.0578727745
0.5591103036	-0.8752288576	180.0606086403
0.8866271969	-0.5739304726	179.1650909309
1.0460567383	0.1929474071	179.7867665208
0.9512519232	0.4580244436	180.7463217363
0.7847325687	0.7564172208	181.6861265326
-0.1580344098	1.0599911498	181.8240877369
0.0933882983	1.0626520885	180.8562140151
0.3355633856	1.0117775750	179.8873161820
0.4616416916	0.9618708339	178.8965520436
-0.2675976201	1.0571572961	178.2189603402
-0.5840292941	0.8694653230	179.1488220068
-1.0517979068	0.0574192414	179.4977828732
-1.0699193775	-0.1433748173	180.4772487268
-0.8939007173	0.5938543421	181.1295604605
-0.6841843398	0.8150526885	180.1771475603
