0.7689994087	0.9932241582	-162.7989501121
-0.2265541111	1.0405043424	-162.7174775811
0.2188320869	1.0375537380	-161.8221438843
0.9611968493	0.3675883737	-161.8285446885
1.0582551443	-0.0804653867	-162.7172670946
1.1246527356	0.0917231438	-163.7000908173
0.5825193742	0.9066968039	-163.9048085541
0.8308921855	0.6281919183	-164.8325725194
0.3827063335	0.9843306585	-165.6525082728
-0.6071380419	0.8662159353	-165.5734069156
-0.1247279609	1.0642611178	-164.7201434045
-0.4976505086	0.9796509184	-163.7961467121
-0.9946582535	0.3716664457	-163.1770036087
-0.9833387705	-0.3314030125	-163.8880346954
-1.0349971070	0.1339471497	-164.7716526235
-1.0532657046	-0.1366894301	-165.7341608572
-0.6609422050	-0.8253954151	-165.1244344120
0.0143259579	-1.1242728915	-164.4501309475
0.4407829481	-0.9687867225	-165.3411744295
0.8904545110	-0.5989580991	-164.5281416659
0.6380822746	-0.8465346319	-163.5927197746
0.4565526450	-0.9915871562	-162.6200909868
-0.3707173269	-0.9892335636	-163.1818906434
-0.9583457082	-0.4890000246	-162.5459195026
-0.5350293902	-0.9603512690	-161.7722068302
0.4125005448	-0.9809672139	-161.4532052551
0.4138136576	-0.9538269812	-160.4535744815
-0.0825900679	-1.0596037171	-159.5919512323
-0.9412562075	-0.5525250593	-159.5173610494
-1.0558233136	0.0698585272	-160.2916433296
-0.7109054049	-0.7563439199	-160.7370882225
-1.0938694705	-0.0900411844	-161.3769156907
-0.7968181767	0.6989017185	-161.9148093835
-0.5411901897	0.8678508993	-160.9629110137
-0.4585608592	0.9781185544	-159.9724497888
0.2583364098	1.0266419792	-159.2769616271
0.9387709733	0.4511456588	-158.8232956818
1.0219680751	0.2692280633	-159.8030835316
0.8879241156	-0.6414788201	-159.4123851960
0.5036781696	-0.9412612621	-158.5391810158
-0.4937448631	-0.9097501424	-158.6036352105
-0.2675465296	-1.0200743274	-157.6358217532
0.4747027974	-0.9425836651	-156.9701933780
0.6621870703	-0.8127823031	-155.9965398185
1.0746939295	-0.0699066581	-156.5237720891
0.9173158014	0.5198345994	-157.3158815349
0.3396060835	0.9842932677	-157.9870965728
-0.5214803997	0.9809672114	-158.4955442160
-0.9813644603	0.4584033972	-159.2134813378
-1.0379694853	0.0250734789	-158.3140253616
-1.0230982706	-0.1917433875	-157.3379263434
-0.6930510156	0.7457165659	-157.4485502336
0.0444564274	1.0526976021	-156.8470143534
0.6603323057	0.8457300670	-156.0868424374
0.3779189232	0.9844246743	-155.1376288222
-0.5360498929	0.8974924920	-155.5339920381
-0.8872018623	0.5816897358	-156.4154459016
-1.0715709627	-0.3248575254	-156.0357353566
-0.4654023070	-0.9652468987	-156.5073930835
-0.3758067032	-0.9657075307	-155.5114149634
-0.0771575234	-1.0674061068	-154.5624860583
-0.3814325378	-0.9777678065	-153.6141286938
0.4576305147	-0.9603675278	-153.0703728440
0.7725716373	-0.6821282778	-153.9777840016
0.8535090949	-0.7271845789	-154.9734842867
1.0623391071	0.1519761899	-155.4018140297
0.9980844815	0.3433003624	-154.4223925657
1.0145480851	0.2907695553	-153.4239089835
1.0689364050	-0.0116749678	-152.4722949750
0.8716093329	-0.9366643562	-152.1475540660
-0.1229638900	-1.0366172359	-152.1186832123
0.3530397099	-1.0196831809	-151.2394029324
-0.3712233665	-1.0054041322	-150.5500270517
0.1715222210	-1.0421963814	-149.7109361403
-0.7745889760	-0.7604447326	-149.5512814775
-1.0609175635	0.0795432225	-149.0903734877
-0.6520125478	0.8489143383	-149.5811532493
0.1483288716	1.0941206597	-150.1282615315
0.8448001958	0.6198981811	-149.5897072303
0.9119605272	0.5238445883	-150.5828150780
0.9398562091	-0.4626227944	-150.4212479593
1.0466296329	-0.2029481444	-151.3810231997
0.8540151499	0.7216228184	-151.7097604742
0.5184016705	0.9038823030	-152.6339601673
-0.4572963754	0.9531801256	-152.4204582990
-0.8625326950	0.6268685251	-153.2744514282
-1.0240407198	-0.1332892335	-153.9037965958
-1.1257391613	-0.8417507288	-154.6021802558
-1.0492405892	0.0586815790	-155.0303970554
-1.5268005375	0.6770045930	-154.4062070634
-0.5531917875	0.9046455169	-154.4225046609
0.0381024152	1.0929303836	-153.6383363276
0.0377894874	1.8277796481	-152.9601059387
0.2649216356	1.6956444935	-151.9952477687
-0.0433082918	1.0550859870	-151.2919134872
-0.7864866794	0.8063492028	-150.6707726847
-0.9629925365	0.5021382664	-151.6068823944
-1.0312499623	-0.1712937556	-152.3429735814
-0.8893917181	-0.5830667305	-151.4427962347
-1.0961664905	-0.2196913229	-150.5343896590
