0.1569883108	-0.9940536054	-235.3355896054
-0.4800205902	-0.9373611109	-236.1043585050
-0.8934750558	-0.5569756551	-235.2770965695
-1.0652730079	0.1001177177	-236.0110677972
-0.9422053067	0.5847626531	-235.1450576198
-0.0831979487	1.0800432273	-235.0154292595
0.8181954404	0.6481005707	-234.9851720374
0.4943690446	0.9656361714	-234.0939326713
1.0770666804	0.1752907896	-233.9046771753
0.8288314858	-0.6519405215	-234.4087284090
1.0141390249	-0.3924065104	-235.3565169999
1.0269780788	0.2364201696	-236.1339564929
0.3906222479	0.9880523110	-235.9604618802
-0.5328450027	0.9323640327	-236.3400762275
-0.9883604313	0.3963169650	-237.0508217766
-0.8775750328	-0.5873748552	-237.1925151013
-0.4966196646	-0.9706596949	-238.0339221010
-1.0409161837	-0.1607009238	-238.2523439141
-1.0507235391	-0.0203548971	-239.2423978564
-0.8437939515	0.6272718276	-239.9757189124
0.0478660101	1.0526869985	-240.1305234516
-0.1949245723	1.0375913202	-239.1605621877
-0.6428796247	0.8506597723	-238.2862665469
0.3328834796	1.0340491769	-238.1668735374
-0.2344189556	1.0685515693	-237.3440870938
0.6641433199	0.8484992837	-236.9643992897
0.9985463818	0.3394851092	-237.7575443977
0.9792849174	-0.3830653862	-237.0664946329
0.6181801486	-0.8981657004	-236.2891433531
0.0885178275	-1.0960094523	-237.1139558624
0.5608586378	-0.9465923328	-237.9826149919
0.9977631452	-0.3655029980	-238.6692368939
0.8959294166	0.5920121239	-238.9390417919
1.0217024812	0.1557962938	-239.8300507065
0.7048614295	-0.7694373080	-239.6213534854
-0.0836247050	-1.0719557863	-239.0858423408
-0.5781521480	-0.9058004221	-239.9389748059
0.1778288055	-1.0403628597	-240.5795883777
-0.1956602275	-1.0583225152	-241.5070491008
0.5149885991	-0.9002821537	-242.1926156471
1.1317252028	-0.2599344876	-242.6504265559
1.5842818095	-0.8048486356	-241.9445504413
0.9543986222	-1.2033627000	-241.2778918250
1.0202494741	-0.3545154438	-240.7533710905
0.8859778731	0.6339717354	-240.8231151493
1.0478730152	0.1493453039	-241.6827238888
0.5252158715	0.9404294636	-242.0005530293
-0.0756439544	1.0703282683	-241.2118238171
-0.9098175797	0.5335987695	-241.0850334083
-0.9475233692	-0.4444476671	-240.8800859970
-1.0251048009	-0.3504690164	-241.8726327892
-0.6165080730	-0.8294467190	-242.6495684844
-0.5560419396	-1.4622454002	-243.4215203455
0.3026930872	-1.0012736479	-243.1977365273
0.3592538462	-0.9942846376	-244.1961112236
-0.4425304302	-0.9659769894	-244.7930539772
-0.7148393039	-0.7909902097	-245.7392186057
-1.0238553630	-0.0304206675	-245.1682168136
-0.9925517728	0.3925949667	-244.2626353107
-0.9388331250	-0.4506047637	-243.7277254850
-1.0000922850	0.3187369323	-243.0918318854
-0.7907569502	0.6812077899	-242.1836504085
-0.1183772827	1.0563715589	-242.8217395317
0.7641657911	0.7091885176	-243.1388856473
1.0190822218	-0.0707679664	-243.7104497263
0.7801862128	0.7336902367	-244.2543023684
-0.0796702253	1.0337393658	-243.8412437455
-0.2371185644	1.0346807891	-244.8287705220
-0.5479774389	0.8796152188	-245.7664919247
0.2798476626	1.0451806837	-246.3024897588
0.7159152043	0.7976181567	-245.4372973557
1.0636408493	-0.0474851039	-245.0312341159
1.0819290196	-0.0518595211	-246.0310573040
0.9893709119	0.4854928330	-246.8693206541
0.9342774872	0.4775746980	-247.8677704614
0.2733891395	1.0151913828	-248.3914066826
-0.6513034749	0.8792785175	-248.0357787001
-1.0634272814	0.1032417657	-247.5583680509
-0.6908524826	-0.7949434748	-247.7917160592
-0.5852756035	-0.8655458953	-246.7998144407
0.3508423681	-1.0024683413	-246.4758771209
0.2944121097	-1.0813432010	-247.4711632016
1.0487399453	-0.4660816452	-247.2421594149
0.8780964212	-0.6088072050	-248.2171005424
0.0633758118	-1.0736114323	-248.5637810276
-0.7736879144	-0.7193688758	-248.9807181086
-1.0351318742	0.2413182726	-248.8872983105
-1.0637510188	0.0014409411	-249.8576795811
-0.8509073373	0.6230454580	-250.6115399076
0.0193968318	1.0813274216	-250.4311284472
-0.5202553755	0.9289104624	-249.6031522605
0.4643573414	0.9127059555	-249.4291545254
0.9949456036	0.3356035061	-250.0499836959
1.0529935278	-0.0643930621	-249.1353071498
1.2897613959	0.8411547563	-248.7832785639
1.0566952362	1.7943713721	-248.5907733731
1.0110095366	1.5343894792	-247.6262412418
0.1637257223	1.0758335603	-247.3582177219
-0.6713963701	0.8378553851	-246.8622968825
-1.0495349685	0.0914952760	-246.3146128604
