0.7073557768	-0.8333065502	178.7671652309
1.0667835458	0.0549951671	179.0530528626
1.0673302981	0.1588678514	180.0476433143
0.7270340716	-0.7550593218	179.8264293898
-0.1134448901	-1.0799991142	180.2600297198
-0.2370671308	-1.0228196783	181.2507103211
0.2537481945	-1.0212201813	182.1219724849
0.9800133146	-0.3447251671	181.9999336755
0.8386484286	-0.6153539696	181.0476857980
0.9903529909	0.3640746570	181.1807470286
0.7636998921	0.7958544894	182.0537845703
1.0022527105	0.3452567688	182.9140486268
0.6870128263	0.8158443716	183.7381670184
0.1924044997	1.0917944624	182.9140225222
-0.4843709169	0.9223357573	182.1976017082
0.0504324568	1.0811730648	181.3676884229
0.5215198206	0.9825385003	180.4911338505
-0.4756518390	0.9084848753	180.4782986683
-0.9332576545	0.5029589778	181.2695923332
-0.9685391998	-0.3926670234	180.8261858848
-0.9143343136	-0.5525891567	179.8405456149
-1.1497024623	-0.8768044207	178.9243107666
-0.2069855508	-1.0858948896	179.1842453750
-0.3112063101	-0.9935113101	178.1939912119
-0.3254895283	-1.1623753057	177.2084553472
0.3288625742	-0.9704445104	176.4770280467
0.9143944414	-0.4980077537	177.1357813719
1.0337467434	-0.1191135591	176.2180699699
0.8796229591	0.5740452590	176.9221841026
0.9272419912	0.5223477061	177.9197109397
0.4777011085	0.9543961659	178.7015338884
0.0837862256	1.0584762014	177.7882987537
-0.7926987480	0.7078240025	177.4584243436
-0.7064079393	0.9279285152	178.4300764932
-0.3911441540	0.9906505819	179.3770055761
-1.0416169281	0.2629437099	179.1594558611
-1.0519409255	-0.0843915498	178.2217716752
-1.0191650740	-0.3711424269	177.2643273280
-0.7810212951	-0.7235676172	176.3592947176
-1.0445981438	0.2398871420	176.4070667995
-0.4018100426	0.9975670765	176.5199586676
-0.3744532370	0.9760477633	175.5205645890
0.5169640992	0.9002978516	175.9673722475
0.5327352929	0.9114246581	174.9675585330
0.1647853500	1.0561354555	174.0490425426
0.8247656199	1.3790278338	173.3706867691
0.1147277955	1.0402562575	172.7533699079
-0.6291714748	0.8433815602	173.3920045681
-0.8133433987	0.7034793016	174.3648910262
-0.9968260173	-0.2783969835	174.4123577463
-1.0614936053	-0.0154298510	175.3749928746
-0.5490828236	-0.8692046728	175.2827771243
0.4464643964	-0.9410575973	175.3437926142
1.0496584276	-0.1726198600	175.1301096609
1.0428052049	0.3092577450	174.2538979244
0.9100634979	-0.5882778831	173.8334107839
0.0335141306	-1.0656512392	173.8948590193
0.0843707581	-1.0730144151	172.8961801985
0.9055930326	-0.5430933728	172.6845728621
0.9901248609	0.3258196367	173.1722659540
0.9493030458	0.4573157068	172.1817901275
0.9515441528	0.4710040068	171.1818863282
0.9395198643	-0.4843848785	171.4769922316
1.0046811267	-0.3169026660	170.4932729025
1.1508967815	-1.2884609724	170.6795400215
0.1972643291	-1.0271190129	170.8288233961
-0.1638953190	-1.0477091355	171.7611000479
-0.8062778054	-0.6858793640	172.4366916091
-1.0152046047	0.2817721426	172.5781135114
-0.7842507902	0.7111723077	171.7050294182
0.1590068573	1.0424120820	171.6816794215
-0.2728081086	1.0281204346	170.7798304408
-0.9968868252	0.3642783256	170.5926843304
-1.0777262089	-0.0272088024	169.6760585492
-0.9264324495	0.4771112316	168.8258988574
-0.1836076609	1.0629464124	168.5018487463
0.0550970317	1.6219777506	169.2958915869
-0.5158566676	0.9237438290	169.7277263515
0.4481672189	0.9213133634	169.9935308645
0.7491628998	0.7590431174	169.0538128390
0.7744461242	0.7529375346	168.0541511560
0.8934796662	0.5335811788	167.0857949173
0.9633438070	-0.3865915398	167.4710236412
1.0495180638	-0.1813734770	168.4459387884
1.0518576031	-0.2360905967	169.4444379438
0.4967029118	-0.9840364857	169.8082788647
0.4326962751	-0.9616009801	168.8105816168
-0.0891275268	-1.0420952869	167.9613345465
0.2388830828	-1.0534079822	167.0167282460
-0.0982368527	-1.0578681739	166.0752771024
-0.7699920674	-0.7045178316	166.7263442781
-1.0303676548	0.2609727564	166.7206453463
-0.3786933060	0.9795256614	166.4777415260
-0.0081969482	1.0847880311	167.4005916126
-0.8507990731	0.6572414897	167.7280448368
-0.9967239052	-0.3317531419	167.7524489800
-0.8318478121	-0.6450453094	168.6876836520
-0.5278531189	-0.9592498736	169.5870516069
-0.8056747551	-0.6919702997	170.5097524078
-1.0275657984	-0.3344619456	171.4169195046
