1.0630873842	0.2892481571	-166.6438137104
0.4384249581	0.9667279393	-167.0321666405
-0.4719995183	0.9441174123	-167.4452235819
-1.0270933738	0.2765769248	-166.9489771622
-0.9059838704	-0.5609415481	-167.4817954197
-0.9926722389	0.2135905638	-168.1083615649
-1.0246966756	0.3349534818	-169.1004530313
-1.0656474139	0.4486013095	-170.0931298207
-1.0179835654	-0.3289898060	-170.7200909157
-0.9702077601	-0.4555183887	-171.7109026991
-0.8039909506	-0.6936461443	-172.6678076809
0.1314087331	-1.0403035545	-172.7374932019
-0.1078123923	-1.0607551375	-173.7082429049
-0.9240772124	-0.4850085901	-173.7554409636
-1.0739941090	0.1833880605	-174.4839811762
-0.4654575880	0.9431291118	-174.2549029413
-0.7999550445	0.6815027072	-173.3495504817
-0.2641638490	1.0355229240	-172.5830014089
-0.9993842621	0.4064500991	-172.3305765189
-0.8862835906	0.6010031008	-171.3562268036
-0.3556219501	1.0246671209	-170.6221239353
-0.3106490739	1.0126654138	-169.6232078229
-0.2602499554	1.0173998892	-168.6244898880
0.2563194617	1.6266584512	-168.0228587370
0.7313398244	0.7471103997	-168.0502609277
1.0181854714	-0.1813304881	-167.8142162441
1.0568530547	-0.0533701217	-168.8052414520
0.7237201577	0.8021442717	-169.2016220716
0.5904664377	0.9521036897	-170.1812932507
0.5664380386	0.8933086781	-171.1792741035
0.7356697663	0.7555960603	-172.1551818129
1.1242339867	0.0791174413	-171.5295664961
1.5927890994	-0.7661212009	-171.2726078532
0.7929109951	-0.6818775426	-170.6783873349
1.0668192760	0.0433790358	-170.0467409551
0.8503988441	-0.8377736334	-169.6263457003
0.0158851698	-1.0582143203	-169.1213775518
-0.1730192134	-1.0174805637	-168.1402272600
-0.9647519707	-0.6565493778	-168.6330638658
-0.8579037091	-0.5947001471	-169.6254136638
-0.2126211948	-1.0245915569	-170.2569228502
-0.1857440373	-1.0559782783	-171.2560687315
0.6401257112	-0.8580124424	-171.7840352894
1.0077319515	-0.2994875547	-172.5276182383
1.0431534859	-0.1076576348	-173.5084070009
0.8934119927	-0.5487181240	-174.3933042435
0.1955380848	-1.1531520936	-174.7775328019
0.8150433500	-0.7289655370	-175.4380469892
0.5007938325	-0.9288513277	-176.3661056680
-0.0561349980	-1.0867976070	-177.1815094028
-0.8349481907	-0.6126015906	-177.5921042746
-1.0020186042	0.3539099473	-177.7868937099
-1.0402931179	-0.2040223580	-178.6158970900
-1.0583173635	-0.1078595330	-179.6110995004
-0.5136222629	-0.9456167763	-179.5727582857
-0.3593381060	-1.0221502128	-178.5877004031
0.4751851943	-0.9612048192	-179.1352919665
1.0268556191	-0.2705957452	-178.6676180959
0.6931316184	-0.7846767962	-177.8774605392
1.0179160251	-0.2630442608	-177.0885279773
0.9891903133	0.3968070289	-177.8393749051
0.5962396168	0.9273535613	-178.5904475561
0.9150081855	0.5574562593	-179.4631230889
1.0141845407	-0.3535934806	-179.8633135712
0.6498479638	-0.8503800314	-180.6510076626
-0.3350447661	-1.0220521482	-180.6737011605
-1.0240611366	-0.2977819546	-180.6999524041
-0.9673016539	-0.4071563895	-181.6923311595
-1.0474504211	-0.2707763503	-182.6797402236
-0.3852538491	-0.9786533780	-182.4339642817
0.3203053912	-1.0141999654	-181.7262054255
0.9311868582	-0.4985273694	-182.3269596240
0.9422373807	0.4798890223	-182.5333070264
0.7166898772	0.7823372445	-181.6072112448
1.0404972746	-0.1022338088	-181.2715286253
0.9137537136	0.5603628194	-180.5333539996
0.0767729986	1.0645012413	-180.7462101349
-0.7434788330	0.7569611211	-181.2285025847
-0.8243304658	0.7109321830	-180.2328398153
-0.2132328868	1.0213231610	-179.5046796751
-0.5045017106	0.9194695895	-178.5534760574
-0.0842238318	1.0329077037	-177.6531992673
0.5988346534	0.8730929215	-176.9405350117
-0.0302542456	1.0715431859	-176.1889602318
-0.7960390558	0.6776857853	-176.6973399840
-1.5004565346	-0.0110914530	-176.8687515697
-1.6216694004	-1.0017931317	-176.9305385011
-0.7752000105	-0.7084590784	-176.4861909962
-0.3384772249	-1.0280947320	-175.6452948923
-0.7730376277	-0.7566582316	-174.7865286362
-1.0565992658	-0.1861208182	-175.5572943965
-0.7612781498	0.7592386100	-175.4191604400
-0.4209363989	1.6961526814	-175.3394138702
0.2677666695	1.0228539612	-175.0704214595
1.1936927828	1.3685042564	-174.9181496430
1.0486300380	1.0864316697	-175.8665123668
1.0461730044	0.1161725505	-176.1085685683
1.0284679958	0.2930871586	-175.1245016223
0.8291197869	0.6419782770	-174.2087859027
0.6042088847	0.8860787455	-173.2654778685
