-0.9285122297	-0.6943465712	37.3798103417
-0.1827169588	-1.0514501953	37.9421860307
0.5762323557	-0.9024724002	37.3083078448
0.6448676127	-1.0089792502	36.3163675782
-0.3484927883	-1.0145135650	36.4312783487
-0.1207537673	-1.0778641072	35.4596191250
-0.0982101134	-1.0730331045	34.4598849378
0.6806466506	-0.8200405650	33.8859712543
1.4387759694	-0.5556815613	34.4820872272
0.8862349950	-1.2570626403	34.9323794143
0.9649325129	-0.3741161550	35.3952100582
0.9404568256	0.5880152411	35.6666950805
1.0754835493	-0.0201366408	36.4489476436
0.8489774228	0.6577090404	37.1483904269
1.0135839397	-0.0395923999	37.8460116678
0.7284895228	-0.7736256327	38.4623852450
1.0387182578	-0.2826717692	39.2764629046
0.9355439090	0.4594272258	39.9387650527
0.9226174132	0.5540960957	40.9341899423
0.8628214326	0.6490251540	41.9278764696
0.9910989700	-0.3095244253	41.6734603195
0.7064256641	-0.7574112805	40.8259000126
0.0280713143	-1.0646432817	41.4933158301
-0.7643674565	-0.7234749202	40.9877023972
-0.1846063928	-1.0248497259	40.2307015151
-0.9698860292	-0.6444267416	39.7422199437
-0.3953117530	-0.9697890505	38.9912181002
-1.0140818167	-0.3059740632	38.5711308821
-0.9945871378	0.3387998827	39.3352555553
-1.0277151359	0.2449308155	40.3302887879
-0.9952371442	0.2801262270	41.3291413612
-1.0319990280	-0.2782581044	42.1579088209
-0.9819137053	0.5084363361	42.7732163194
-1.0489935862	-0.2356258118	43.4379507097
-0.8746654525	0.5735832908	43.9990124978
-0.2483215808	1.0833606439	43.4092494906
0.6143141358	0.8883999222	42.9425055163
-0.1721705622	1.0510172628	42.3466889167
-0.0222107468	1.0498749296	41.3579974841
-0.1697117630	1.0381843419	40.3690046730
0.1122308190	1.0294520203	39.4096131330
0.7629336303	0.6927641830	38.7290052051
0.2188900056	1.0346674844	37.9627685138
-0.6212064490	0.8747167343	38.4810866637
-0.9867149582	0.3509628580	37.7116158022
-0.4467565964	0.9560565204	37.1265460395
-0.9914007612	0.3724247194	36.5242698118
-0.9995118844	-0.3711641984	35.8556819484
-0.9510134324	-0.4961657564	34.8647114591
-0.8542751942	-0.5757213348	33.8725861529
-0.2260388222	-1.0411962133	33.2491663918
-0.3543849216	-0.9579822740	32.2609342738
-0.7930820508	-0.7359101309	31.3901709351
-1.0194411943	-0.3209503705	30.5089388797
-0.7940665559	-0.7002373810	29.6115272483
-1.0053036771	0.2767899247	29.6397499804
-0.5778952221	0.8698973538	30.3220589941
-0.5203541037	0.9379228071	31.3180818640
-1.2432583121	0.2517090900	31.3988298666
-1.0290341965	0.1468698927	32.3699718598
-0.9921233621	0.3706773100	33.3439060621
-0.3562510129	1.0140170388	32.9175489948
0.2862980617	0.9936267465	33.6835221815
-0.5773329695	1.3046078589	34.0802994360
-0.9661885503	0.4763734716	34.4838079698
-0.7360879813	0.7539472902	35.4165493613
0.0427481224	1.0590735221	35.9645569399
0.2278250216	1.0375526876	34.9820685710
0.9522001502	0.4708890119	34.5894199343
1.0593491594	0.1494604067	33.6485677985
0.8254934304	0.6087197124	32.7916008282
0.9482535914	-0.3759416671	32.6676173192
0.7466680452	-0.7863533557	31.7782773879
0.1777404527	-1.0360166862	30.9947024930
0.1719807207	-1.0328432007	29.9947241160
0.9710299587	-0.4351071552	29.9296707909
1.0247076940	-0.1900686663	30.8976970508
0.9942031674	0.3125443020	31.7616702436
0.3245987391	1.0357145918	31.9309470627
0.5271497244	0.9270186136	30.9577264902
0.7707243578	0.7188678276	30.0104437192
0.0329502269	1.0612730019	29.4286808564
-0.6503297009	0.8233399882	28.7383791679
-0.7112931011	0.8079102371	27.7403584333
-1.0768681364	0.0754720968	27.1659985600
-1.0763388347	0.0374666548	26.1667211680
-0.6265361656	0.8515809278	26.5340024084
0.3281500143	1.0557219654	26.7505681825
0.9881278596	0.3242308997	26.5792495771
0.9130513962	-0.5056034270	27.1321858437
1.0996775553	-0.1399649545	28.0440406480
0.8301401280	0.7113281130	27.5938743582
0.5319207209	0.9372439365	28.5212508868
1.0044618352	0.2211891472	29.0350314178
0.7486280644	-0.7334976907	28.8829718139
0.3994645274	-0.9607383042	27.9738807689
-0.3046931928	-1.0107742611	28.6821591803
-0.9970340025	-0.3001913883	28.5567152322
-0.7204222588	-0.7887782399	27.7292076300
-0.5966521269	-0.8663025810	26.7399296453
