0.7437247700	-0.7162723444	256.8624826972
0.0042272463	-1.0847182060	257.4258574033
-0.5616628283	-0.8976175260	258.2288279875
-1.2069188093	-0.9601565676	258.9902303694
-0.2735856427	-0.9874210151	259.3482050193
-0.7524329136	-0.8195196884	260.2098977926
-1.0539887793	-0.0537944644	260.7779901629
-0.9686613144	0.5053318956	261.6026700628
-0.5513379643	0.9195873440	260.7938229543
0.4472513080	0.9657527972	260.7675890797
0.7773426309	0.7356608058	259.8521124858
0.2546092564	1.0425326731	259.0567638350
-0.0316421636	1.4933373707	259.9022431365
-0.6773994279	0.7935099881	259.5968922072
-1.1306858712	-0.0978306871	259.6034649602
-1.0392030940	0.1526538920	258.6396764060
-1.0491775780	0.1466730702	257.6397440386
-0.8195470166	1.0700323069	257.3320469060
-0.3533915820	0.9760947207	258.2117484694
0.2170159163	1.0534906167	257.3940412106
-0.0938144407	1.0441525700	256.4436216769
-0.8068754066	0.7500709223	255.8071784010
-1.0385861510	0.1314950771	256.5579606961
-1.5916621366	-0.6803647892	256.3709031872
-0.9939525438	-0.7772007248	257.1667461644
-0.5190469388	-0.9048740055	256.2960199160
-0.8976371478	-0.5257336733	255.4516727941
-0.3089627232	-1.0616370375	254.8464703436
-0.9600058156	-0.5164152016	254.3183831903
-0.6203263760	-0.8719152450	253.4476147954
-1.0346662094	-0.1699648141	252.8683151363
-0.8192758544	-0.6662521705	252.0273003595
-1.0332560292	0.1373096928	251.4718718613
-0.5884701058	0.8769664291	251.9769197746
-0.4476831926	0.9249216592	252.9657975937
-0.2748032502	1.0297792200	253.9451429962
-1.0118357720	0.3778429169	253.7669236975
-0.9536620558	0.4597756043	254.7618623154
-0.1724626188	1.0222333443	255.0327289436
0.7084820825	0.8247122766	255.4627543627
0.7336651449	0.7355406219	254.4670565022
1.0776884782	-0.1207688409	254.8522604095
1.0392026087	-0.1894052348	253.8553612755
1.0734395064	0.1659608467	252.9212612900
0.5542507845	0.9206302113	253.3224061779
0.4494547395	0.9622585705	252.3287840824
0.4086344230	0.9815513934	251.3298038580
1.0312318348	0.3085227252	251.7290592583
1.0538217668	0.1506469254	250.7418587079
0.7880190368	-0.6965324756	251.2018978053
-0.1426216312	-1.0504770502	251.1089936328
0.1859577703	-1.0690973474	252.0532864166
1.0620394417	-0.6271278800	252.2460139315
0.5358951850	-0.8860805817	253.0560236349
0.3047043439	-1.0151368211	254.0203344157
0.7502506472	-1.1045720712	254.9111148756
0.4321274808	-0.9758357370	255.8503829987
1.4313825092	-0.9564545235	255.8170100028
1.0450637915	-0.0453931735	255.9609720286
0.8903762082	0.5945930923	256.7136268839
1.0536353671	0.0682730843	257.5480929984
0.7970023382	0.7802101119	258.2017635248
1.0392342335	-0.0518038122	258.7008392094
0.5319855765	-0.9052012815	258.5807910551
0.8075803104	-0.7017976871	259.5202986497
1.0143375871	-0.2052479131	260.3633228193
0.7343781100	-0.7424156829	261.1589819663
0.2401030251	-1.0649892628	260.3517407223
-0.3086367619	-1.0843646564	261.1875093746
-0.8938714697	-0.5616168426	261.8073763443
-0.6682935491	-0.8305580544	262.7437444484
0.1248352559	-1.0672578289	262.1825671899
1.0546385840	-1.4282281367	262.1106908523
1.4816261549	-0.9396404749	262.8715875016
0.5166125925	-0.9072304961	263.1317766975
1.0353995667	-0.2856854219	263.7187535251
1.0193783778	0.2789227999	262.8935499882
1.0019293770	-0.3471715025	262.1139979008
1.0192991959	0.3209050741	261.3701081394
0.5477642349	0.8922620599	262.0418268122
-0.3454674651	0.9975780741	262.4789145234
-0.5837101934	0.8622385771	263.4406440191
0.4099919300	0.9699432741	263.4097281943
0.8747521659	0.6399143053	264.2313599871
1.0615492278	-0.1827019423	264.7683975713
1.0694636112	0.1040272325	265.7263765601
0.6394295504	0.8374022491	266.2529046140
0.4381360122	0.9435460733	265.2791416038
-0.0999706143	1.0331569363	264.4410418772
-0.9822267560	0.5624944219	264.4309970762
-0.9632322636	0.4261789391	265.4214804423
-0.8873097253	-0.5350028354	265.6867451487
-0.1539654245	-1.0508746885	266.1295570362
0.6366712777	-0.9167666944	265.5321387145
-0.2155487232	-1.0867211075	265.0373290869
0.4682010127	-0.9924988344	264.3137211393
-0.3865493103	-0.9894298360	263.7946908256
-0.9167014460	-0.5231877368	264.5028977290
-1.0600535325	-0.1932138673	263.5698557016
-1.0643380714	0.1973078269	262.6492719471
