-0.5546449478	-0.9529790369	-193.0276592907
-1.0329676376	-0.0905440075	-193.1932286857
-0.9670028228	-0.4173067191	-192.2504271300
-0.9100402599	0.5748292952	-192.1389758154
-1.1079362326	0.0659344025	-191.3012030704
-0.6345641142	0.9434964684	-191.2250213269
0.0008180477	1.0740130867	-190.4639333421
-0.3770366476	0.9559525697	-189.5456264524
-0.9051516762	0.5351365278	-188.8080572181
-0.8312142579	1.5310174784	-188.7555749318
-1.4979991991	1.1139156038	-188.1379797016
-1.8081082382	0.1835886875	-188.3337454102
-1.0826298963	0.1712540286	-187.6456109527
-0.7678196892	-0.7334464840	-187.3585368927
-0.0900147955	-1.4653568513	-187.2886245159
-0.2197295012	-1.0551370924	-188.1913392242
-0.9731681086	-0.4709486115	-188.4930909163
-0.8973120226	-0.5507295853	-189.4870128702
-1.0230672520	0.1864509237	-190.1509033126
-0.7805616764	-0.6793778868	-190.5885464512
-0.3788931273	-0.9762843295	-191.4548656423
0.4435974442	-0.9426107664	-192.0226467189
0.8515112543	-0.6580512619	-191.1551029379
0.3934227362	-0.9777597779	-190.3256806242
0.0363567044	-1.0706810831	-189.3962348324
0.7189186948	-0.7682173319	-188.7309342924
0.7242191491	-0.7793674036	-187.7310105048
0.6288874075	-0.8515324079	-186.7381842001
0.4322707764	-0.9541889222	-185.7630926452
-0.3918731162	-0.9822054208	-186.3287797672
-1.0494716835	-0.3139628969	-185.9809061500
-0.8956778571	0.5289626184	-186.4964874091
-0.0933890975	1.0393387070	-186.8060822966
0.5465984196	0.9868124024	-187.5726701684
0.2336634820	0.9948153834	-188.5224110158
-0.4869175479	1.0187726141	-187.8294542852
-1.1001246703	1.3778197861	-187.1258477522
-0.9273587358	1.5487505925	-186.1558299218
-0.1722367862	1.0260033522	-185.7601960457
0.7406430457	0.7785805852	-186.0848995826
1.1022509808	-0.1503711920	-186.0056008004
1.0522798110	0.1902197541	-186.9444834819
1.0648087070	0.1799226188	-187.9443519711
1.0275330104	0.3058233591	-188.9356942561
0.6993915284	0.8005045021	-189.7404387712
1.0588712962	-0.0969184619	-189.9961853651
1.0117367737	0.3789720197	-190.8744259849
1.0425474119	0.1772610294	-191.8533863421
0.4553074208	0.9517305024	-191.6181285512
0.5483655546	0.9005129714	-192.6124710215
-0.3507097863	0.9628812066	-193.0457996896
0.0347769402	1.0863761324	-193.9602115153
0.8189802584	0.6326670611	-193.5369229207
1.0249863666	-0.1724877001	-192.9807868817
0.5090388446	-0.9409806361	-193.3592267871
-0.2084227290	-1.0665202410	-194.0444192404
0.5752792796	-0.8736234623	-194.6348445062
1.0641092897	-0.2043322755	-194.0752960021
0.8442461086	0.6164276614	-194.6025656747
1.0902306457	-0.0850405769	-195.2714706890
1.1670705851	0.8312833825	-195.6644669044
0.2681684245	1.0497581896	-196.0442611439
-0.1289245004	1.0226569678	-195.1268829597
-0.7349326829	0.7925768400	-195.8883402582
-1.0342673291	0.3295093410	-195.0540937353
-0.8910207481	0.6097792783	-194.1049208431
-1.0080331487	-0.3780374831	-194.2075178417
-0.7526639175	-0.7438915948	-195.1024688598
-0.9861252740	-0.3527847641	-195.9927110976
-0.9793528954	-0.3786115831	-196.9923545892
-0.5853027309	-0.8964035413	-197.7517069158
0.4009405147	-0.9866088274	-197.6131888053
0.0573607698	-1.0397370293	-196.6755692913
0.7395282612	-0.7776136667	-195.9929721506
1.0418693264	0.0639711817	-196.4405487624
0.6460770975	0.8017719665	-196.9873563276
-0.3322026756	1.0084107129	-196.9709516291
-0.0542594598	1.0532317021	-197.9305029033
0.8451700576	0.6566820657	-198.1142824698
1.0740407822	-0.1105359621	-197.5151208144
0.9726969009	-0.3888496329	-198.4702495588
0.2199778445	-1.0243149501	-198.6422898238
-0.3326898747	-0.9825678966	-199.4746452621
-0.6166354569	-0.8783149765	-200.4278011964
0.3743651106	-0.9754214844	-200.3356697613
0.8000192138	-0.6733685744	-199.4826852221
1.0600297039	-0.0222451999	-200.1957300287
0.9564493568	-0.3871384062	-201.1209997513
0.8508739519	0.6072721732	-201.1198024766
0.0187551263	1.1190414380	-200.9060959493
-0.7804197395	0.7338668839	-201.3675719473
-1.0695606452	0.1776158267	-200.5884812606
-1.0514309801	-0.0162376164	-199.6076182947
-0.9955835766	-0.4170291577	-198.6931527634
-1.0362218404	0.2432662611	-197.9432471084
-0.7328987731	0.7647577951	-198.7407693319
0.2000337409	1.0434132466	-198.9687782430
0.9514456065	0.4194822533	-199.1834648143
0.5771478094	0.8847210418	-199.9856206775
-0.4171936065	0.9375508843	-199.8934569306
