-0.9622798515	-0.3639868364	-173.4426983298
-0.9495755567	-0.4457235419	-172.4461253461
-0.8999156901	0.5282451619	-172.6673014338
-0.6374110286	0.8387493617	-173.5809088136
0.1031645153	1.0755178473	-172.9520300113
0.3557272068	0.9988336571	-173.9165670100
-0.3670263310	0.9986709757	-174.6076728609
-1.0316450678	0.2523121385	-174.5725955046
-1.0735596393	0.4991295465	-175.5407506243
-0.6962589493	0.8137013656	-176.4117780405
-0.1152363279	1.0614891527	-175.6365271611
0.5998646229	0.8450933520	-176.3012101590
0.2638206926	1.0498014812	-177.2205409257
-0.6484515455	0.8558183836	-177.5812761769
-0.3652161582	0.9794137291	-178.5323292280
0.5947822568	0.8890127542	-178.2673184605
1.0826517642	0.1179984984	-178.6766109732
0.9964504353	-0.4225102386	-177.8397002037
1.0558967175	0.2425536565	-177.0952835495
1.0525466609	-0.1515501089	-176.1762237042
0.6710896126	-0.8419449929	-176.7909150289
0.2288784225	-0.9935225839	-175.9069051323
-0.3811918717	-1.0637553854	-176.6961336098
-0.9861977247	-0.3409905060	-176.3620994094
-0.9573273618	-0.5366280555	-175.3818481909
-0.2306157951	-1.0161389152	-174.8899542649
0.5658130400	-0.8892560658	-174.2986828778
0.9119518735	-0.5217748392	-175.1619009592
0.9199123102	0.4743191726	-175.2498404327
1.0364490224	0.1513035481	-174.3106492375
1.0491456632	0.0920201776	-173.3124887908
0.7126573467	-0.8439716007	-173.2090721387
-0.0805791047	-1.0492077141	-172.6357885527
-0.2080384309	-1.0498823877	-171.6439449839
0.6938914300	-0.8131918730	-172.0051929960
0.8767497686	-0.7992333436	-171.0221528201
0.8305671534	-0.6615623324	-170.0327520627
0.3357330873	-0.9724107892	-169.2212642415
1.0304362360	-0.3475610181	-168.8649633875
1.0066862859	0.4499977325	-169.4677369596
0.4130336182	1.1127313235	-169.9242023992
-0.4117992897	0.9804903215	-170.4738959424
0.4657491575	0.9396413360	-170.9516407313
1.0669349689	0.2009823952	-170.6467496207
1.0384273886	0.1384218822	-171.6443835716
0.5061614972	0.9110858771	-171.9903364179
-0.4557524751	0.9665672035	-171.7226736966
-1.0179814927	0.1950086329	-171.4250230558
-0.8920264341	-0.5628050578	-170.7848248574
-0.0611852463	-1.0481760551	-170.5125788001
-0.6779127770	-0.7815733316	-169.7719235897
-0.7583458726	-0.7674154470	-168.7752641337
-1.4892288522	-0.1206896946	-168.9933372209
-1.6531276022	-0.3302382371	-169.9573012286
-0.9600471447	0.3635475523	-169.7615954343
-0.4702772030	1.1513988646	-169.3882112972
-0.8425260662	0.6760019577	-168.5910735646
-1.0361591296	-0.1123110630	-168.0070625902
-0.7411560363	-0.7327629907	-167.2804178487
-0.1057940672	-1.0469551251	-167.9858244485
0.4859663742	-0.9478793149	-167.1858222211
0.5390686442	-0.9119627306	-166.1878792629
1.0314433678	-0.1841614019	-166.6652390407
1.0383320682	-0.1590563332	-167.6649001240
1.1742207386	0.5653511561	-168.3407463037
0.3068654125	0.9929243151	-168.5954538459
-0.2347906230	1.0392091818	-167.7561288490
-0.2613382327	1.0222605088	-166.7566249886
-0.9932338482	0.4222091303	-167.0795292331
-0.9273124701	0.5442012149	-166.0891897442
-0.5046318795	0.9231206623	-165.2659272280
-0.6814162957	0.7989599583	-164.2895403222
-0.7307387157	0.7641733425	-163.2913633889
-1.0219400778	0.2963680966	-162.4568815026
-0.3666322163	1.0370562628	-162.3087172456
0.4662129107	1.0126325240	-161.7557502706
1.0376271282	0.2789348752	-161.3880907106
0.9316453306	-0.6180224054	-161.8173173354
0.1348210551	-1.0472681526	-162.2425457005
-0.8042185078	-0.7362232279	-162.0960678721
-0.8769034095	-0.5909560241	-163.0827868516
-0.0249613185	-1.0777708359	-163.2756754530
0.6881177703	-0.8598393646	-163.9420267770
-0.2086549545	-1.0380088068	-164.3470629852
-1.1103507239	-1.0035724465	-164.7780605217
-1.0410765582	-0.2626404960	-164.1100628161
-1.0844606342	0.0850726614	-165.0466595180
-0.9750679931	-0.4822976057	-165.8628238581
-0.2211922184	-1.0047880480	-165.4644834836
0.6749456702	-0.8250974274	-165.0587148728
1.0663134363	-0.0454912172	-164.5697921502
1.0781669911	0.1382998567	-163.5868982931
0.8982138408	-0.5715928739	-162.9059657158
0.9883141619	0.3412740183	-162.5077748453
0.4690676102	0.9650589175	-163.0919626730
0.5019779453	0.9389947183	-164.0910810681
0.6507094695	0.8259807699	-165.0734795520
1.0460013909	0.0884671114	-165.6210358508
0.7197885665	0.7865225144	-166.2584555301
0.7250032522	0.7747104424	-167.2583721676
