1.0370298003	0.3284477062	87.8595910827
0.8520495658	-0.6483380373	87.7515544032
1.0249670605	-0.2201009681	86.8645862231
0.8371576805	0.7618757401	86.8857848418
0.3768836233	1.0335926149	86.0406116452
0.2872391289	0.9929814332	85.0454661299
0.9765438571	0.3659841623	85.4084171102
1.0048740147	0.2566963296	84.4148107637
0.8489237974	-0.6813580720	84.1054025068
0.2115580189	-1.0724549972	83.4414687304
0.3878373200	-0.9946284645	82.4602100292
-0.3948136448	-0.9985558537	81.8377616032
0.4519774777	-0.9455376524	81.3084848655
0.8650949876	-0.6296706295	80.4543408806
1.0514850246	0.0771809658	79.7719776515
0.9926839218	0.3495324156	78.8115781940
1.0621307604	0.1030690746	77.8449174685
0.5381344922	0.9545549258	77.8649113722
0.0613623400	1.3807630335	77.0961233886
0.9446832582	1.6606276165	76.7200649217
1.4407030308	1.1193022815	76.0411457314
1.0741810664	0.1977889136	75.9127916807
0.7060305898	0.7850718367	75.1919838042
-0.2377763781	1.0584893910	75.0063194610
0.3354058928	1.0172021889	74.1879323575
0.9437619948	0.4637031779	73.6191250983
1.0524882985	-0.2833548477	72.9633180403
0.4622022320	-0.9521614386	73.4152694797
0.4816311780	-0.9628249796	72.4155151074
0.6905885035	-0.7940634441	71.4522620876
1.0466139514	0.0123404799	71.9244470003
0.7893913187	0.7436301779	72.5561525447
0.0638582010	1.0531884083	73.1707869052
-0.8410973750	0.6507964909	73.0324534302
-1.0595545417	-0.0593158325	72.3631127437
-1.0281173192	-0.2053050403	71.3743261883
-0.4938970097	-0.9292484749	70.9378464472
-0.4979617382	-0.9428764428	71.9377453204
-0.5792672537	-0.9039548672	72.9336742958
-1.0026667322	-0.2933897998	73.6029598702
-0.9451760906	0.4804987247	74.2336669162
-1.0408621580	0.3700564076	75.2229326394
-0.6405085353	0.8201970962	76.0211120285
0.3350811820	0.9917403312	76.1582164489
0.8667276440	0.5934514565	76.9056908710
0.9793219672	-0.3943244136	76.7978885110
0.5660823695	-0.9195464071	76.0539967901
-0.2093396610	-1.0682462770	75.4403119986
-0.9953769999	-0.5322171600	75.7482374563
-0.5205554877	-0.9537236586	76.5208154803
-1.0412074353	-0.1136337923	76.6730342899
-0.8060655765	0.7385081669	77.1405408541
-0.5377765495	0.9391512046	78.0827528098
-0.7917346014	0.6760709238	79.0135020100
-1.0192683587	-0.2437321350	78.6938291736
-1.0628239962	-0.0703087417	77.7099454239
-0.5443968674	-0.9075859306	77.8837275320
0.2317978844	-1.0651979555	77.2732521788
0.6464907387	-0.8502784401	78.1574690292
0.7124478470	-0.8211357319	79.1548658221
-0.2556155217	-1.0080253339	78.9877563043
-0.0817633516	-1.0508968304	79.9715944301
-0.6382607464	-0.8304996697	80.7726785338
-1.0693065440	-0.0212686460	81.1718585316
-1.0750454970	-0.0585276620	80.1725693692
-0.6271624958	0.8319542325	80.0923022351
0.2805166714	1.0053368353	79.7101281876
0.7573194050	0.7222665201	80.5423122717
1.0568131841	0.1382625641	81.2967941175
0.4591532149	0.9127837994	81.5039641378
-0.5023714380	0.9389323766	81.2304927616
-0.6967880226	0.7970202991	82.2010921403
0.1764377614	1.0811431694	82.5970099660
0.9663010093	0.5314115272	82.3251438756
1.0043542168	-0.2482005825	82.9502493962
0.8557244421	0.6395839714	83.3858498736
0.1330292894	1.0431677038	83.9469486949
-0.6032469856	0.9116570316	83.2831699742
-1.0824348720	0.0379787091	83.1991154780
-1.0613191287	-0.2262075072	82.2348749642
-0.6632484551	-0.8722878201	82.8861199012
-0.7479983292	-0.7210181951	83.8709726615
-0.0767002860	-1.1023363245	84.5065475362
0.6090738631	-0.8622507101	85.1936230154
0.3429396605	-0.9828433445	86.1499859187
-0.4549470781	-0.9544833815	85.5478460140
-0.9685658422	-0.4073034641	84.8869451870
-0.9789128969	0.4015527741	84.2990297812
-0.7988678900	0.6794813122	85.2426078241
-0.6654623054	0.8290652572	86.2223157364
-0.1479219525	1.1056998389	87.0320226533
-0.7192216390	0.8097158241	87.7975356389
-1.0407691523	0.2674823551	88.5738023855
-0.9831890451	-0.3942809300	89.3213008040
-0.4980950452	-0.9367932522	88.6354697814
-0.1845215281	-1.0596370703	87.6938854539
-0.9616774979	-0.4322653487	87.7432141627
-1.0565471567	0.1597550834	86.9428945043
-1.0578708430	-0.1645665683	85.9969485681
-0.6618212195	-0.8163472501	86.6437303230
