0.6472708049	-0.8732530750	132.5196512162
0.1646761850	-1.0559602273	131.6630763337
-0.3990498346	-1.0054213669	132.4874905490
-0.8852959628	-0.6522022139	131.6882403173
-0.6018299176	-0.9009456883	130.7620795941
-1.0628192609	-0.0135527507	130.7573256796
-0.9960080931	0.3849487416	131.6720566939
-1.0352433096	-0.0581205347	132.5676850846
-0.7288222231	0.7747675962	133.0285576040
-0.3182866199	1.0045894818	132.1461504307
0.4291831973	0.9639266644	132.8092005100
0.9647423129	0.3728942595	132.2059947987
1.0008397993	-0.4459353243	131.6330942104
1.0801477439	-0.2196115749	130.6622760965
0.8082234654	0.6545378784	131.0646688399
0.3477835299	0.9910228153	130.2432231916
-0.4233730925	0.9726600595	129.6068425879
-1.0508342305	0.2041061945	129.7318124914
-0.9828825678	-0.4604420695	128.9876631943
-1.0287726801	0.2268385879	128.2627222342
-0.7661078430	-0.6906534130	127.9640324091
-0.0070804620	-1.0648210022	128.4968326063
0.4055275160	-1.5975380534	129.2357285393
-0.2915875781	-1.0149309957	129.6535796633
0.4010522692	-1.0266783387	130.3747676012
0.8257460397	-0.6701250870	129.5425987602
1.0987521652	0.2679668684	129.7557914867
0.5895650718	0.8901268156	129.1611104764
1.0531966567	0.2142713885	128.5881661552
1.5253003690	-0.6605209519	128.6970534636
0.8330890432	-0.6227708740	127.9763465800
1.0129263023	0.1961966789	127.4314147425
1.7851495667	-0.4378673263	127.4718383409
1.1342424817	-1.0380383399	127.0069569355
1.0468618826	-0.2525830951	126.3942378406
0.7909404504	0.7140802961	126.3861071100
0.5208745924	1.3364506357	127.1207632151
0.5402516134	0.9223742211	128.0307990682
-0.3345590076	1.0260810555	128.5040339675
-0.4299317378	0.9502032400	127.5114884525
-1.0281086984	0.1959432851	127.2407926006
-1.0339804632	0.0541554494	126.2509129452
-1.2516005791	0.9976757162	126.5007348641
-0.2542097413	1.0164286717	126.4310222880
-0.5725732662	1.0311955091	125.4831686038
-1.0266421064	0.1792760792	125.2222955058
-1.0057494399	0.3393583754	124.2354129622
-0.2643457250	0.9917539813	124.3925769055
0.4286797222	0.9655355022	125.1130131073
1.0231652504	0.2054562102	125.3754372423
0.7355557579	-0.7463217260	125.4822058703
0.2703565695	-1.0268964062	126.3217697832
0.0903394903	-1.0490748756	127.3051832094
-0.7201074404	-0.7833626578	126.7830981687
-0.6474686662	-0.8326894668	125.7869603899
-0.6746415228	-0.8226094867	124.7873804632
0.2512694632	-1.0970552303	124.5278262687
0.9802934108	-0.4138205110	124.4864209293
0.9139486321	0.5639775530	124.2876514234
1.0817377789	-0.0400390246	123.5085424605
0.9822945061	-0.3839617771	122.5748250643
0.3751265884	-0.9928216847	122.0642991271
-0.4685476981	-0.9178331747	122.5958914724
0.0177166058	-1.0476504262	123.4600063421
-0.8686666661	-0.5916876093	123.5401474987
-0.9894914193	0.3226249201	123.1535805866
-0.3107300559	1.0076024702	122.8888377539
0.5831420136	0.9282820755	123.3300871148
0.7344601532	0.7464115085	122.3584771532
1.0651862971	0.1275688001	121.6459787882
0.6870037162	0.8015851812	121.0114081827
0.4440374181	0.9420454761	120.0515965951
-0.3460616966	1.0254766097	119.4443218345
-0.9467491586	0.4781168195	120.0270497582
-1.1831778545	0.4085884571	120.9962077838
-0.4011400765	0.9997249859	120.7987881343
-0.1558519239	1.0477966037	121.7670457662
-0.9458206723	0.5107007744	122.0628116306
-0.9738161897	-0.4078684143	121.6685440860
-0.8908591598	-0.5670571501	120.6847874710
-0.2858191467	-1.1404864436	121.2371509635
0.1530437595	-1.0779245292	120.3407775165
0.7691104283	-0.7476842091	121.0559021145
1.0262409174	-0.0404200158	120.3973724854
0.8622812681	-0.6216549436	119.6003259422
1.0229436163	0.2974913516	119.2406626302
1.0074480028	0.3629266204	118.2429261362
0.9435489138	-0.5912170749	118.5353756449
0.1626800875	-1.0604625030	118.9477499948
-0.7195011246	-0.7615377752	118.5838814525
-0.9154500771	-0.5701012508	119.5456278146
-1.0119312885	0.2313914271	118.9554576162
-0.6015608403	0.8717085554	118.3061579392
0.3108190387	1.0232931954	118.6864013524
0.3152148984	1.0251454922	117.6864127297
0.9397354309	0.5182357861	117.0922606833
0.9723886722	-0.4270139923	117.4169707420
0.2589944684	-1.0239778072	117.7839896975
-0.6623147753	-0.8106753603	117.4588876464
-1.0604606767	0.0347405383	117.8149098361
