-0.1397279846	-1.0414494498	-12.8366403830
0.7134606669	-0.7631693675	-12.3954722508
1.0521165692	0.1720406295	-12.4988861827
1.0762192860	-0.0005879227	-11.5141941283
0.7118613644	-0.8490753647	-11.1303811977
-0.0810997988	-1.0636785222	-11.7006075374
-0.3432750906	-1.0149644757	-10.7368175924
-1.0241384514	-0.2897986471	-10.8395775308
-1.0212081944	-0.2434068581	-9.8406585073
-0.3741174604	-0.9893334759	-9.6829655688
-0.8063268314	-0.6941613682	-8.8308690447
-0.0691011699	-1.1030232086	-8.2929747060
0.6398721948	-0.8630767734	-8.9561356792
0.7682609054	-0.7295665826	-9.9388316484
1.0816312788	0.0639626396	-10.4604736546
1.5224920054	0.8138188966	-10.9537863481
0.5296447359	0.9306804994	-10.9782335420
-0.4679440052	0.9914449144	-11.0117654595
-0.5398432944	0.9068696152	-10.0179458024
-0.8507118075	0.6886930080	-9.0928729752
-1.1227884110	0.1843713230	-8.2733402059
-0.5265764517	0.8841067326	-7.8797647288
0.0842989851	1.0289068868	-7.1013919929
0.9292244522	0.5100912368	-7.2315122313
0.5927373148	0.9872529478	-8.0433577264
0.1223989197	1.0553668899	-8.9232112852
0.5083362688	0.9369983990	-9.8381108769
1.0111465577	1.6522158145	-10.3235445613
1.5608945795	0.9390701319	-9.8885728980
1.2451939913	0.9852777029	-8.9408398138
1.0364487144	0.0896685257	-9.3336624341
1.0518104290	0.0244687770	-8.3359084511
0.8563422154	-0.6170474648	-7.5941206857
0.9917646616	-0.4982483200	-6.6104807494
1.0933271142	0.0911449769	-5.8090441581
0.5699477005	0.8755115001	-6.1419753019
0.6882915922	0.8383037435	-5.1496999842
1.4852775841	0.8571752925	-4.5459970826
0.7578511665	0.7307870865	-3.8715515115
-0.0234356299	1.1845081647	-3.4429163227
-0.0988499977	1.0520492589	-4.4312317134
-0.3582105772	0.9917324874	-5.3951269239
-0.6322151889	0.8451024581	-6.3456115936
-1.0444437935	0.0899836646	-5.8358438177
-0.7941000617	-0.7133955820	-6.3761305952
-1.0448553950	0.0373643942	-6.9872616948
-0.8982739455	-0.6799888684	-7.6683770854
-0.0918536061	-1.0572116138	-7.2129770012
0.2042940440	-1.0575630054	-6.2578348936
0.7019922815	-0.8061224951	-5.4277300000
-0.2203415255	-1.1486515815	-5.2489167639
-0.9435452580	-0.5101637117	-4.9856495968
-0.9668416714	0.4460528423	-4.6939182493
-0.8580058632	0.6198512797	-3.7151696248
-0.9367628879	0.9671709285	-2.7807358964
-1.0392782988	0.0649521846	-2.3618183285
-1.0823962483	0.0523330141	-1.3628280388
-0.6065899796	0.8774108641	-1.6675491181
0.0693309100	1.0997992953	-2.3701687425
0.8592077843	0.6162258847	-2.7473308828
0.8250379927	0.6797464026	-1.7499354902
0.5430634225	0.9144252479	-0.8196580148
0.8616649025	0.5726799514	0.0644818211
1.0662892409	-0.1292227934	0.7467291494
0.8731532889	-0.5532788243	-0.1380730809
1.0942727749	-0.0209925438	-0.9552496154
0.8045394143	-0.6676217381	-1.6608878122
1.5421536976	-0.0685145932	-1.9723292965
0.9753092752	-0.4584822063	-2.6980101227
1.7375467815	0.0744748920	-3.0653665102
1.0339131554	-0.2505784409	-3.6972209642
1.0239968682	-0.0869027555	-4.6836853261
0.5463065514	-0.9159846723	-4.3931080793
-0.4305857880	-0.9851431280	-4.1908743899
-1.1335083691	-0.3525379748	-3.8657427780
-0.6660487314	-0.8522295785	-3.1365035935
0.3048226316	-1.0043243030	-3.3216413569
0.0635194769	-1.0677503301	-2.3532664674
-0.6522310884	-0.8694582872	-1.6836535987
0.0682322332	-1.1208044784	-1.0373118203
-0.0411315217	-1.1241190726	-0.0433155514
0.4346168043	-0.9850579793	0.8252036151
0.8265798025	-0.6975923409	1.6991192373
0.0742191595	-1.0596910639	2.2494264040
-0.4913119847	-0.9369259745	1.4338877735
-1.0558462124	-0.1142498336	1.5010076146
-0.9625646847	0.5181702312	0.7320190462
-0.4573067777	0.9218657129	1.4947407553
0.2337536699	1.0365424180	2.2083826200
0.7162462484	0.7380562464	3.0318550950
1.0481392680	0.0276453671	3.6524704398
0.9592666972	-0.4425774842	2.7744088609
1.0450297429	0.2807364540	2.0892361478
0.7309969854	0.7635194159	1.2717375002
0.3203657736	1.6460275994	1.0424749566
-0.0601418658	1.0592653294	0.3276854947
-0.5159775042	0.9733207423	-0.5582193528
-1.0979894467	0.2101580820	-0.2774260967
-0.8454067071	-0.7018141793	-0.6007039250
-0.8792976372	-0.6024188874	0.3937667789
