-1.0377851988	0.5198617943	-158.3038748839
-0.2720331677	1.0211730369	-158.7067531096
0.5983940354	0.8898827804	-159.1812205507
1.0777724620	0.1286809735	-158.7444504359
0.8532299530	-0.6697818486	-158.1858470136
-0.0521873868	-1.0937138983	-158.1634626891
-0.8305095363	-0.6316113111	-158.5885224856
-0.9395310307	-0.5428359567	-159.5785897814
-0.9841947628	0.4242716699	-159.3281741476
-0.9503389080	0.3791115265	-160.3265800483
-0.2889386686	1.0232106023	-159.9422805507
-0.2547690471	1.0188793522	-160.9416872133
-0.8163812932	0.6634415543	-161.6888522933
0.0362458320	1.0841911955	-161.9986856758
-0.5711784448	0.8744212640	-162.7648660225
-0.4442586549	0.9607614428	-163.7530141594
-0.4620389570	0.9702614396	-164.7528109442
-1.0783277582	0.1962737024	-164.6074455553
-1.0432117929	0.0545614644	-163.6181607072
-1.0581728147	-0.1593830256	-162.6414294632
-0.9280209931	-0.4797824267	-161.7031306158
-0.3016229926	-1.0078891942	-162.2764793640
-0.5763674587	-0.8904823208	-163.2308016913
0.4097285756	-1.0212932546	-163.3332863763
0.8427406794	-0.6364727444	-162.5181706220
0.8925723579	-0.5818512946	-161.5209077173
0.0500703570	-1.0382378414	-161.2347229896
-0.2031086176	-1.0253551209	-160.2673893128
-0.1654508302	-1.1679854397	-159.2783299196
0.7578967695	-0.7994816223	-159.3861916214
0.8116762528	-0.6968983019	-160.3794611868
1.0779722807	0.0952369957	-159.8302726073
0.6755796173	0.8791180674	-160.3031474426
0.7639325678	0.7206648429	-161.2865529194
0.9619367495	0.3802751677	-162.2057532311
0.5321151369	0.9286528632	-162.9230643800
0.7067217503	0.7818175995	-163.8966926129
0.8159590071	0.6423472006	-164.8808751314
1.0224199924	-0.3311105163	-164.9796371428
0.9951416602	-0.3353642104	-163.9800183161
0.3647552095	-1.0076521648	-164.3681443641
-0.6150850993	-0.8081100406	-164.3779377242
-0.8906041963	-0.5758915389	-165.3107634285
-0.4526873280	-0.9450866821	-166.1304729885
0.2516812633	-1.0438157655	-165.4275381013
0.6993986207	-0.7798027977	-166.2818485371
1.0150555765	0.1197481163	-165.9799067556
1.2458632412	0.7086124655	-166.7544818650
1.0317539642	-0.1885101231	-167.1409120379
0.9721369993	0.3605840135	-167.9745435192
0.3082628802	1.0328019138	-167.6468329021
0.2169447349	1.0198963193	-166.6510947629
-0.4172403740	0.9574785340	-165.8804370777
-0.9948261054	0.1927538365	-166.1660782161
-0.9708721880	-0.5004060557	-166.8864639278
-1.0693080278	0.0844960167	-167.6915725857
-0.7502517226	0.7757521994	-167.0432146876
-0.6922875264	1.1551673975	-167.9666237299
-0.8310913490	0.6300317596	-168.8062463003
0.0647970796	1.0735255890	-168.7798427640
0.8743525604	0.5657355477	-169.0744088814
1.0567123120	-0.1054310954	-169.7929353306
1.0107449637	0.2554339450	-170.7244198584
1.3641545775	1.1721315387	-170.5379603008
1.0870937497	1.0458752117	-171.4904815014
0.2237123245	1.0332611938	-170.9860874083
0.4434093940	0.9631272175	-170.0130435126
-0.5126279678	1.0795488119	-169.7438993596
-1.0292817760	0.2384295279	-169.9038593317
-0.7986670010	0.7279266744	-170.7448167439
-0.6572518297	1.5159333439	-171.3440222496
-0.6667257060	1.6951832162	-172.3277802122
-0.3207691597	0.9971213126	-172.9546961928
-0.9277776041	0.4801261690	-173.5582330764
-1.0726620548	-0.1233268191	-174.3423586959
-0.8576279317	-0.6620966156	-173.5278113171
0.0647646408	-1.0436323557	-173.4676247629
-0.4074280225	-0.9887848271	-172.5878373810
-0.8935254090	-0.5724454922	-171.8194814159
-1.0444543541	-0.0149228549	-172.6358079207
-0.7682444238	0.6647438213	-171.9562777273
0.1575580093	1.0363636958	-172.0254768880
0.8273575905	0.7116991250	-172.6932803302
0.6530567080	0.8353155167	-173.6701826744
1.0688287200	0.1422930694	-174.2591253893
1.0377621561	-0.2042963311	-173.3216230394
0.7748137960	-0.7188931222	-172.5055052155
1.0532205527	-0.0283088317	-171.8379851667
0.8350797977	-0.7151733227	-171.1447090443
0.0487478962	-1.0842827017	-171.6401284697
-0.0320309161	-1.1188267474	-170.6439951993
-0.8687762488	-0.5724206124	-170.6800171910
-0.6085577771	-0.8476431045	-169.7545233083
0.3747891922	-0.9716213227	-169.6216393763
-0.1335658907	-1.0298399789	-168.7624620385
-0.9409598938	-0.4465210989	-168.6738391961
-0.5908051043	-0.8840025962	-167.8455870829
0.0256444871	-1.0661013154	-167.0795388092
0.5821361020	-0.8522929992	-167.8824105838
0.9138234201	-0.4955415366	-168.7557443786
