0.6262931286	-0.9851753353	86.7479899079
-0.0903808942	-1.0696987260	86.0557225163
-0.4684324231	-0.9550590043	85.1370632891
-1.0588909962	-0.1611758529	85.2823499559
-1.0954903417	-0.1737171577	84.2830986344
-0.7456537696	0.7414788060	84.4831754218
-0.0705916914	1.0598674013	83.8176531510
-0.1640565704	1.1814096573	82.8294771563
-0.9101080675	0.5838608665	83.1233182803
-0.9612892078	-0.4142874849	83.1561871039
-0.5156216440	-0.9374893239	83.8825756075
0.3685125055	-1.0169666741	84.3429994952
1.0150146823	-0.3130364569	84.6371375323
0.7819295420	-0.7403661063	85.5106709822
0.9955772130	0.2301032541	85.6226705052
0.4277294120	0.9386910236	86.0415407093
-0.3103589958	1.0468459432	86.7075196996
-0.9816433885	0.3894199301	86.3652211438
-0.5978484715	0.8790663323	85.5823112751
0.1768690599	1.0625288352	84.9772044609
0.8305317111	0.7225004860	84.3011084173
1.0365726781	0.2118470348	83.4663748235
1.1387044942	-0.7725418247	83.6097193925
0.2504802433	-1.0378459676	83.2346575417
-0.3456563077	-0.9891800108	82.4332507554
0.6228399319	-0.9503609337	82.1872667862
1.0981585126	-0.1047035964	82.4300339890
0.7686151296	0.8307621507	82.5577250019
0.8755036961	0.5932980116	81.5922274012
0.0079038659	1.0515204345	81.3990882137
-0.7640090516	0.7373902742	81.9517840525
-1.0247027374	-0.2224212283	82.0557103815
-1.0679176099	-0.0014886612	81.0813791875
-0.8123751076	0.6481722834	80.3653912780
0.0474764015	1.1052036872	80.1378441880
0.8447979108	0.6238173702	80.5019123475
0.8665594242	0.5922621226	79.5026472661
1.0265267144	-0.3515616985	79.2134984102
0.9320152017	-0.4543549078	80.2037009805
0.6295610280	-0.8322803722	81.0787403031
0.1656866106	-1.6178072619	81.4883352622
-0.5322306084	-0.9061980209	81.4075649486
-0.4727531232	-0.9655785740	80.4111030182
0.1670291963	-1.0468635446	79.6468574181
0.2544882472	-1.0239451114	78.6509529750
0.9330097298	-0.5348801840	78.1028434108
1.0041679115	0.4154699433	78.4057809436
0.2592955831	1.0321372047	78.1510522582
-0.0205144713	1.0811389913	79.1098562832
-0.8699675251	0.5739284932	79.2553451831
-1.0188208073	-0.2595217484	79.7875137609
-0.7570416950	-0.7418327305	78.9515425815
-0.9832953797	-0.4408012293	78.0251575074
-1.0367771167	0.0121325236	77.1352189032
-0.7539625790	0.7050319949	77.7984731983
-0.0941037004	1.0874652303	77.1516880093
-0.7216946740	0.8275516311	76.4178116636
-1.0062304447	0.3157783894	75.6071776251
-0.6622536914	0.8654862169	74.8459277991
0.2465666586	1.0073581205	74.4536040366
0.7132261947	0.7854372473	73.5974615232
1.0670639500	-0.1013634242	73.3001680455
0.8832605114	0.5570026355	72.5702567992
0.8034667215	0.7086439922	71.5850472530
0.3652805079	0.9771164569	70.7271921499
-0.2482445387	1.0545911341	71.5130577183
-0.0797309128	1.0472849242	72.4987299647
-0.3625139448	1.0002931789	73.4567620793
-1.0124964033	0.2512034164	73.3287490663
-0.9033238484	-0.5767632460	72.7787012873
-0.7980911822	-0.6894020814	71.7906534248
-0.9818357633	0.2863339770	71.9097209399
-1.0338633572	0.1573980155	70.9194337860
-0.9680973145	-0.3769162754	70.0767101859
-0.5634262973	-0.9391429717	70.7979192470
0.2070867497	-1.0314679876	71.4286218202
0.4583051115	-0.9471313035	70.4643725482
1.0180103902	-0.3447324954	69.8952981445
1.0310692036	-0.0856470804	70.8610642731
1.0141728613	-0.3808693354	71.8163434646
0.5687166418	-0.8691859991	72.5667537473
-0.0075739774	-1.0441816341	73.3650429493
-0.7992790856	-0.6849110259	73.8591357054
-1.0828193046	-0.0939931471	74.6143979147
-0.7550740620	-0.7491014025	75.2951447323
-0.6305449325	-0.8230674982	76.2845998918
-0.3400727189	-0.9714881346	77.2299025988
0.3940574626	-1.0251233721	76.5530155048
0.9863709210	-0.3404913056	76.9778021576
0.8914266840	0.5801470913	77.3564979909
0.8213157412	0.6306036409	76.3602356799
1.7285606692	0.2178583668	76.4411552651
1.7241306677	0.0848610387	75.4500487695
0.9591558669	-0.4265992292	75.8414845223
0.2519170850	-1.0187152030	75.4552048582
-0.0424497673	-1.1054885346	74.5034598581
0.8085080962	-0.7342945372	74.1318609739
1.0910980333	0.1702338270	74.4511905305
0.8206713222	0.6111698572	75.3070204267
0.0415002182	1.1000997779	75.6992447546
