0.8140970675	-0.8758650245	-144.3415516448
0.2092669895	-1.0472438900	-143.5638564209
-0.4410801160	-1.0283290935	-142.8044547664
-0.2845455718	-1.0188448279	-141.8168278200
-1.0150015845	-0.4063877026	-142.1190368259
-0.9518822658	0.4332574947	-141.5795816431
-1.0439329086	-0.0386998452	-140.7027789581
-1.2298507008	0.9435170441	-140.6766149188
-0.2572081079	1.0292135768	-140.4606925000
0.6225047876	0.8587863617	-140.0167783351
0.0167897028	1.0614326350	-139.2473345594
-0.8020506603	0.6636146689	-139.6611477124
-0.8836984194	0.5905013055	-138.6671718175
-1.0404776925	0.0011007846	-137.8746900919
-0.8066619239	0.6678287863	-137.1670150548
-0.2336663892	1.0134407697	-137.9101358217
0.6484763263	0.8667500915	-138.3576914880
1.0437543751	-0.0265736066	-138.1438503449
0.6051670402	-0.8539683427	-138.4946481504
0.0649591848	-1.0668974058	-139.3087959792
-0.5196773042	-0.8966345075	-138.5155679406
-0.9782679764	-0.3950178169	-139.2491040959
-0.6235910411	-0.8234372429	-140.0801643025
0.1687337424	-1.0316438890	-140.6536374318
0.8098090089	-0.6656279625	-139.9790599017
1.0318864354	-0.0037199733	-139.2631273417
1.4506381287	0.1809869111	-140.1522450989
1.0330736244	0.1175330772	-141.0586740789
0.5018986586	0.9385180709	-141.2680464644
-0.3915757149	1.3480618259	-141.4523762140
0.0852911904	1.0359912861	-142.2740878014
-0.7472189082	1.5288090956	-142.5271837169
-0.8823368795	0.5678564196	-142.7686647479
-1.0499711975	-0.2679937477	-143.2914010422
-0.6871615444	-0.7999584029	-144.0565041471
-1.0834856988	-0.0597922421	-144.5997179346
-0.8632671364	0.6094194601	-145.3094076432
-1.0620153180	0.2374115457	-146.2161100596
-0.8442257564	0.6594058711	-147.0961603401
-1.0305895747	-0.2214364982	-147.5313444937
-1.0216001161	-0.2247740300	-148.5312985179
-1.0773606027	0.0726148137	-149.4844252901
-0.8945347061	0.5495527805	-150.3441373740
-0.4159274059	0.9724127361	-149.5746411036
0.5737181208	0.8826982566	-149.6866814699
1.0494704101	0.0056371403	-149.7531912998
0.9845536594	-0.4924805502	-148.8885153015
0.9655328392	0.4874498515	-148.6900849202
0.1570140256	1.0741094636	-148.6439565387
-0.6897520724	0.7875465206	-148.1957725864
0.0060705913	1.0849149214	-147.5420120378
0.1135585880	1.0251157327	-146.5496056757
0.1139405519	1.0667060627	-145.5504710008
0.2906373903	1.0289567756	-144.5669298381
-0.6351783173	0.8455201439	-144.2364509769
-0.1086351239	1.0598267457	-143.4137572636
0.7535416769	0.7461567148	-143.0159353488
0.9869993245	0.3419241420	-142.1315748149
0.8432384906	-0.6117567311	-141.8673294463
0.8652525906	-0.6165362395	-142.8670756819
1.0703112554	-0.0475964558	-143.6634791391
1.0247851104	0.2116401941	-144.6282193784
1.0007506946	0.5157569152	-145.5805509209
1.0484507730	0.0111659845	-146.4425907664
0.8992923874	0.5582242700	-147.2662891386
1.0880893107	-0.2286244208	-147.8538475268
0.7383020847	-0.7735643780	-147.0918177770
0.3928183844	-0.9698691875	-146.1741547481
0.8599358849	-0.5785486961	-145.3812679253
0.0477561158	-1.0751594233	-145.0750950848
-0.5024990591	-1.5157663027	-145.7843798092
-0.8493770949	-0.6144162606	-145.5250658492
-0.7601983275	-0.7408185084	-146.5130282064
-0.3027760062	-1.0427606485	-147.3494466208
0.3546693984	-0.9981093964	-148.1016246621
0.1161323668	-1.0587324908	-149.0708640159
0.4077867162	-0.9703682482	-150.0232974788
-0.5667319525	-0.8868024942	-149.8151385753
-0.3570394552	-1.0276411539	-150.7827095176
-1.1161914772	-0.3840355536	-150.6854467873
-0.9254966617	-0.5133080280	-151.6585470466
-0.9639400864	0.4742473260	-151.5060461420
-1.0304839497	0.2464413806	-152.4774762041
-0.9085082427	0.5358152002	-153.4268890329
-0.0863752771	1.0612670347	-153.2078051300
0.7523440927	0.7344523380	-152.7722113139
0.7634467844	0.7065697201	-153.7717608574
1.0509075311	-0.1191403731	-154.2571155330
1.0336990672	-0.2037492934	-153.2608499060
0.3978484807	-0.9579993473	-153.4245596731
-0.5715943093	-0.8629243919	-153.1984149630
-0.2664321045	-1.0738056785	-152.2697572695
0.3754478329	-1.0264818249	-151.5044138179
0.7560641380	-0.7476461870	-152.3861064601
1.0340817770	-0.0596035402	-151.7158054020
0.9687340522	-0.4260203074	-150.7876521670
0.8987654514	0.5680199442	-150.7040556775
0.0230327012	1.0379318852	-150.8148479061
0.5333146127	0.9130660225	-151.6657420752
-0.3221611081	1.0395673724	-152.1678961348
