-1.0042484502	0.2828592746	-102.5579975594
-0.9840485523	0.4737616234	-101.5765963889
-0.9402659803	-0.4926052425	-101.8300094248
-0.4667040715	-0.9709623435	-101.0904733523
-1.0376747101	-0.2081637367	-100.7869427684
-1.0956520387	-0.0621501483	-99.7993605382
-0.6688348933	-0.8171907891	-99.3016249105
-0.1332607295	-1.0709142497	-100.1070966485
0.7904557863	-0.7028897746	-100.2134253091
0.6335739744	-0.8531472385	-101.1895455843
0.0533413074	-1.0591821112	-101.9775047731
0.5336699967	-0.9256453246	-102.8443682438
0.9835411269	-0.4456155007	-103.5974866504
0.9689663114	0.4451490894	-104.0517178909
0.4351464049	0.9561314197	-104.7254636631
0.0561794664	1.0386154571	-103.8037367822
-0.0285875338	1.0648599189	-102.8076816713
-0.2065129690	1.0874749332	-101.8238975991
0.7337580887	0.7965098470	-102.0006167454
0.9596355452	0.3899703448	-102.8858878947
1.0129582031	-0.2612895916	-102.1289089060
1.0586093346	0.1046096869	-101.1993747796
0.9720757537	0.3998235973	-100.2478703463
0.2629326789	0.9719972065	-100.6598575553
-0.6835313562	0.8268083623	-100.3715417047
-0.0500212673	1.0895417348	-99.6437806572
0.1108098046	1.1476180332	-98.6585088623
-0.6791265128	0.8463050020	-98.1244572996
-0.8541610012	0.6069525108	-99.0794825940
-1.0319451288	-0.1030715642	-98.3981173344
-0.9923614778	-0.3984882201	-97.4435692037
-0.9273514145	0.4910821172	-96.9914206588
-0.0992262195	1.0500068193	-97.0339863583
-0.3273876248	1.0198017266	-96.0608316812
0.6617345305	0.9545783835	-96.1926773388
1.0471456162	0.0849933354	-96.5013521501
0.6888826488	-0.8036434866	-96.2150441958
0.8460088046	-0.7226356147	-97.1992947208
0.9444461788	-0.4386767014	-98.1530648288
0.8881287847	0.5573628225	-98.2218661215
0.8513176462	0.6870718493	-99.2127346842
1.0364568333	-0.2951915651	-99.2424342806
0.3665876640	-1.0279638954	-99.1227680443
-0.1872118958	-1.0269951692	-98.2901185928
-0.1872692491	-1.0877773185	-97.2919675386
-0.2681862768	-1.3056239633	-96.3193446548
-0.9048320310	-0.5387949896	-96.4009259564
-1.0543899427	0.3106290448	-95.8948516131
-0.9433806554	-0.4940205608	-95.3115712772
-0.1324129795	-1.0787244280	-95.2902917944
0.7658421960	-0.7111141388	-95.0494592492
1.0028989966	0.1997240683	-95.3873613562
0.4044312306	0.9659698163	-95.1534729497
-0.5665547407	0.9166324751	-94.9194813463
-0.7751897077	0.7550685801	-93.9549252005
0.1679777894	1.0732026328	-94.0509762127
0.8359407163	0.7007304097	-93.4067014489
1.0281589326	-0.1946361628	-93.0049915311
0.9961409497	-0.4780285188	-93.9634609471
0.9770881752	0.4239964436	-94.3947241603
1.1216727703	1.4130470236	-94.3651565272
1.4908232729	1.5919494836	-93.4531686894
0.5331434265	1.7181904974	-93.1944941482
-0.1569893788	1.0312523620	-92.9668261682
0.6414262518	0.8448693796	-92.3942933180
1.0630149023	0.0960688511	-91.8828631876
0.7158771385	-0.8009252076	-91.6091899671
1.0069995878	-0.2994845184	-90.7944477044
0.3247984278	-1.0156953741	-90.6473301066
-0.1435673142	-1.0873651044	-89.7667070423
0.7723213630	-0.6883252507	-89.7229448886
0.3802951788	-0.9926417270	-88.8547819125
0.7570785962	-0.7340347470	-87.9653120219
1.0449373796	-0.0492910027	-88.6348367232
0.6158805557	0.8538705889	-88.6203667077
0.4078327463	0.9761803363	-87.6499253469
-0.5387558256	0.9053842072	-87.3353494681
-0.4828887262	0.9360998530	-88.3333151069
-0.3977692165	0.9839265706	-89.3285373304
-0.0111087041	1.0349329029	-90.2493478442
0.8732260167	0.5765134005	-90.1610095093
0.7099903891	0.8042317169	-91.1209566424
-0.0757039765	1.0748007015	-91.6772630223
-0.8393165501	0.6621495922	-92.1738663847
-1.0258924685	0.2167368371	-93.0495357883
-0.8744249272	-0.5803246713	-92.4649414540
-0.6591518297	-0.8070931795	-93.4148012001
-1.0292935355	-0.2309282684	-94.1435186438
-0.8777336674	-1.1709301223	-94.4491755118
0.0905040094	-1.0628545719	-94.2237082713
0.3760237033	-1.0187278990	-93.2663518376
0.0237586119	-1.0977685195	-92.3337951982
-0.4096941561	-1.0011540237	-91.4378128674
-1.0492676198	-0.2324241318	-91.4381842153
-0.8282880314	0.6434420947	-91.0092012614
-0.9692991306	0.4175906658	-90.0452992944
-0.9287663793	-0.5376993632	-90.3381782054
-1.0139254018	-0.4039419376	-89.3508297907
-1.0607236525	0.0464200746	-88.4592110484
-0.6411049360	-0.8564136443	-88.3653419437
