-0.9693464916	-0.4175376094	-2.3510014140
-0.4880530654	-0.9240212467	-1.6355777891
-0.8323503787	-0.6185634304	-0.7477969139
-1.1372625128	0.0546256439	-1.4214771501
-0.6344802783	0.8984579443	-1.2339749543
-0.7387317665	0.7834688658	-2.2218560904
0.1702943021	1.0559886983	-1.9065712232
0.0381055524	1.0653435045	-2.8977516417
-0.7151111122	0.7967884442	-3.4982038345
0.0948034985	1.0588370958	-4.0229598042
0.9427059644	0.5362586575	-3.9336671163
0.9598306841	-0.4377413968	-4.1595667360
1.0099227708	-0.2829867814	-3.1728845218
0.9107443679	0.4952151259	-2.5527511201
1.0451744736	-0.0252860319	-1.7095387557
0.5808836885	-0.8817606440	-1.4839610405
0.1409280461	-1.0921678398	-0.6109387929
-0.4428250583	-0.9569591233	0.1896553090
0.1078635675	-1.1388816426	1.0043001607
-0.7677948148	-0.7430411460	1.2809455993
-0.2785554225	-1.0363775872	2.1022850841
0.6645745474	-0.7929181790	2.3286329945
0.7060647811	-0.7889510604	3.3277640282
0.3276298440	-1.0109050702	4.2263870948
-0.5355509580	-0.9181679499	3.7300820177
-1.0389030485	-0.2641979134	4.2948473355
-1.1016543880	-0.1237542220	3.3067492438
-1.0206627745	-0.2853984450	2.3232292878
-0.8188463966	0.6557803440	2.5942507568
-0.7481118701	0.7071777931	1.5980806262
-1.0386198362	0.2314627633	0.7678394973
-0.9273648472	0.4727188923	-0.1962236788
-0.4354615181	1.0289543148	0.4735772391
0.0117449810	1.0788927858	-0.4194583125
0.8492295983	0.6405349398	-0.7457433331
1.0113150341	-0.3436294247	-0.6739880884
0.7519003248	-0.7507498493	0.2017727057
0.9190592598	-0.5496478848	1.1669752183
1.1532669125	0.1565800723	0.4988518404
0.6065013954	0.9919193094	0.4417919745
0.5630532451	0.8659336344	1.4328721266
1.0489420049	0.1704910699	1.9622791085
0.5689702201	0.8834461862	2.4734758299
1.0257509113	0.2640232721	3.1119636166
0.9682919744	0.3929511028	4.1019515383
0.2202420658	1.0255898700	4.3024247895
-0.0350970636	1.0832404075	3.3372935319
-0.8053986955	0.7126702260	3.8562474185
-0.7293195231	0.7708093766	4.8516527624
-1.1015683801	-0.0394224547	5.3043725079
-1.0213959154	0.2949173995	6.2434088425
-1.0120313488	-0.1793391735	7.1237457143
-0.6974068696	0.7697875556	7.1367798661
-0.9386065691	0.3955118435	8.0321794396
-1.0234770002	0.3019028200	9.0241645003
-0.6292474998	0.9437154182	9.6819332208
-0.2387162318	1.0163631593	8.7642145088
0.5793351709	0.9056792758	8.1998201605
0.4278426957	0.9551677864	7.2126013817
0.7068754927	0.8145333195	6.2626736766
-0.0034090950	1.0377970284	5.5951041141
0.8292269481	0.7425599709	5.1265400313
1.0330606243	-0.1837283228	5.4434656210
0.4144893539	-0.9530121180	5.2835530642
-0.5522995414	-0.9058448172	5.0323669229
-0.6682641224	-0.8282242845	6.0225826918
-0.3059978591	-1.0334464159	6.9317840068
0.5015054752	-0.9255610347	6.3518709879
1.0434493121	-0.1470605020	6.6684682055
1.0441968375	0.1570626859	7.6211006256
0.7536732981	-0.7888144971	7.4764893267
0.1620669127	-1.0614763496	8.2352102233
0.0998712579	-1.0683330923	9.2332506462
0.8882478582	-0.5567178895	8.8916189434
0.8545272771	-0.6261857327	9.8886330563
0.0859737682	-1.0427316843	10.3742408962
0.0637320649	-1.0469209067	11.3739847419
0.8954600312	-0.6234806466	11.0149207695
0.9976863918	0.2373817957	10.5164575045
0.4716482836	0.9511043422	10.9789334880
0.9895919105	0.3407240429	11.5782416637
1.0530027540	0.1211535276	12.5517753579
0.7650356847	-0.7496257021	12.1532549693
-0.1023681197	-1.0821610622	12.5234317843
-0.0573996684	-1.0692039023	13.5223361593
0.8291262873	-0.6752116730	13.2797627619
1.0801233008	0.2063237220	13.6796325489
0.5839803616	0.8954924739	13.1515334906
0.2933310193	1.0136221322	12.2020239627
-0.6595411189	0.8134101206	11.9740988900
-0.6325633451	0.8644284232	12.9724321673
-1.0284047141	0.1759604466	13.5801504044
-1.0352817808	-0.1444129327	12.6328840196
-0.8036396632	-0.7319542893	11.8575537134
-0.8288777323	-0.7481750954	10.8580038521
-1.1129209579	0.1112948664	11.2830107118
-0.6390303576	0.8362933351	10.7832058305
-1.0449219719	0.1192664544	10.2165273944
-0.8400012151	-0.6347205735	9.5924191945
-0.8035338155	-0.6848438902	8.5943421525
