-0.9338543191	0.2841425186	199.0042831032
-1.0351189852	0.1475023246	198.0188517637
-0.4251638147	0.9371596402	197.9525493209
0.2862656989	1.0150459895	197.2541212546
1.0273208338	0.3552289816	197.1297074163
1.0752974873	-0.1244389008	196.2535698910
0.7580244680	-0.7208969734	196.9908456866
0.3364877959	-0.9758496396	197.8610789726
0.7218419185	-0.7834759958	198.7635725080
1.0615664558	-0.0558378343	198.1676447065
1.0018840387	0.3371190627	199.0852627567
0.4478165540	0.9501212035	198.5220242656
0.1861425047	1.0972107626	199.4759065191
0.8399308704	0.7021276644	200.1212514800
0.6855613953	0.8053153573	201.1038614562
0.9848873227	0.4271782951	201.9798844874
1.6097160599	-0.2435118182	201.5801798200
1.0493913588	-0.2448592414	200.7519078757
0.8623538865	-0.5871445477	199.8311159594
0.0171829935	-1.0446875061	199.5548179266
-0.6465837072	-0.8200999224	198.8413936599
-0.9227988213	-0.5192359519	199.7541839327
-0.6418403867	-0.8270192075	200.6632118891
0.3336690893	-1.0354143955	200.7335873667
0.6735090566	-0.7950448607	201.6428350136
-0.3050312583	-0.9921446955	201.7029225102
-0.5835123967	-0.9111889302	202.6599462401
-0.2984299050	-1.0213210838	203.6121011023
0.1294832531	-1.0842985945	204.5137241734
0.1346976691	-1.0587324063	205.5133837054
0.3760080995	-0.9813990087	206.4807454897
0.8406851447	-0.6511686814	207.3023434295
0.0485308278	-1.0479600037	207.7660763103
-0.7302992452	-0.7225493732	207.2298565429
-0.6928899969	-0.8008193763	206.2336264717
-1.0352043842	0.0784411080	206.5648693749
-0.6585497823	0.8179193204	207.1228149676
-0.8864558026	0.5886622642	208.0691236107
-0.8155150282	0.6552167328	209.0643813207
-1.1343791960	0.0591408850	209.8012797032
-0.7136211913	-0.8083611741	210.0666151115
-0.7777211673	-0.6962458005	209.0749895087
0.1137054731	-1.0484007870	208.7897783406
0.5588489286	-0.9000662426	209.6728661998
1.0617396722	-0.4114851702	210.3858805304
0.4401083175	-0.9640295294	210.9411004777
-0.4841496130	-0.9435177683	211.3223176674
-0.7810621306	-0.7610617906	212.2596291274
-1.1869506429	-0.0149805817	211.7317869679
-0.9791403540	0.3685686796	210.8319509561
-0.7039453577	0.9732641595	210.0845480591
0.2426432746	1.1491999282	210.3547638368
-0.0360134779	1.0518213827	211.3102050088
-0.6187842329	0.8477916314	212.0968117133
-1.0557350664	0.2201023815	212.7410788743
-0.5487438896	0.8999299845	213.2709792204
-0.9339276345	0.5706967613	214.1330923032
-0.9913560237	-0.3927854523	214.3946338948
-0.2699203758	-1.0679940788	214.2409331575
-0.6826870712	-0.7922663486	213.3728330054
0.2596256904	-1.0121464781	213.1204456286
0.2680477338	-1.0597511097	212.1216148780
0.9796405320	-0.4293944729	211.8113147009
1.0328238661	-0.3089181125	212.8026052636
0.9183160274	0.5562494673	213.2908398525
0.3691037128	0.9973578519	212.5810587408
0.8588064982	0.6233807396	211.7934469701
0.9337211540	0.5226866990	210.8013539782
0.9355623490	0.5122763158	209.8014098628
0.9699830467	0.4318497971	208.8052438171
0.2051123758	1.0578023726	208.9574155294
0.2190725245	1.0232988181	207.9581084600
0.3850860439	0.9920708738	206.9724795608
-0.2510338327	1.0518331926	206.2032071982
0.6388856928	0.8465711130	205.7958858057
0.0026096712	1.1120481950	205.0715414516
-0.8706469289	0.7067620450	205.3420336827
-1.0215576539	-0.2816352033	205.3248048513
-0.9315878786	-0.5967259049	204.3800174205
-0.9841819872	0.3957323809	204.2692906823
-1.0638105607	-0.1570497938	203.4397780800
-1.0798949835	0.0604434055	202.4638487795
-1.1005291392	-0.2579505134	201.5161148801
-1.0547349008	0.2088307879	200.6329285438
-0.7240341080	0.8231462850	199.9165114477
-0.2651255984	1.0514063609	200.7751733821
-0.8119735619	0.7423745863	201.5532843427
-0.0254697244	1.0324847311	202.0984887241
0.5577482394	0.9040199792	202.9005819943
-0.3921706587	0.9455328763	203.2103089165
0.1980001031	1.0461296485	204.0112950346
0.8664005042	0.6731827655	204.6548410907
0.9965756208	0.3211727634	203.7279412054
1.0890361847	-0.1334701736	202.8420795661
0.5226083066	-0.9570626985	202.8713167323
0.7794981030	-0.6872990846	203.7993443317
0.9727516062	-0.3806504940	204.7313420384
0.9854181088	-0.3299842486	205.7299773529
1.0389211702	0.1444636537	206.6086334918
1.0216344968	0.3590106539	207.5851941687
