0.5437854974	-0.9012799854	-133.1908719619
-0.3711634347	-1.0030732002	-133.5813928872
-1.3702629140	-1.0439336132	-133.5928234152
-1.0514764991	-0.1273673775	-133.3514076799
-0.8499829851	-0.6695014648	-132.5356313654
-0.6241039322	-0.8389759592	-131.5763310740
0.1579527927	-1.0459234942	-132.1641745877
0.9766212173	-0.4831571157	-132.2785249871
0.9082949555	0.5069257843	-132.4012742150
1.0466118791	0.0807689365	-133.2952869496
0.8782801291	0.6037806973	-134.1308245730
1.0494194583	0.0929620247	-134.9733063910
0.8780200451	-0.5312255301	-134.2110648692
0.1218820844	-1.0661848776	-134.5879917598
0.5325213260	-0.9009243667	-135.4846881281
1.0414647574	-0.2270739682	-136.0203206738
0.6108138392	-0.9250157980	-136.5925242991
0.7081986820	-0.7990715166	-137.5797700792
1.2744851576	-0.1535856396	-137.0672589963
0.8424344348	0.5936300545	-137.5722351139
0.8184577486	0.6828505100	-136.5765118447
-0.0235891709	1.0355424306	-136.1683876055
-0.5579676624	0.8970183232	-135.3345706595
-1.0801431955	0.0566072812	-135.4796292445
-1.0386663964	0.3106878711	-134.5133359510
-0.8468890734	-0.6706982420	-134.5234727935
-0.5959563196	-0.9076945758	-135.4620171403
-0.4132682645	-1.0411822150	-136.4360839371
-1.0426262322	-0.2695573094	-136.5282986515
-0.8313401962	0.6801640448	-136.7593561341
-0.1109113537	1.0778710515	-137.3275210922
0.5482192975	1.6847652491	-136.8834195075
0.9150180718	1.6016327214	-135.9568410478
1.3278185617	0.7454624108	-135.6460868767
0.4881785968	0.9690541295	-135.1511005409
-0.1296727212	1.1085529603	-134.3772789691
-0.6529671598	0.8363286257	-133.5697786024
0.2805060482	1.0033056864	-133.2523728194
-0.2540073140	0.9877222543	-132.4073564750
-1.0138370490	0.3503186878	-132.2793898107
-1.0492304818	0.2848299273	-131.2821643963
-0.3610547741	1.0095443912	-131.3168507208
0.6132934773	0.9014999194	-131.5142636816
1.0627312189	0.0232869363	-131.3507165240
0.6146652608	-0.8493660184	-131.1565163234
0.9901104348	-0.3719012644	-130.3621182306
0.8233658270	0.6075896892	-130.4752275038
0.9721286991	0.4474305726	-129.4994105819
1.2625926093	-0.3895083507	-129.0355528930
0.5292951475	-0.9209932798	-129.4595795463
-0.0076254330	-1.0563986369	-130.2922749765
-0.8839956352	-0.6452900105	-130.5432031856
-0.9451454012	-0.4331586406	-129.5678770924
-1.0446143203	0.3835330231	-130.1363141255
-0.2839586088	1.0193344016	-130.2673083843
-0.0360157154	1.0431539737	-129.2988266088
-0.8599531252	0.5886898316	-128.9603159173
-0.6233337147	0.8499385796	-128.0244952367
0.3234141261	1.1313895212	-128.1808726441
0.9570655335	0.4034255414	-128.4427014773
1.8237993146	0.1640992589	-128.0050995083
1.6005546631	0.3056396345	-127.0406679930
0.7310692070	0.7583947451	-127.2381720475
-0.2163759950	1.0180622099	-127.0513020476
0.0232488676	1.0537598918	-126.0810929976
-0.8775746966	0.6278993470	-126.1657080222
-1.0932224422	0.1239905446	-127.0021122119
-0.8528457627	-0.6350836174	-126.3971118246
-0.6407716969	-0.8147255624	-127.3577123462
-1.0246962810	-0.1950156209	-128.0422278699
-0.4619289378	-0.9105416494	-128.4561305396
0.5367039726	-0.8948200902	-128.4062793333
0.9746734682	-0.3604989340	-127.6833107151
0.3630084233	-1.0881466047	-127.3728356917
0.0679975724	-1.0774746039	-126.4174013893
-0.2608538876	-1.0679260606	-125.4730680039
0.3872529234	-0.9793081830	-124.7166921494
-0.4611208888	-0.9388197110	-124.1888450518
-0.9335524719	-0.4949602447	-124.9502891886
-1.0172610690	0.4907971139	-125.0961497406
-0.1959147290	1.0521669347	-124.9948871409
-0.4845768423	0.9759652271	-124.0404933626
0.2041585180	1.0321167154	-123.3176582404
0.5799583138	0.8593459336	-124.2281112982
0.8016813174	0.7309520778	-125.1947311446
0.9486573653	0.5154052394	-126.1601002977
0.9596725440	-0.4011096934	-126.5599490738
0.8603016579	-0.6072873861	-125.5864932782
1.0507230395	-0.1556094655	-124.7148702212
1.0585395365	-0.0154200813	-123.7247763676
1.0150007859	0.4363816334	-122.8337210451
0.9317288423	-0.5539199795	-122.7225072918
0.4671467016	-0.9386652595	-123.5200876978
-0.0527402190	-1.0583775812	-122.6742824307
-0.8263885430	-0.6624377558	-122.1796108979
-0.8824715916	-0.5593610070	-123.1727019690
-1.0499065029	-0.0099860054	-123.9913304916
-0.9237755111	0.4999343363	-123.1404061600
-1.0448029294	0.3642991664	-122.1570672232
-0.3093038310	1.0177214465	-122.3361772454
