-0.1382854541	-1.0811866443	-130.2885562046
-0.0384862589	-1.1067389422	-129.2938767584
-0.0882187859	-1.0439653149	-128.2970888434
-0.5634910792	-0.9240985811	-127.4254534762
-0.9150665549	-0.4992078403	-126.5912697176
-0.4667009179	-0.9766987909	-125.8356437204
0.2085812449	-1.1036469322	-126.5621959691
0.6095223485	-0.8407766495	-127.4397752794
1.4389871966	-0.3141224605	-127.2537015548
0.9988667077	-0.3966104954	-126.3595596872
1.0576197003	-0.1466902059	-125.3930774397
0.9303559222	-0.4953443218	-124.4645063664
0.4018007569	-0.9871386695	-125.1564368230
-0.2611011443	-1.6996023622	-124.9263139082
-0.8907508080	-1.6350073604	-124.1521247926
-0.7185509414	-0.7530224372	-124.5908158014
0.0407730340	-1.0576032907	-124.0157874508
0.0682815279	-1.0930229158	-123.0167935905
-0.8193274390	-0.8237002747	-123.3904453492
-1.0496331176	0.0040688444	-123.9020678468
-0.9163157736	0.4418554192	-124.7912075437
-1.0488382761	-0.1059078819	-125.6172784560
-0.7703222105	0.7363266983	-126.0788732059
-0.9291817967	0.4778815700	-127.0317476716
-0.1900876692	1.0385474173	-127.4051022997
-0.1113708766	1.1142850319	-128.3991181347
0.6907244784	0.7929389102	-128.9024865005
-0.0808231562	1.0319521285	-129.4920515343
-0.9109309200	0.5403404366	-129.2289184026
-1.0070751062	0.5939059813	-128.2349933411
-0.9571073942	-0.3836679031	-128.4395722462
-0.9076101453	-0.5363243228	-129.4266112727
-1.0827009095	0.0563334710	-130.2128046101
-0.6026456836	0.8948074716	-130.4706967005
0.3891136278	1.0081778515	-130.5303676757
0.4083882084	0.9659124625	-131.5292881568
1.0038257206	0.2191208397	-131.8255252936
0.8740494316	-0.6180120758	-131.2941435131
1.0527312274	0.2165681540	-130.7730402069
1.0277521007	0.3289823688	-129.7796927915
0.8504366217	-0.6186350066	-130.0453627574
0.8756657406	-0.6567554841	-129.0464081434
1.0565448223	-0.0545137218	-128.2688558188
0.7627231293	0.8104557527	-127.8620430598
0.8896717208	0.5690982831	-126.8999460652
0.2544759175	1.0258092154	-126.2770966326
0.2048126210	1.0421541652	-125.2784643682
0.7490185155	0.7166437508	-124.5052354793
-0.1162127667	1.0599041977	-124.1397945212
-0.5581667747	0.8997761785	-123.2571645465
-0.5250959180	0.9217057275	-122.2579521500
0.3761561461	0.9954305784	-121.8309751445
0.4979058759	0.9131344382	-122.8201183842
0.9987690794	0.3989785342	-123.5163796554
0.9653534227	-0.5936204593	-123.3996293577
1.0383866324	-0.1919658505	-122.4867549274
0.5140959915	-0.9250852687	-122.0535630037
0.9597452784	-0.4694851453	-121.2829624323
0.2387409328	-1.0052258605	-120.8434915917
-0.2598841795	-1.0198052427	-119.9767964672
-0.0314087881	-1.1077415469	-119.0072263552
0.5805178240	-0.8773302829	-118.2506178232
0.9340066358	-0.5352803905	-119.1212770739
1.0314859846	-0.1018558663	-120.0171793892
0.9401247304	0.4652030373	-120.8357741125
0.5394479996	0.9360760279	-120.0498117825
0.0108754214	1.1300050018	-120.8762514856
-0.8499040441	0.6223537435	-120.9129790192
-0.5547487904	0.8823009841	-119.9935711617
-0.1122230785	1.0689085948	-119.1164459746
0.3401472865	0.9999845259	-118.2272831517
1.0346449196	0.9276395084	-117.5114345391
1.4248446031	1.0596242683	-118.4226558241
0.8708454988	0.5508114302	-119.0815901822
1.0119726027	0.0944372862	-118.2030654066
1.0005003852	-0.2647472194	-117.2698693505
1.0441872380	0.1914947146	-116.3810866119
1.0542637532	-0.1090824354	-115.4273823386
0.6923659543	0.8174733868	-115.5299703081
0.1821193998	1.0528252222	-114.7027714401
-0.7264561021	0.7479410534	-114.9883168848
-1.0204197160	-0.1940555848	-115.1502666528
-0.8422683950	-0.6216883008	-116.0364903080
-1.0630261950	0.3497809056	-116.1231711865
-0.3308492171	1.0138701966	-115.9718361718
0.4563292468	1.0252542303	-116.5884563709
-0.2420801485	1.0431837166	-117.3039302349
-1.0069257690	0.4038418032	-117.2248537234
-0.8836259392	-0.5836521948	-117.1266052839
-0.0009787611	-1.0525049828	-117.1599372845
-0.4791286851	-0.9557391257	-118.0328685642
-1.0634951104	-0.1580544880	-118.1819158709
-0.7483870950	0.7899262281	-118.2270767001
-0.9901256908	0.4455162690	-119.1342394371
-0.9277275796	-0.5489443404	-119.2188241405
-1.0597754976	-0.1723585620	-120.1357464376
-0.8126685165	-0.6734724726	-120.9650973817
-0.5986398111	-0.8669008317	-121.9225822030
-1.0674583370	0.0041607135	-121.7760865573
-1.0421939362	0.0609317275	-122.7741540711
