-0.0894064414	1.0060425782	-256.4293147271
-0.1266950013	1.0670700621	-257.4267540533
-0.1692794335	1.0822771323	-258.4257311858
0.6412046537	0.8230681490	-258.9510180095
1.0707740538	-0.0482873040	-258.7139319386
0.6564361203	-0.8729684670	-259.0989320119
0.5846443039	-0.8221158116	-258.1028095583
1.0304107362	-0.1556735141	-257.5051918277
0.7896968611	0.7392020505	-257.8810302957
0.7965954745	0.7507805150	-256.8811211257
1.0516033149	0.2058075864	-256.0823874352
1.0460449631	0.1461646698	-255.0841831338
0.7975609757	-0.7218294608	-254.6542507005
0.6519103511	-0.8469944496	-255.6356372814
0.8408283899	-0.7063045421	-256.6074995785
0.0098810953	-1.0813102139	-257.0184707937
-0.4984498524	-0.9464924582	-256.1679275436
-0.8757440886	-0.6051809803	-257.0288314490
-0.9244930672	-0.5527495796	-258.0262653993
-0.3333060709	-1.0504130648	-258.6609535046
-0.9616662193	-0.4003738040	-259.0882853233
-0.8768286292	0.5945132848	-259.0334924059
-0.9647590282	0.5049670807	-258.0413988003
-0.9432194734	0.4734791222	-257.0421267873
-1.0597792289	0.0644261711	-256.1370911490
-1.0198275852	-0.2124436780	-255.1770146141
-1.0310884218	-0.2251432158	-254.1771586668
-1.0191483856	0.2898796787	-253.3200654084
-0.3266067133	0.9843464553	-253.5152625608
-0.6495815203	0.8188845881	-254.4470938999
-0.5616230454	0.8833043777	-255.4411328314
0.4327966974	0.9673978255	-255.5048326517
0.4891846473	0.9366201123	-254.5068982192
1.0509061797	0.2797369850	-254.0039335315
1.0393349255	0.3305461648	-253.0052921878
0.8911790600	-0.6094886176	-253.3125127068
0.0135956113	-1.0617792923	-253.4715109338
0.1818137356	-1.0160386171	-252.4868229359
0.9539436309	-0.4550003920	-252.1884078979
0.7543970903	-0.7368861380	-251.2499402083
1.0210723923	-0.1999674582	-250.4495636628
0.9123574284	-0.5619447960	-249.5237378349
1.0239763039	0.4316616050	-249.5406950342
0.4905095125	0.9026296667	-250.2432633706
-0.0353447069	1.1117397854	-251.0677330779
0.8341774918	0.6623767505	-251.2726818737
0.5637742564	0.8892334647	-252.2083196891
-0.4274457529	0.9853038478	-252.1174716031
-1.1756130621	0.3303525096	-252.2236997630
-0.8314891666	-0.6074108382	-252.1770237720
-0.2590285145	-1.0773487411	-251.5051255883
-0.9496472080	-0.4734995971	-251.1071154986
-0.9293230561	0.5248899597	-251.1600798437
-0.7911461477	0.7053074541	-250.1862437847
-0.8949444800	0.5322607239	-249.2068150046
-1.0088189544	-0.2615060021	-249.8042821491
-0.9466075752	-1.1410487944	-250.2760174783
0.0370203062	-1.0389886249	-250.4245432766
-0.2334227527	-1.0083898418	-249.4622936903
-0.8368015883	-0.5773300935	-248.7913827616
-1.1841016772	-1.4692893594	-249.0808500591
-0.3734705730	-1.5138207031	-248.4969886266
0.4419782424	-0.9545707126	-248.6462624603
0.8670796142	-0.6167003193	-247.8065408273
1.0465798223	0.0166414965	-248.5593076036
0.5795823988	0.8917261882	-248.6863516460
0.6249197226	0.8588926329	-247.6879196330
0.4820205619	0.9944647798	-246.7075115430
0.1415653292	1.0471914010	-245.7687303449
0.6364176905	0.8515205531	-244.9220698110
1.0632720635	-0.0486170207	-245.0089472672
1.0623592325	0.1592369716	-245.9871067045
1.0735309000	0.1117850701	-246.9859177531
0.6738893469	-0.7701903478	-246.7361058412
-0.2979155763	-0.9758131553	-246.6207175743
-0.0137644486	-1.0604510634	-247.5757539930
-0.8999440350	-0.6064299602	-247.6682233306
-1.0398717964	0.2851752983	-248.0988743316
-0.3558078733	1.0135841807	-248.1373067310
-0.6580655428	0.8117374103	-247.2056961994
-1.0589002152	-0.0062771958	-246.7931629650
-0.8615845554	0.5766061007	-246.0049284866
-0.9594920411	-0.4001475692	-245.8142287422
-0.2458713758	-1.0522184392	-245.5582031055
0.7273445079	-0.8347382699	-245.6327230339
0.4307423602	-0.9423308408	-244.6838020653
-0.1992737835	-1.0170245889	-243.9108204984
-0.7575833131	-0.6941750254	-244.6750577839
-1.1018483134	0.2105093767	-244.9261110495
-0.4714625863	0.9823034264	-244.8427577055
0.0685818967	1.0466894768	-244.0035876434
-0.8431525723	0.6537349566	-243.8838921835
-0.9898755831	-0.3080806549	-243.6528443800
-1.0290373129	0.2869548417	-242.8500996406
-0.3539581885	1.0201548481	-242.9318671553
0.6199076024	0.8446663206	-243.0760517525
1.0249321139	0.3166667246	-242.3296124906
0.3619334776	1.0108366597	-242.0493252995
-0.1236568816	1.0389264054	-241.1755902314
-0.7642503126	0.8106803895	-241.9087640256
