-0.9393719979	-0.3847079813	-33.5960181030
-0.8441859668	0.6062531552	-33.5014895603
-1.0586706512	0.2306734705	-34.4031193183
-1.0836058261	0.7524045335	-35.2558648460
-0.6845302576	0.8205798078	-36.1702448669
-1.0413072412	0.2651858579	-36.9214091262
-0.8229646455	-0.6858243459	-36.7025344971
-1.0869663281	-0.1493578495	-35.9009692721
-0.9117059020	-0.5949131761	-35.0230374786
-0.2466405473	-1.0219819150	-34.4104198440
-0.1738836575	-1.1954691707	-35.3925647452
0.6937716473	-0.7866101946	-35.1097068131
0.5705668801	-0.8796855763	-36.0977136747
0.2571782317	-1.0194989098	-37.0369898784
0.8963604085	-0.5919237060	-37.6762281673
1.0500021545	-0.0622271785	-36.8420724249
1.0842338067	0.0054058015	-35.8449495769
0.9232849089	0.5226053333	-35.0043544921
1.0600372606	0.0819687071	-34.1171464229
0.6811252604	-0.8294814662	-33.9568832715
1.0013690928	-0.3666165942	-33.1303241399
1.0116821769	0.3017450195	-32.3865591274
0.7506923859	0.7541696057	-33.2393171955
0.4025645205	0.9735022747	-34.1507447405
-0.5439444766	1.1584065888	-34.4151896554
-0.0187858743	1.0493764605	-35.2591806943
0.6686742514	0.9758252972	-35.9816686193
0.2617098350	1.0145033614	-36.8942933895
0.1259014845	1.0744166787	-37.8832152703
0.9515980190	0.5125193427	-37.8332491143
1.0757560170	-0.0275206016	-38.6656802827
0.7549016602	0.7769828423	-39.1655069431
-0.1977599164	1.0513768023	-39.0345723219
-0.9771709020	0.4499055292	-38.8592131957
-0.8489183973	0.6240008951	-37.8828720163
-1.0178150636	-0.3612281885	-37.8546307528
-0.8787922492	-0.6417390509	-38.8043603528
-0.1781999950	-1.0380315674	-39.3977596574
0.5161553004	-0.9444127335	-38.6842428477
-0.1997923693	-1.0162598441	-37.9897956381
-0.2994894549	-1.7870262056	-38.6190648230
-1.0985452305	-1.6344075642	-39.2006294521
-0.9851755423	-1.2984067414	-40.1356432279
-1.0004160159	-0.3394422264	-39.8525270205
-0.8373615136	0.6452916260	-39.9134570555
-1.0037974405	0.2151403402	-40.8007388335
-0.8745921834	-0.5818738588	-41.3907171112
-1.1383161631	0.1853418400	-41.9753791795
-0.8379985382	0.6153255555	-42.8268034736
-1.0633865674	0.0803295656	-43.6410390212
-0.5674842349	0.8831109387	-43.9721325786
0.1696479992	1.0365812390	-43.3140422077
0.4037688253	0.9671103828	-42.3443199594
1.0476590408	0.2528404096	-42.6185895272
0.9796905884	0.3592298435	-41.6265907481
0.3937715207	1.0468319140	-41.1977525049
-0.4791939542	0.9656550891	-41.6787323410
-0.5102526311	1.2486286627	-40.7201076412
0.2440917370	1.0164962861	-40.1060399461
0.9904490969	0.4822226032	-40.5029055695
1.0423853010	-0.1682201340	-39.7451279792
0.8811288453	-0.5656872387	-40.6484641603
0.0242259613	-1.0465149558	-40.4626627775
0.2106677010	-1.0206585018	-41.4447884932
0.8114728529	-0.6704811533	-42.1634045201
0.1445464420	-1.0967985219	-42.7745204369
-0.7296529334	-0.7167638058	-42.4722803559
-0.6096154408	-0.8751285167	-43.4523373025
0.2543703377	-1.0170313327	-43.9354440871
0.9205413389	-0.5516441809	-43.3526654017
0.9855701018	0.3825408691	-43.7034781043
0.9990922006	-0.3163680081	-44.4185609906
0.9070507506	0.5458062708	-44.9167415645
0.9516291187	0.5561948612	-45.9156934384
0.5766456618	0.9116603484	-46.7718661397
-0.1736077969	1.0533453672	-46.1260758463
0.0110540580	1.0694047512	-45.1434049474
-0.8744525688	0.6257704588	-45.2814869106
-1.0963584172	-0.1483860277	-44.6886635569
-0.5479583509	-0.9834524018	-44.6448284325
-0.7625803332	-0.7074206562	-45.5817082968
-0.8308154173	-0.7000497334	-46.5793503382
-0.6464134761	-0.8211565103	-47.5547113343
0.2665225059	-1.0280369078	-47.2029324350
0.1488537544	-1.0509651959	-46.2101442609
0.3013268652	-1.0377200036	-45.2219254009
1.0155830985	-0.3876154073	-45.4811589774
0.9553961455	-0.3665798553	-46.4791244258
1.0492258114	0.0728998720	-47.3724628628
0.8237626934	-0.6263018410	-48.0509047151
-0.0111529779	-1.0610038735	-48.3884694716
0.6234244747	-0.8388306720	-49.1287062750
1.0490691113	0.0430319268	-49.3315485790
0.9927180874	0.3876225079	-48.3944883390
0.3633156218	0.9970743879	-48.8765888909
-0.4850501650	0.9305956264	-48.3513688741
0.3511933081	0.9885506223	-47.8060817275
-0.4617032732	0.9680921664	-47.2240331044
-1.0611298600	0.1755798813	-47.3363364663
-1.0089632358	0.3230769774	-46.3486506610
