0.8054142701	-0.6959913956	-41.2212535699
1.0732776471	-0.0041436388	-41.8917726917
0.9144021875	-0.4884987167	-42.7520974831
0.9059968163	-0.5355025630	-43.7509568267
0.1162943293	-1.0913142796	-44.0106553397
-0.0485691538	-1.0643821912	-43.0247067129
0.1586298346	-1.0619385673	-42.0464109458
-0.2902160589	-1.0033551350	-41.1547241480
-0.8791270154	-0.5977159847	-41.8537525918
-1.0606141530	-0.1805010181	-40.9632504354
-0.8045334792	0.7595075536	-41.1886535714
-0.8898352789	0.5784719136	-40.2088833432
-1.0095898007	0.3025721975	-39.2551862209
-1.0449112765	-0.1737902161	-38.3766469535
-1.0032231185	0.3581054489	-37.5308638258
-0.8586781556	-0.5996354504	-37.2821890913
0.0366578179	-1.0447975314	-37.2678986621
0.7240605328	-0.7449742071	-37.9293995931
0.3547133624	-1.0069222659	-38.8210081856
-0.4182658628	-1.0003270515	-38.1866111328
-0.6561526190	-0.8535085593	-39.1467435308
-0.7491310798	-0.7427581995	-40.1362329767
0.1774621039	-1.0604866380	-39.9350521842
0.9510594086	-0.4481398240	-40.0980815977
1.1031974249	0.2598628514	-40.7877092042
0.5435084535	0.8915122666	-41.3241486431
-0.0734402128	1.1330104243	-40.5751139423
0.6804544479	0.8169092788	-39.9991600324
-0.1135223017	1.0602291652	-39.4420277734
-0.4272668463	0.9654244859	-38.4972651400
-0.1610631027	1.0446114778	-37.5366065184
-0.6255015830	0.9051851625	-36.6620453709
-1.0937837363	0.0615155735	-36.3994935674
-1.0693795229	0.0854848465	-35.4000787845
-1.0614878047	-0.0057014046	-34.4042761995
-0.7743993811	0.6971306064	-33.7534249098
-0.3829493829	0.9813702739	-34.6286247214
-0.4214073755	0.9658606191	-35.6277645682
0.5610604695	0.8971493783	-35.4544564642
1.0078669879	0.2950066686	-36.1161120334
0.4320499635	0.9614437154	-36.5897114601
0.9710232266	0.3532469985	-37.1724674769
0.9415029427	-0.5890765779	-36.8390685713
0.2977279852	-1.0122529253	-36.2015141947
-0.6917363413	-0.8727526668	-36.1627840448
-0.5667604321	-0.8914951797	-35.1708013129
-0.4769300769	-0.9307679366	-34.1756188383
0.4419044419	-0.9779094944	-34.5674361434
0.8740889187	-0.5842084085	-35.3787412851
1.0796665227	-0.0774618607	-34.5415162347
0.6718125071	0.8288501710	-34.4308202399
0.9180928945	0.5051765739	-33.5172659868
0.9870715487	-0.4917405236	-33.5546591166
0.1678941324	-1.0312624731	-33.3600712787
-0.8024522863	-1.1860616823	-33.1744236757
-1.0368447642	-0.2220298956	-33.2997348107
-0.9713100999	-0.4631062746	-32.3314438486
-0.1693602126	-1.0590991886	-32.2905925983
0.7497841305	-0.7313483930	-32.5091174083
0.7672728193	-0.7543132501	-31.5095341146
1.0540636576	0.1981885631	-31.6119612153
1.0994406698	-0.1285548792	-30.6679380961
0.6904368834	0.7807138840	-30.7450498274
0.3506100142	1.0248542796	-29.8368025229
-0.6258800087	0.8492536632	-29.7117758911
-0.2117019766	1.0406347003	-28.8219276702
0.7375566574	0.7266581217	-28.8038513381
1.0450140922	0.2607968834	-29.6335761314
0.7806488062	-0.6998595278	-29.5484277011
0.4927295904	-0.9895516844	-30.4612151788
-0.4843216876	-0.9652628023	-30.2496003153
-0.2277264983	-1.0863360475	-31.2085060344
-1.0027289805	-0.4544218620	-31.2159635641
-0.9634108386	0.4069076121	-30.7094404937
-1.0332528099	-0.1402564951	-29.8753340624
-1.0615660999	-0.0608636519	-28.8788928277
-0.5427044944	-0.8696690260	-29.1556896867
0.2239610843	-1.0178691106	-28.5309812543
1.0282814367	-0.4236744316	-28.5321871889
0.9930754049	0.2809922231	-27.8235226413
1.0391028049	0.2171063759	-26.8266274226
0.8080454696	-0.6700589076	-27.2260648617
-0.0961545179	-1.0522597950	-27.4167081521
-0.7848300617	-0.6929584495	-28.0464926696
-1.0558984137	-0.1425044995	-27.2568583254
-0.7274421037	-0.7516659532	-26.5350281682
0.1981516628	-1.0481371850	-26.2996965128
0.9533854094	-0.4748069154	-25.9820262592
1.0083893718	-0.3520568050	-24.9911140661
0.8620311195	0.6256655678	-24.8406540258
0.6913902471	0.7709723755	-25.8152142468
0.3694550590	1.0396652899	-26.7230478507
1.0300113878	1.2787125711	-27.4347512537
0.1256219326	1.0540604129	-27.7975337244
-0.7924186893	0.7077025167	-27.9905042513
-0.6911456543	0.8294341728	-27.0031212576
-1.0345051084	0.2837261124	-26.2387214942
-0.3856975730	0.9893635765	-25.9538977745
-0.1425779493	1.0573359397	-24.9862859689
0.2247777257	1.0473818115	-24.0562586987
