0.1576499559	1.0281708853	-27.6109992708
0.6082956538	0.8458425843	-28.4848841863
-0.3640377999	0.9924006233	-28.6667863470
-1.0217055346	0.2630953667	-28.8554314990
-0.8704576470	-0.6098422837	-28.3916385118
-0.6540521791	-0.8521278233	-29.3374008449
0.0721448693	-1.0275433574	-30.0021317959
0.7249348433	-0.7591983346	-29.2937136999
1.0019755661	-0.4403150014	-30.2001141951
0.9684256137	0.5505725408	-30.3305606568
1.0642752699	0.2586555975	-29.3789318733
0.3821302299	0.9622428066	-29.5780378337
-0.6050725648	0.8868924408	-29.7185830741
-0.2401094951	1.0027695941	-30.6423657558
-0.2783328056	1.0700824744	-31.6393652316
0.6339688722	0.8991736246	-31.2672149747
1.0252320887	-0.0210225968	-31.2795441894
0.5576882730	-0.8768222382	-31.0581627216
0.4377576850	-0.9510384347	-32.0481670702
-0.4938839916	-0.9091294663	-31.6872135762
-0.6737288718	-0.8358024216	-30.7062553898
-1.0301684572	-0.1692714572	-30.0515132302
-1.0388755255	0.2293691638	-30.9685791178
-1.0270687542	0.3478974575	-31.9614595959
-1.0283072603	-0.3363882761	-32.6906725283
-0.4243210953	-0.9645136755	-33.1812428038
0.5724368845	-0.9195620720	-33.2479727301
1.0271574400	-0.2506270767	-32.6599632162
0.9071716646	0.6527496783	-32.2482426164
0.1417057135	1.0238544993	-32.7739260664
-0.8285936552	0.8182827466	-32.9014383773
-1.0523171646	0.1698920890	-33.6291315452
-1.0522593559	0.0240605710	-34.6184409836
-0.7207983297	-0.8310646360	-34.2198252936
0.2593415937	-1.0287867004	-34.2350475043
-0.0890738253	-1.0641676274	-35.1717197446
-0.9159187577	-0.5810280718	-35.4596496452
-0.9506402856	-0.4072878911	-36.4438288794
-0.8467620651	-0.6900059967	-37.3973905125
-1.1223154377	0.2622416639	-37.2658810762
-0.4558284136	0.9518352854	-37.5491754176
0.4319053956	0.9676017701	-37.0890883584
1.0319398929	0.2485360582	-36.7385129685
0.8598823374	0.5925064622	-35.8154308710
-0.0252629359	1.0454875157	-35.9218546012
-0.3844848950	0.9695856843	-34.9916941332
-0.5693183151	1.0151203455	-34.0099797137
0.4148858473	0.9605219555	-34.1783875001
0.9177096836	0.5160390727	-33.4370352514
1.0260411074	-0.2432194087	-34.0787445790
0.9005756788	-0.6058753901	-35.0021832967
0.9770143624	-0.5152678317	-35.9951321363
0.1480314201	-1.0172350983	-36.2417414319
0.2013902213	-1.0326671639	-37.2401975850
0.7617177286	-0.7358132334	-38.0134445238
0.4084205714	-0.9780739985	-38.9170433509
-0.3980554751	-0.9428309153	-38.3268278721
-1.0230213754	-0.1622002727	-38.3326091610
-0.9320219426	-0.5892115424	-39.2322649167
-0.2828602763	-0.9926375648	-39.8771188347
0.2883331179	-1.0071917119	-40.6978053054
0.7215994708	-0.7752521713	-41.5687153564
0.4924833655	-0.9140968721	-42.5321612342
0.8746274527	-0.5802602794	-43.3938566711
1.0178454521	0.3459178609	-43.0450262581
1.0479616094	0.2733269556	-44.0419332636
0.3568711543	0.9703759880	-43.8508400159
-0.1902722823	1.0338755135	-43.0162132310
0.4929903666	0.9231245925	-42.2944886394
0.8003763073	0.6541872396	-41.3816980919
0.8058028859	0.7046318601	-40.3829859750
1.0234455548	-0.2272084059	-40.6733398750
0.8486878158	-0.6643377341	-39.7910827225
1.0415124218	-0.1602476230	-38.9492324798
0.8021933133	0.7635806672	-39.2480094109
0.7851563764	0.6863793096	-38.2511394629
-0.0972067814	1.0343611437	-38.5679105173
-0.1193412923	1.0877361832	-39.5662397057
-0.8988364119	0.5422543618	-39.2582836360
-1.0564878460	-0.0039151139	-40.0809894942
-0.9682824035	0.4302803016	-40.9774793944
-0.2552594238	1.0278515946	-40.6107277343
-0.3334517494	1.0152444112	-41.6075863096
-0.9167227646	0.5764936775	-42.2911744286
-1.0313562971	-0.2683712540	-41.7686206986
-0.7661540385	-0.7149626783	-40.9140893289
-0.2669806800	-1.0463521509	-41.7147184413
-0.6561766273	-0.8233151159	-42.6084639284
-1.0383236630	-0.0666745057	-43.1389906761
-0.8254274571	0.6115293685	-43.8423502645
-1.0450574038	-0.2390758077	-44.3200881851
-0.6292038380	-0.9060483534	-43.7018540586
0.0326066510	-1.0642157662	-44.4346500372
-0.5821821481	-0.9066702731	-45.2074463558
0.3845718252	-1.0116826977	-45.4405968346
0.9143093969	-0.5259774680	-44.7452778179
0.9806043862	0.3861185904	-45.1498587798
1.0427328573	-0.2645645281	-45.9066622764
0.6388874803	-0.8418889134	-46.6163139273
-0.2894695076	-1.0105645876	-46.2851012768
