1.0417743977	0.2075600619	-249.9603204720
1.0679183247	-0.2656441652	-250.8408852081
0.8434362426	0.6325824302	-251.2187698176
0.0320025065	1.0653495364	-251.6115648323
-0.5628825257	0.9006994807	-250.8247979306
-1.0434726777	0.0439428882	-251.0118841325
-0.6229871019	-0.8382601400	-250.7999650499
0.2812010516	-1.0266632509	-250.4166270125
0.5510241400	-0.9893813420	-251.3788149153
-0.3482065259	-0.9931538924	-251.8162734588
-1.0269072228	-0.3247160185	-252.1205039189
-0.8688422314	0.6596734120	-252.1979177911
-0.7934081142	0.6986755082	-253.1943055321
-0.0059018109	1.0491107789	-252.6873253122
0.8033825242	1.4010865725	-253.1576144847
0.0919509560	1.0675426367	-253.7761721350
0.4177522469	0.9828189346	-254.7178065721
0.9757585292	0.4890725686	-254.0508406697
0.9530423477	-0.4032405027	-254.5016858292
1.0464512353	0.2828840726	-255.2231481268
1.0915867179	0.0548279174	-256.1957493700
0.9154224722	-0.4945070358	-257.0125708118
0.1292049912	-1.0770727835	-256.8064659303
-0.1277298682	-1.0563077766	-255.8402603143
0.7760222701	-0.7774922744	-255.5154619336
0.1487057267	-1.0732955097	-254.7950631548
-0.5471285052	-0.9339620126	-254.0905059192
0.3813172613	-0.9935487025	-253.7238481974
1.0438397084	-0.3434210018	-253.3518294077
0.9592771513	0.4405548612	-252.7368245133
1.0655913961	-0.1681010981	-251.9505451707
0.6163540348	-0.8907380443	-252.4758847153
-0.2883224947	-1.0122907119	-252.8842783074
-1.0029592278	-0.3936994398	-253.2108348533
-1.0432172643	0.0520277693	-254.1050979833
-0.6462241286	0.8137709660	-254.6170977416
-0.2690389963	1.0596269011	-255.5100066032
-1.2539791966	1.2324570824	-255.5052599919
-1.0604477921	0.2542154960	-255.4305004170
-1.0488971136	-0.2673742453	-256.2836186524
-0.8247809872	-0.6732826932	-257.1696267189
-0.2904168797	-0.9971656056	-257.9503666625
0.6949221984	-0.8356615069	-258.0053514536
1.0388973460	0.1027130136	-258.0390316740
0.8859083245	0.5972397959	-257.1834397030
0.4903716430	0.9407259895	-256.3316369275
-0.1206683448	1.0559788001	-257.1148016119
-0.7389527398	0.7691699856	-256.3830467959
-1.0021823116	0.4134263469	-257.2797946178
-1.0412203203	0.0571539350	-258.2133608995
-0.5582814393	0.9328072813	-258.2144808779
-0.2133155564	1.0478094948	-259.1460242373
-1.0178379754	0.4617140932	-259.2421276065
-0.6979413280	0.8073706960	-260.1242770542
-0.5634701347	0.9071084951	-261.1101623769
-1.0860542172	0.0570087121	-261.0450760059
-1.0777931961	-0.2262657262	-260.0860726961
-0.5917840026	-0.8729176963	-260.6739811016
0.1313638321	-1.0424800610	-261.3435375322
-0.1267884076	-1.0806011431	-262.3088893874
-0.8645138892	-0.6706878739	-261.7724826149
-0.9730246933	-0.3851557505	-262.7246889013
-0.9636580773	0.4098168642	-262.1181158981
-1.5440606544	0.6396798044	-262.8993302587
-0.9477152046	0.4305571073	-263.6743398084
-0.1814480480	1.0474996993	-263.8538293150
-0.4479057465	0.9890999756	-262.8917535554
0.0215700496	1.0251136715	-262.0095429850
0.6240953844	0.9869954970	-262.8067319373
0.8311395519	0.6760764217	-263.7343428693
1.0937437375	0.0458901071	-263.0036553502
0.9967351618	0.2712220228	-262.0342148600
0.8501162348	-0.7012334815	-262.2154141495
0.5909187998	-0.8803123479	-263.1644913062
-0.3720226839	-0.9925359652	-263.4097453758
-0.8371544353	-0.6875575220	-264.2407932703
-1.0522640088	0.1766539889	-264.6956188808
-0.4695875019	0.9489848571	-264.9485874922
0.5005808135	0.9277222364	-264.7070893745
0.4884609605	0.9514851748	-265.7067335271
-0.0029809115	1.0782323771	-266.5683715214
-0.7446203771	0.7572542886	-265.9793520228
-0.8749352434	0.5466968271	-266.9482088704
-0.3677376419	0.9963889597	-267.6834146775
-1.0201991143	0.3226982506	-268.0304519312
-0.9468151882	-0.4973359327	-268.5980422214
-0.8146774649	-0.6763027448	-267.6231009400
-0.0633191429	-1.0607104142	-268.1594696709
0.0970304551	-1.0673037722	-267.1724314072
0.0231056280	-1.0238407297	-266.1761151503
-0.8390556890	-0.6597856932	-266.5284527638
-0.9372742631	-0.3750032362	-265.5749056680
-0.3295286064	-1.0306912316	-265.1268895194
0.2117668572	-1.0469454801	-264.2862141834
0.9574936948	-0.3907629141	-264.1708195399
1.0693554224	0.0887289881	-265.0412070798
0.6811844053	-0.8169856398	-265.2115134931
0.9683603496	-0.4150959744	-266.0810045361
0.9735249472	-0.4056176494	-267.0809462785
0.9156256064	0.5094535725	-266.6818318523
