-0.7566062371	0.9126562696	175.0298960381
-0.8099700280	0.7089546166	176.0074736271
-0.8433022501	0.6573102920	177.0055827527
-0.5968773865	0.8538627190	177.9546043173
0.3596179301	1.0242324510	178.1914394154
0.8668585320	0.6646624246	177.4082303961
0.0871576697	1.0973242976	176.9556044258
0.2142024202	1.0488362455	175.9648932973
0.3992691977	0.9693629856	174.9853861310
-0.0847619977	1.0646146295	174.1155350367
-0.7678454106	0.7556059468	173.4537868331
-0.3758883659	0.9935286721	172.5651010327
0.4923568217	1.1371581204	172.0902106497
0.5715447007	0.8752985288	171.1283588762
0.9884897234	0.3784868856	170.3672182590
0.6248076287	0.8947200694	169.5918224672
-0.0699400257	1.0558760818	170.2927892541
-0.9160788200	0.6991097241	170.6887272629
-0.4143014660	1.0043985310	171.4980592290
-1.0601416326	0.3935239781	171.9560142050
-1.0202365825	-0.2243761290	171.1707709022
-1.0923880204	-0.2477791858	170.1736518186
-0.9639419971	0.3852868676	169.4102849401
-0.9468618052	-0.4471934844	168.8564937063
-0.9783003683	0.4167762235	168.3539323065
-0.4977244856	0.9223844404	167.6374079510
-0.1350450519	1.0611787701	168.5589283048
0.8129478408	0.7429480541	168.5651481673
0.6255626460	0.8455819621	167.5882382074
1.0713845626	0.0172458988	167.9275053366
1.0884774375	0.1006878301	166.9311393006
1.0093307459	0.2754647715	165.9497174636
1.0262046850	-0.3144400408	165.1424209985
0.9725575638	0.4943190409	164.5567327417
0.4454500671	0.9628116870	165.2657266257
0.2966716543	1.0174487992	166.2530866258
-0.6493903992	0.8566497952	166.5343521077
-0.9921460227	0.3807253092	165.7244049080
-0.8665531815	-0.5982782756	165.8849614998
-1.0509105330	-0.1210314982	166.7441750241
-0.9922559765	-0.3691752592	167.7111208948
-0.4038608401	-1.0701635058	168.1141179688
-0.3994284821	-1.0064587234	167.1161590243
0.3278831589	-0.9811855944	166.4303171724
0.7068912785	-0.8038599539	167.3385618874
0.6113748384	-0.9030005461	168.3290404347
1.0436697421	-0.2946928365	168.9946851197
0.5173068477	-0.9191700800	169.5717208860
-0.4701201936	-0.9906305620	169.7127217287
-0.6450321963	-1.0825903146	170.6930018903
-0.1070629253	-1.0775069386	171.5359510126
0.4671459641	-0.9466723285	170.7277638708
1.0553465309	-0.2734555045	171.1758701095
1.0646823537	0.2840870138	172.0059659971
0.8865198570	0.5778854565	172.9450829227
0.9557510909	-0.4092781889	173.0890098952
0.7500369518	-0.7369812170	172.1668968770
-0.0526178373	-1.0651937499	172.6649147709
-0.8467886686	-0.6320267974	172.2386999402
-0.9756987881	-0.3585912341	173.1919130191
-0.4313960782	-0.9624031577	173.7742752096
0.5282027406	-0.8872606408	174.0454277664
1.0497111803	-0.0343921646	174.0708110201
1.0080319330	-0.3483212187	175.0193421947
1.0174981321	0.3390965630	175.7455427074
0.8408891398	-0.6105415959	176.0043797816
1.0887898093	-0.2340973653	176.8970359300
1.6822013562	0.0099730635	177.6640381215
0.9141070129	-0.5516669605	177.9715955360
1.0388863024	0.2622892412	178.5389626400
0.8762543340	-0.5709016713	179.0674924370
0.0146629601	-1.0586365035	178.9268686919
0.0047443486	-1.0832576432	177.9272210436
0.3303278988	-1.0153631978	176.9841485671
-0.0788477013	-1.0782217112	176.0738606261
0.1781656914	-1.0652398833	175.1075399815
-0.7328627533	-0.7530550159	174.8381559036
-1.0418982564	0.0177582147	174.2810706127
-1.2981504781	0.0237384875	175.2476620647
-1.0145985929	-0.3524977110	176.1297304585
-0.7198737437	-0.7952559433	176.9765494540
-0.9866950814	-0.3667857911	177.8398105399
-1.0781889030	-0.0037655084	178.7670888988
-0.7038378773	0.8915453170	179.0085010682
0.2427153842	1.0492232791	179.2898808531
-0.4206576439	0.9607381247	180.0329196159
-1.0292571388	0.1805237409	179.8884475765
-0.7541030598	-0.7249541111	179.5653375454
-0.7987515993	-0.6780036777	180.5632364204
-0.4425808601	-0.9470285936	181.4580928329
-1.0503843002	-0.2398088850	181.8192233661
-1.0248105296	0.3027201587	180.9795756906
-0.3139443996	0.9830048942	181.1581310708
0.4831897704	0.9516241814	181.7611172780
0.9760315585	0.3353507286	181.1468583722
0.6318871199	0.8696816460	180.3748123398
1.0058751173	0.3433942207	179.6111667913
1.0338705880	-0.4031892676	180.2758692425
0.5414439463	-0.9047280948	180.9871883040
0.1852530337	-1.0502886231	180.0641822550
