-0.0809157737	-1.1326741315	-19.7173722020
-0.0707921652	-1.0413043769	-18.7216066269
-0.8545138603	-0.6217857937	-19.1796289659
-1.6726458666	-0.3527337139	-19.6878326638
-0.9146376382	-0.5240118130	-20.3171873639
-0.1941397758	-1.0644795227	-20.7516726743
0.1540073932	-1.0562032337	-21.6890760303
-0.5249248410	-0.9336813691	-22.4129816968
-0.8703924131	-0.5698470939	-21.5479517685
-0.9613432840	0.4121949809	-21.3826602011
-0.8510596193	0.6405943678	-20.4153591966
-0.9572015890	0.3978875261	-19.4510836803
-0.9433558741	1.3977554221	-19.4595975950
-0.6569619699	1.7803996747	-18.5812116277
-0.3827400108	1.6169700989	-17.6335338919
0.2586878498	1.0073273295	-18.0992655672
-0.0047354026	1.0632833664	-19.0623216985
0.1704154974	1.0597065404	-20.0468568013
-0.0067422076	1.0578102590	-21.0310374512
-0.0404252788	1.0590688089	-22.0304692231
0.7533372570	0.8392726529	-22.5975941534
1.0724987700	0.1747893533	-23.2733144159
0.9774224404	-0.4163822547	-22.4723920592
0.9967070396	-0.4509528113	-21.4731758760
0.9131656138	0.5389020282	-21.5881029257
0.9557231939	0.4401092156	-20.5939053434
0.8938545163	-0.5411646394	-20.4114940275
0.9476791528	-0.4751090945	-19.4151308540
0.9297475372	0.5243716190	-19.4419032373
1.0058248880	0.2048568308	-18.4973808518
0.8030548873	-0.6714693575	-18.0604177658
0.8413649240	-0.6465037918	-17.0614637821
1.0061655208	0.3128956932	-17.2903598097
0.5221601425	0.9118725812	-16.6524213477
0.7733508941	0.7127287584	-15.7051912045
0.1963264601	1.0273480785	-14.9514953203
0.4537081839	0.9699804868	-13.9868899047
0.9989409179	0.3261058794	-13.4500968761
1.0330302017	0.1223503766	-14.4285250113
0.8472190555	-0.6957365646	-13.8842750920
-0.0896060320	-1.0417916396	-13.8332394144
-0.2458548314	-1.0338674749	-12.8455534722
0.5751821213	-1.5482363599	-13.0931882282
0.8392866415	-0.6443272490	-12.7567404289
1.0663337362	0.2354084791	-12.3389909042
1.0019855616	-0.3052415999	-11.5002079737
0.8090524993	0.6662622349	-11.3625230710
0.9652984085	0.4115346043	-10.4082164903
0.9278045412	-0.5855529102	-10.4746295785
0.1300832056	-1.0556482555	-10.8523213008
0.1755814939	-1.0413654216	-11.8511836068
-0.7403024000	-0.7583638337	-11.5664612963
-1.0394940141	-0.2127536300	-12.3492728213
-1.0402592383	0.0514338835	-13.3137438536
-1.0084124916	-0.2534826110	-14.2655903308
-0.4701065537	-0.9134478237	-14.7896825319
0.3842444098	-0.9741936543	-15.3058165989
-0.2331960026	-1.0366161212	-16.0899535594
-0.9445738097	-0.4985000479	-15.6378775624
-1.0823465752	0.2006876363	-16.3394153357
-0.8809630526	-0.5856978680	-16.9234037906
-0.1736615022	-1.0332184982	-17.4706238581
-0.8615138239	-0.6447700662	-18.0837853370
-1.4736253495	0.0129285273	-18.5228206891
-0.7751111087	0.7215072814	-18.4228506698
-1.0067444649	0.3397129401	-17.5280998278
-0.5340866814	0.9173956398	-16.8626095439
-0.4485767955	0.9674907254	-15.8675323902
-0.9271606902	0.4947389404	-15.1276248247
-0.6661603376	0.8230255450	-14.2198215854
-0.3445891728	0.9863467861	-13.2871275530
0.4006300092	0.9768383377	-12.6203757550
-0.5225620823	0.9109561878	-12.2417256468
-0.9527205661	0.4647029568	-11.4569825470
-0.2849151507	1.0101125085	-10.9504607328
0.1327675224	1.0519549506	-10.0428317367
-0.2936627609	1.0169629922	-9.1389884005
-0.6288267187	0.8760473001	-8.2074263311
-1.0390850381	-0.0335114730	-8.2736905719
-1.0347703762	0.0911933541	-7.2815060680
-0.6504957120	-0.8223570965	-7.1482448335
-0.0980924515	-1.0463596968	-7.9511604410
0.6551011668	-0.8144529834	-8.5667241255
0.8495919124	-0.6214895995	-7.6049869045
0.3808379008	-0.9908744123	-6.8026001295
1.0233887157	-0.2593390565	-6.5745990910
0.8553799074	0.6369779256	-6.9849512667
0.2710794289	1.0054862617	-6.2619059313
-0.6776032437	0.7976689299	-6.5002610094
-0.1333807015	1.1040531512	-7.2812543086
0.4333966130	0.9725774693	-8.0945670534
1.0288437953	0.2186812021	-8.3722054362
0.7900957111	0.7119271554	-9.2086908108
1.0438098855	-0.2257853646	-9.4460183221
0.3970249437	-0.9658926147	-9.6301663531
-0.3894186834	-0.9759323689	-9.0125858930
-1.0156050193	-0.2838397243	-9.3716101874
-0.6045295902	-0.8802908455	-10.0610034362
-1.0587914162	-0.1884023324	-10.6221954522
-0.8789461388	0.6100560586	-10.0476348601
