-0.7566062371	0.9126562696	175.0298960381
-0.8120137912	0.7095302100	176.0074796953
-0.8442742293	0.6575832815	177.0056083347
-0.5980048151	0.8631256533	177.9527639233
0.3597107466	1.0224146297	178.1923634327
0.8584950132	0.6509710434	177.4092645133
0.0890524938	1.1006368610	176.9556580078
0.2094471457	1.0530743033	175.9640719395
0.3982180600	0.9691999052	174.9856391992
-0.0721064946	1.0576573712	174.1075901744
-0.7453768398	0.7160203844	173.4518530230
-0.3752319900	0.9942967646	172.5655375902
0.4870253135	1.1531644137	172.0846286460
0.5807638951	0.8876451242	171.1250909525
0.9852868093	0.3759326245	170.3671255645
0.6132683218	0.8755698469	169.5848437157
-0.0893760495	1.0714466346	170.2688928159
-0.9135866371	0.6931565431	170.6902875405
-0.4019052735	0.9897060338	171.4966625040
-1.0473210602	0.3846515159	171.9628679229
-1.0288604665	-0.2260145977	171.1711949449
-1.1017024264	-0.2452213370	170.1740364068
-0.9482252723	0.3839234677	169.4120511196
-0.9915482863	-0.4466678946	168.8568564642
-0.9745817173	0.4204901014	168.3591124079
-0.5061682430	0.9316486317	167.6384836728
-0.1215754154	1.0980300960	168.5464514945
0.8295738161	0.7893685449	168.5398798832
0.6236902378	0.8418182642	167.5627100007
1.0647057022	0.0107982158	167.9016953093
1.0763147403	0.0844014810	166.9044752786
1.0263480868	0.2731363548	165.9237192024
1.0082490005	-0.3160936401	165.1159565911
0.9587795466	0.4839358625	164.5180388976
0.4486703976	0.9633416337	165.2321528679
0.2951729921	1.0143577093	166.2189841132
-0.6428901323	0.8394022377	166.5180295238
-0.9925820222	0.3749800409	165.7043787356
-0.8503296453	-0.6014918942	165.8664491563
-1.0653011134	-0.1311914277	166.7223724817
-1.0136021501	-0.3926832495	167.6861926124
-0.3912966905	-1.0611211658	168.0935335839
-0.4030781673	-1.0078883284	167.0950209591
0.3240041841	-0.9876145012	166.4087701113
0.7045905475	-0.8086495714	167.3160327932
0.6215802469	-0.9138410637	168.3070141452
1.0240283064	-0.2833801671	168.9707570300
0.5127842165	-0.9123636005	169.5564270063
-0.4738668742	-0.9564981204	169.7131808558
-0.6466436547	-1.0741581408	170.6910889822
-0.1079213366	-1.0745127474	171.5335722985
0.4630321938	-0.9395175243	170.7237646943
1.0674689017	-0.2924773794	171.1885176576
1.0680912453	0.2847418401	172.0051066517
0.8975337731	0.5822308800	172.9444736832
0.9836510623	-0.4048967417	173.0792433793
0.7491785404	-0.7339870258	172.1645181629
-0.0501557752	-1.0311381385	172.6867880817
-0.8456628278	-0.6263467072	172.2358862893
-0.9895979258	-0.3772888035	173.1936194714
-0.4094792138	-0.9907384984	173.7294755638
0.5385555063	-0.8926595400	174.0321481383
1.0363396968	-0.0263743050	174.0741099231
1.0356468652	-0.3513419641	175.0198347988
1.0115186582	0.3374526638	175.7443896899
0.8837699112	-0.6213804307	175.9980022973
1.0978788166	-0.2331129744	176.8943313435
1.6834431597	0.0128645834	177.6667363157
0.9156394071	-0.5519431368	177.9691757917
1.0301777806	0.2618720935	178.5389000513
0.8751834116	-0.5662260380	179.0776302530
0.0253532253	-1.0712575050	178.9268593280
0.0062413634	-1.0726988266	177.9270430152
0.3339779759	-1.0118250287	176.9842370470
-0.0760659810	-1.0589960956	176.0733919208
0.1906515534	-1.0589360142	175.1096171789
-0.7053585972	-0.8116927148	174.7407858340
-1.0648437300	-0.0029272024	174.2753088902
-1.2795557755	0.0314885328	175.2513797353
-0.9941867476	-0.3441933738	176.1330982976
-0.7198110034	-0.7891308243	176.9855938202
-0.9714828325	-0.3357654615	177.8406500396
-1.0721633926	0.0091862097	178.7738551453
-0.7013632945	0.8986128667	179.0411144000
0.2556130185	1.0297722345	179.2999455354
-0.4135753847	0.9731798607	180.0408802048
-1.0340561394	0.2028867001	179.8937337480
-0.7757054275	-0.7127424466	179.5857107371
-0.8207521853	-0.6859618425	180.5843365874
-0.4569082010	-0.9411576566	181.4801561292
-1.0201360448	-0.2034882698	181.8524708775
-1.0175881358	0.3174785130	180.9988977293
-0.3044639735	1.0101699767	181.1067516368
0.4738873427	0.9634517853	181.7328400005
0.9756487213	0.3649578717	181.1083077321
0.5873290245	0.8892715333	180.3504799170
1.0196803474	0.3628511818	179.6183911607
1.0202814933	-0.3845923413	180.2827162456
0.5206468094	-0.9362174517	180.9506046495
0.1338878549	-1.0457618146	180.0349532182
