0.2481847256	1.0237113656	137.9282325896
0.4329084530	0.9691968078	138.9095099752
1.0861539446	0.2503738882	139.1473417179
1.1178469273	0.5008543267	138.1797389560
1.0244269800	-0.2552234967	137.5319588711
1.0648284626	-0.1121055873	136.5430781987
0.7461893489	-0.7299188997	135.8242069820
-0.0155637842	-1.0711423193	136.3749326325
-0.2566654580	-1.0581101496	135.4045202740
0.2184039612	-1.0179604415	134.5254883930
1.0075121166	-0.4326438775	134.7118022112
0.9699868697	0.4965934172	135.0793752053
0.6472987669	0.8356599336	135.9630642262
0.6620392290	0.8375760523	136.9629537438
-0.2334829120	1.0444105712	136.5689238251
-0.8044920380	0.6793190437	135.8336301732
-0.1906951172	1.0345612824	135.1286079807
-0.9307289404	0.5218608158	134.6933055892
-1.0186588269	-0.3538509207	135.1680658336
-0.9482035329	-0.4334055068	136.1624033615
-1.0082597300	0.3043382202	136.8348075899
-0.7382921280	0.8121259336	137.6528962967
-0.5670755832	0.9822564528	138.6233294480
-0.7885775605	0.6946965577	139.5551267333
0.0746547924	1.0544903570	139.9092147547
0.4004577820	0.9376827423	140.8474089740
0.7426666978	1.7615103932	141.2992950875
-0.2516621251	1.6561578405	141.2847681652
-0.6887820708	0.8232922936	140.9452668635
-1.0309270331	0.1151800161	141.5629349193
-0.9981659022	-0.4715588595	142.3720481377
-1.2933045964	-0.9552857945	143.1960028717
-1.0001033184	-0.1243280581	143.6688054212
-0.4908607746	-0.9449065699	143.9282720618
-0.5565482833	-0.9522472666	144.9260853035
-0.9979572828	-0.3554709725	145.5961719770
-1.0375575749	0.0708968812	144.6924893611
-0.6560377107	0.8351945849	144.1725935894
-0.3699149220	1.0359822343	143.2356741320
-1.0435516514	0.4864908817	142.7414345038
-0.3875577498	0.9446860198	142.1416601992
0.1873105191	1.7101316357	142.4308305341
0.6408003181	0.9300364438	142.8618740280
0.6314111466	0.8535422464	141.8648482103
1.0432593686	0.0404311235	142.2762255845
1.0557132463	-0.0880495822	141.2845917765
1.4335851641	0.7997854139	141.0219859245
1.0380795334	0.3241678441	140.2362612759
0.9369154779	-0.5892062211	139.8419090843
0.1097197934	-1.0587440188	140.1505861906
0.2076490660	-1.0586283883	139.1553928204
0.8741480444	-0.6053449918	138.5635201362
0.2455766334	-1.0221431653	137.9068792421
-0.5155161912	-0.9321143675	137.2645144486
-1.0721190618	-0.2629232613	137.7568319353
-1.0838226812	0.0753922094	138.6977919066
-0.6894706599	-0.8386442600	138.6027981384
-0.7542683673	-0.6998240046	139.5909935613
-1.0935555941	-0.0355182989	140.2570131609
-0.7299189749	-0.8058144919	140.7808568248
-0.3723646159	-1.0169171684	141.6905768589
0.5062936240	-0.9713550954	141.2153045212
0.5583363605	-0.9135793563	142.2122766961
-0.2106453495	-1.0487603068	142.8370912607
0.5454158247	-0.8865633217	143.4711761438
0.8105727364	-0.6640760699	144.4093612188
1.6750805212	-0.1924307376	144.2356460192
1.0598561585	0.1749379437	143.5381223740
0.4927776624	0.9122321152	143.9052998297
0.1499930061	1.0621426898	144.8326754273
0.9463525741	0.4629594800	144.7502683917
1.0603379510	-0.2665096241	145.4247179154
0.3771343591	-0.9965976197	145.4104220855
0.6760587728	-0.8028308197	146.3448195503
-0.2941029622	-1.0301498912	146.2604854065
0.0168178637	-1.0461556290	147.2107864411
0.8227347977	-0.6286981265	147.6305805920
0.9189251417	-0.5951870785	148.6253792788
0.0745719290	-1.0480046381	148.3389811121
-0.7152428344	-0.8102681758	148.9043783300
-0.8411072310	-0.6193885497	149.8778890500
-1.0175719703	0.2536780504	149.4233399246
-0.4280000482	0.9843046674	149.7677084701
0.0814147496	1.0664501571	148.9111171542
-0.3653665737	0.9862455751	148.0200763728
-0.9906037696	0.2886789752	148.3700467822
-0.8686123071	-0.5536511630	147.8450724768
-0.9658235562	-0.4405101833	146.8562605170
-0.9737519579	0.4427741112	147.3250312452
-0.8587138696	0.5814612030	146.3413991347
-0.7567079505	0.7793662298	145.3664999641
0.0258789516	1.0625075197	145.9209264701
0.8816171120	0.5818234195	146.1123814167
0.9775203499	0.3748206242	147.0860098939
0.2207515251	1.0194192102	146.9774115118
0.6502953012	1.2284688906	147.8559275193
0.9919951805	0.3428150845	148.1703452798
0.9559732502	0.4036019623	149.1678458442
0.9578691335	-0.4308118963	149.7189809622
0.2314365061	-1.0757823036	149.4816861842
