0.7757123260	0.7473611772	-84.0596624455
0.6832809661	0.8558127396	-85.0494577285
0.1857745730	1.0518047269	-85.8944870355
-0.0518603973	1.0322031007	-86.8656437670
0.1282477292	1.0516656819	-87.8490980216
0.9102147578	0.5074311167	-87.5452291284
1.0025045234	-0.3248901459	-86.9986727133
0.9310556619	0.5030599966	-86.4424410873
1.0804496267	0.0267626860	-85.5759410497
0.7285031994	-0.7970162006	-86.0203755875
0.7785045225	-0.7775898088	-85.0218153825
0.3077569376	-1.0023448805	-84.1686554508
1.0232931518	-0.3166896541	-84.0349212496
1.0356683471	0.1471971517	-83.1491132084
0.6885408419	-0.7905795754	-83.1579055474
0.0741769466	-1.0680626924	-82.4192851279
-0.3974727013	-1.0097183029	-83.2991388327
-1.0340659137	-0.2438371301	-83.3895551538
-0.8397569943	0.6221076513	-82.9287041156
-0.1284517117	1.0259984517	-83.5039579868
-0.8761356219	0.5929610248	-84.0073935410
-0.2648440448	1.0940621207	-84.6199458239
-0.8181842780	0.6547128979	-85.3276087710
-1.0190674767	-0.2928134143	-85.5762849222
-0.9773869468	-0.4006813219	-84.5829938028
-0.3590153810	-1.0327707676	-85.0499836735
-0.3517333769	-1.0027035729	-86.0495050271
0.0511274814	-1.0356817570	-86.9641719436
-0.6104871419	-0.8708163975	-87.6956673322
-0.9412210513	-0.4306893776	-86.8608599966
-0.9411696748	0.4772377872	-86.4417320201
-0.8696530281	0.5568837510	-87.4359864592
-0.8305381312	0.6286414558	-88.4326412925
-0.9439129816	0.4826533282	-89.4154096324
-0.8966336050	-0.5135654348	-89.4882988415
-1.0381332533	-0.1487873220	-90.4085785696
-0.9861725745	0.4048416243	-91.2397193987
-1.0659284262	-0.2134949733	-92.0215754315
-0.8004460759	0.7133170329	-92.2871665211
-1.0693941936	0.3871463012	-93.1934112804
-1.1457174703	0.0322678467	-94.1252031241
-0.6517136915	-0.8189276202	-93.9479277915
-0.8220800289	-0.6486308111	-92.9773741826
-1.0322258497	-1.3212787891	-92.2678789875
-0.4146525336	-1.7614862091	-91.6160963347
-0.6829085090	-0.8584527278	-91.2805829023
0.3004898714	-1.0356136047	-91.2413190644
-0.1595791166	-1.0211090874	-90.3535543742
0.7601370773	-0.7435507234	-90.0759152611
0.1480468881	-1.0318018725	-89.3395343303
0.2102196732	-1.0928155484	-88.3433356171
0.9336742291	-0.4715197228	-88.0423289682
0.9715807416	-0.3830468443	-89.0376860127
0.8749665414	0.5897104808	-88.8269518609
1.0477482605	0.3313901041	-89.7774344017
0.6401126506	0.8372957828	-90.5376269127
0.1594359068	1.0226706720	-89.6805469757
-0.5678769830	0.8849193689	-90.3528865764
-0.1446996258	1.0621193462	-91.2414365708
0.6940620753	1.5974848145	-91.3407473150
0.5279250443	2.0345055148	-92.2247220853
0.2055287942	1.0882226810	-92.2494092582
-0.2181143479	1.0428674237	-93.1541022386
0.3067498067	1.1719101447	-93.9954497265
-0.6298752313	0.9267548427	-94.2457144188
-0.1081802785	1.0219589758	-95.0935177859
0.4714070186	0.9631117254	-95.9063003929
-0.4551699539	0.9555931552	-96.2823304250
0.1997002052	1.0839697396	-97.0270884576
0.9331872151	0.4568111809	-96.7650408499
0.9793825280	-0.4768712485	-96.4099308472
1.0727261017	0.1243360332	-95.6163082785
0.9116973976	0.5652329971	-94.7333135878
0.9813218037	0.4435565764	-93.7431887014
0.9255812848	0.4588823100	-92.7448610415
0.8971930644	1.4127715850	-93.0436742940
1.3811970621	1.2764711595	-92.1792887757
0.9298646640	0.5800653689	-91.6213299589
1.0434247077	-0.2236923393	-91.0373114121
0.9195181237	-0.4659322247	-91.9995832014
0.1561022198	-1.0334326305	-92.3080300316
0.1228455737	-1.0554438728	-93.3072344655
0.9494595788	-0.5219444401	-93.1281042282
0.8816865089	-0.5950615217	-94.1231221694
0.6805033431	-0.8103376343	-95.0787274902
-0.2166086181	-1.2408853043	-95.1778175152
0.1614377135	-1.0669580073	-96.0871195918
-0.7654298610	-0.7210791099	-95.9412282362
-0.9507950622	-0.4794466785	-94.9887296744
-1.0212270120	0.2708401738	-95.6460796419
-1.1030189444	0.0617337021	-96.6205459385
-1.0968620164	-0.1496552756	-97.5979285618
-0.7563552960	0.7612543162	-97.3649073417
-0.8500324771	0.6217499662	-98.3506878052
0.0016257207	1.0715743546	-98.0817336572
0.8686307542	0.6227994189	-97.8651618933
1.0000857564	-0.2961289433	-97.4932879260
0.3697759654	-1.0156332524	-97.2017006895
-0.6033518451	-0.8954201456	-97.0053054926
-0.4265870944	-0.9738684171	-97.9864273462
