1.0831648517	-0.1489787522	-185.5366262992
1.0325744795	0.0568586176	-186.5139039421
0.5586081703	0.9167787231	-186.3244485386
-0.0689088638	1.0690155297	-185.5608738359
0.8934579064	0.9637181886	-185.3103490477
1.0507737350	0.3395712742	-184.5450436450
0.9481289100	-0.4690174419	-183.9656920005
1.0622576524	0.2021201377	-183.2331969634
0.9339402157	-0.5625433064	-182.6016714669
0.0765140795	-1.0387154799	-182.4065292571
0.1297646789	-1.0393446835	-183.4051102392
-0.1350170109	-1.0091548711	-184.3689459264
0.3598470563	-1.0165968471	-185.2378844582
0.2156438531	-1.0475312644	-186.2269489142
-0.6227799576	-0.8157164142	-186.7202109023
-0.0705822945	-1.0227961279	-187.5277972649
0.8219688484	-0.6519040098	-187.2712987388
0.7602477414	-0.7315059782	-188.2662128213
1.0458841658	0.2265007248	-188.2914118304
1.0006488182	-0.2494102794	-189.1697411988
0.8046392160	0.7231465742	-189.2950943091
-0.1323389255	1.0721493740	-189.2786928462
-0.9305389512	0.5537722143	-188.9718348347
-0.9212615149	0.5184547610	-187.9725017538
-0.0825203676	1.0494894564	-188.0929817944
0.5931565753	0.8674894190	-187.3786032846
-0.3290194976	0.9956939800	-187.0136993505
-1.0176339212	0.2741901064	-186.9412953735
-1.0334676007	0.0077381266	-185.9775772419
-0.7094479893	-0.7893474419	-185.4680030197
-0.5292745290	-1.6986109012	-185.0927997604
-1.1284938991	-1.3545855830	-184.3699009244
-0.8521255925	-1.5541296731	-183.4297931033
-0.8824180471	-0.5710146927	-183.6102572338
-1.0069567390	-0.2748141393	-184.5572289052
-0.9019900635	0.5732669927	-185.0765942780
-0.1850494644	1.0088547559	-184.5322970449
0.5344458897	0.9234985475	-183.8430650425
-0.3443100448	1.2659250419	-183.5106013551
-0.9471383726	0.4820163783	-183.6592123046
-1.0252507354	0.2732880230	-182.6843631202
-0.9082666370	-0.7062978295	-182.5208813832
-0.8364002062	-0.6340223124	-181.5260892110
-1.0181685564	0.2666628821	-181.1314673069
-0.6212683493	0.9167817207	-181.7793991870
0.0354434859	1.0588088930	-182.5200460987
0.5587602205	0.9377046385	-181.6765572992
1.0369630629	0.0614911748	-181.7363235734
0.6564348848	-0.8385910752	-181.5240731342
0.9458371587	-0.5268714070	-180.6190443102
1.0699409958	0.1529375627	-179.8962317464
0.8308957091	0.6438596436	-180.7339983377
-0.0788264807	1.0557605676	-180.7863735811
-0.6899278872	0.7898304453	-180.0408293228
0.2289734354	1.0165559445	-179.7180044362
0.7863585536	0.6773217171	-178.9602168875
0.9937684467	-0.2082745629	-178.5446445531
0.7421925398	-0.7548758604	-177.7459352289
0.3593576663	-0.9825129440	-176.8506035485
-0.0571928428	-1.1116271514	-175.9507062239
0.8488320630	-0.7060329014	-175.8298253967
1.0609308708	-0.1696174726	-175.0129578533
0.8158007910	-0.6930280790	-174.1968986758
0.2447661424	-1.0546874289	-174.9338667516
-0.2079914002	-1.0409033380	-174.0423396312
-0.8080777161	-0.6489742218	-174.7396831487
-1.0178600105	0.3282043114	-174.7730523457
-0.5337288543	0.9203526441	-174.1288649695
-0.8118273144	0.6161915611	-173.2177407837
-1.0847022498	-0.1340847426	-173.8199240929
-0.7451730126	-0.7300967200	-173.0922637189
0.2083838563	-1.0236178462	-173.0246275877
0.9756551139	-0.4174410450	-173.2340183779
0.9010545711	0.4994717926	-172.8419653110
0.2771418641	1.0013788883	-173.4409830081
0.9434595735	0.4211502917	-173.9093370258
0.5790931513	0.8881871302	-174.7150129544
-0.2872892068	1.0440883041	-175.1894351647
0.4642575778	1.0839706476	-175.8479082692
1.0885663356	0.3159851453	-175.9908657566
1.0328596883	0.0041245064	-176.9393591468
0.5829280399	0.8971718145	-176.9340660052
0.7226247100	0.7547742823	-177.9139679305
-0.0475408488	1.0861650638	-178.4589680791
-0.4542973933	0.9350729427	-177.5580128724
-0.4566535844	1.0370837058	-176.5632323677
-0.9735669175	0.5318093821	-175.8722197312
-0.9641217702	-0.4678609528	-175.8960946257
-0.7119651361	-0.8349184423	-176.7914637291
-0.4556083317	-0.9263822213	-177.7537087946
-0.7629389902	-0.7272327692	-178.6842394829
0.1978026881	-1.0046405852	-178.6887484981
0.7083644545	-0.7969770049	-179.5231360100
-0.2498731347	-1.0548512085	-179.6467548502
-0.0762855275	-1.0647001286	-180.6315240320
-0.9430446712	-0.6017016586	-180.4461568190
-1.0385645319	-0.1812182861	-179.5438987131
-0.9347778730	0.5076431628	-178.8264739898
-1.0883345501	0.0065063181	-177.9748389684
-1.0359536838	0.1556723492	-176.9874151789
