0.6032121935	-0.8699923255	176.7586049478
-0.3920790177	-0.9556176792	176.7131769403
-0.9064212411	-0.5185588553	175.9753208150
-1.2675384290	-0.1840302712	176.8457718492
-0.9076310696	-0.5121714903	177.7191503656
-0.8704466077	-0.6431043411	178.7098440137
-1.0172680581	0.2873927985	178.3742571622
-0.9223976979	0.6593090290	177.4508515458
-0.7952292978	0.6815224990	176.4592191746
-0.7979257430	0.6721241656	175.4592669755
-0.0302789468	1.1298729608	175.9078028567
0.7358534022	0.7848506655	175.3655844141
1.0477770215	-0.0797426911	174.9716529688
1.0441632561	-0.1073810868	175.9712644233
1.6457729352	-0.5248161004	176.6523031912
1.0388920850	0.0588299167	177.1917964352
0.7591629874	0.7963218011	176.5770954083
-0.0199728759	1.0893317481	177.1312546611
0.7081298318	0.8400760714	177.7697983595
1.0574818353	0.1237030764	178.3737544088
0.8648944390	-0.7435743963	177.9146902736
-0.0672470461	-1.0677243930	178.0760564145
-0.0048791549	-1.1136648511	179.0730517607
-0.5528577254	-0.8927385088	179.8798423392
-0.4501722353	-0.9721851171	180.8713784841
-0.2006914009	-1.0257207908	181.8382772611
-0.9759539584	-0.4444327137	181.5911494836
-1.0184378523	0.3777638625	182.1587654708
-0.5539453397	0.8907646506	182.8806220335
0.4379356960	0.9798058513	182.7898273440
1.0775076244	0.2141586584	182.7210369049
0.9790137221	0.4433565114	183.6894207623
0.2075810885	1.0471502948	183.8902310186
-0.5062980405	0.9382113496	184.5819743925
-1.1220951320	0.1555868365	184.4909095066
-1.0184236769	0.1571155115	185.4855199291
-0.8560059807	-0.5987889522	186.1197351401
-0.3041409038	-1.0832564504	186.7985106405
-0.0356774932	-1.0531655802	187.7613304246
0.6870752673	-0.8951931809	188.4341403297
0.6400073279	-0.8252104179	189.4305774938
0.2675913058	-1.0560574004	190.3294745831
-0.5772030690	-0.9123611909	190.8449101889
-0.9140854012	-0.5044454342	191.6935061055
-0.6343444519	-0.8590900948	192.5856788276
-1.0824988965	-0.1564422381	193.1383483340
-0.7368808196	0.7399847861	192.8609195407
-0.8837335156	0.5900281881	191.8831939634
-0.9970494489	0.3378139919	190.9221801766
-0.7710744728	0.7545056050	190.0416670253
-0.7734451447	1.4368527916	189.3106426092
-0.9095916238	0.5017172976	188.9835558560
-1.4250285429	-0.3111900815	189.2546764479
-1.3524823286	-0.4054110114	190.2475810069
-0.6140643952	-0.8396940605	189.7316961468
-0.3280566008	-0.9950432500	188.7861454232
-0.9561121457	-0.4212576983	188.2604873850
-0.9280955899	0.4954821571	187.8619863058
-1.0289992120	-0.1807796947	187.1322683008
-0.8412834868	0.5683971031	186.4970542171
-0.0878062150	1.0602358807	186.0607439858
-0.0444019383	1.0430354089	187.0596534975
0.6276816634	0.8629734788	187.7779022940
0.1135732530	1.0479930919	188.6154345532
0.1782720897	1.0331673025	189.6132292497
0.9287091217	0.5021876215	189.2196497286
1.0859548277	0.0695599022	188.3318957962
0.9417354193	-0.4425194523	187.4851517399
0.9649259194	0.3733686602	186.9074071695
0.8535262051	0.6057719339	185.9411883423
0.4475988067	0.9843570082	185.1093853075
1.0174709393	0.1861229444	184.9142747445
1.0950438495	-0.4404921218	185.6897333201
0.6884490059	-0.8454477258	186.5086909453
0.0993037494	-1.0687624687	185.7321354790
0.5654937850	-0.9244036460	184.8593082447
0.1146817255	-1.1043794545	183.9850215667
-0.6067778991	-0.8294874167	184.6205767396
-0.9030503681	-0.5319898652	183.7129877186
-0.8974912790	-0.5472725482	182.7131199593
-0.0416488185	-1.0140430908	182.9359628267
0.8227987079	-0.6542422680	183.2870665747
0.7871286892	-0.7843823103	182.2962127918
1.1303133094	-0.2500489504	181.5237413186
0.5873384317	-0.9490406194	181.0583501616
0.5596454965	-0.8746356000	180.0615066461
0.8902780574	-0.5780270667	179.1655683181
1.0497075988	0.1888508130	179.7872439079
0.9439024856	0.5023182309	180.7309300082
0.7883834292	0.7523206267	181.6866039198
-0.1543835493	1.0558945557	181.8245651241
0.0626669633	1.0509624286	180.8484172105
0.3331153656	1.0234886731	179.8860748315
0.4652132886	0.9573124365	178.8970496324
-0.2639467595	1.0530607020	178.2194377274
-0.5803784335	0.8653687289	179.1492993940
-1.0481470463	0.0533226473	179.4982602604
-1.0874579775	-0.1462579154	180.4773528248
-0.9114393173	0.5909712440	181.1296645586
-0.7017229398	0.8121695904	180.1772516583
