0.5162734931	0.9897631101	-48.4113868812
-0.2949792280	0.9991709903	-47.8267669070
0.0638096040	1.0659797964	-46.8957421181
0.7970379128	0.6729106246	-47.4506050502
0.9704403065	0.4341902800	-46.4951239112
0.4568661009	0.9594131637	-45.8166090199
1.0902288403	0.3241232133	-45.3747285844
0.8762468291	-0.5856847734	-45.7303423161
0.7228007704	-0.7513713834	-46.7045097834
-0.0275472611	-1.0550396102	-46.1173441853
-0.6472091297	-0.7988356423	-45.3754690641
-1.0402059623	-0.0968575482	-45.9694221305
-0.6884447334	0.8188417806	-46.1637383085
-0.4692314418	0.9452834669	-45.1962890681
-1.0371242854	0.1711332861	-44.9166657220
-0.9996753595	-0.3677742951	-44.0751336686
-1.0282575650	0.2150668383	-43.2630503780
-0.8515931590	0.7897336178	-42.4639585309
-0.1657172922	1.0385587897	-43.1478154817
-0.3534309014	0.9704692242	-44.1276763963
0.4907836775	0.9465130948	-44.6631461421
0.8285127342	0.6676816164	-43.7641510971
1.0798549276	-0.0546930928	-44.4083574937
0.5709315771	-0.8691169016	-44.6871242116
-0.1319360336	-1.0653748958	-44.0034138039
0.7571077579	-0.7603507299	-43.6620029151
0.3541939847	-0.9959011066	-42.7775954800
1.0090212111	-0.2401608273	-42.7852069052
0.7892729257	0.7282163702	-42.6670701439
0.1306778037	1.0391238722	-41.9818045089
-0.5456465376	0.9124814189	-41.2561688742
-0.0596335039	1.0660888785	-40.3958223862
-0.1524125654	1.0201851453	-39.4011943688
0.6427875473	0.8260772905	-38.8267564509
0.8530289444	0.6466815263	-39.7878057289
0.8566566012	0.6903436020	-40.7868454995
1.0264254405	0.2576760981	-41.6722704666
0.8125021606	-0.6980829900	-41.8741649832
0.5889275918	-0.9907554018	-40.9444568185
1.0196658364	-0.3513574805	-40.3075621154
1.3817533229	-0.9636768222	-39.6047408892
0.3909946197	-0.9874475681	-39.7382779385
0.5183598609	-0.8984436240	-38.7504234992
1.0785190105	-0.1191342512	-39.0313124959
1.0514397659	-0.1327172601	-38.0317714931
0.7207105118	0.7579456166	-37.7197814284
1.0401594583	0.1426015633	-36.9991538778
0.9298417258	-0.4701577067	-36.2166220414
0.9566225736	0.4950033536	-35.9563396681
0.7706888223	0.7318636888	-35.0027538976
0.8109578280	0.6701001133	-34.0054757679
1.0030780308	-0.2965495151	-34.1748225234
0.9988234246	-0.3399626894	-35.1738706677
0.2939208670	-1.0059050946	-35.4180695561
-0.0207998330	-1.0429483257	-34.4696083392
0.3528094396	-0.9831647094	-33.5439507186
0.7785555258	-0.7308975354	-32.6749849292
-0.1449112012	-1.0571364029	-32.4730507680
0.4134308589	-0.9802338646	-31.6470119411
-0.2389434240	-0.9932816734	-30.8892273083
-1.0085552314	-0.3602698041	-30.8055993281
-0.8014446755	-0.6530905200	-31.7390666527
-0.9898217727	-0.3759861369	-32.6812594303
-1.0700664859	-0.0212808047	-33.6127876978
-1.0626366345	0.1534912493	-34.5973685866
-1.0008841560	0.2188318585	-35.5933190051
-0.7668930370	-0.7339122307	-35.3996005065
-0.8064320242	-0.6890178766	-36.3978094853
0.0954657219	-1.0954883598	-36.5439676253
0.5428001623	-0.9028853135	-37.4173495377
-0.4120299905	-0.9917779557	-37.7008940269
-0.7543951941	-0.7175459233	-38.5995501679
-0.6388358434	-0.8847539795	-39.5786760548
-0.3569831453	-1.0137908278	-40.5294171070
-1.0067628715	-0.6977841697	-41.2207391010
-0.2042800418	-1.0305892529	-41.7159785225
-0.6945894348	-0.7988472933	-42.5561525302
-1.1038779867	-0.0685344422	-42.0092283848
-1.4318883788	0.2970622663	-41.1381668317
-1.1523617158	0.8366644624	-40.3440041817
-1.0738073880	-0.1522009250	-40.2176140593
-1.0168116481	0.2257094753	-39.2935279081
-0.9753044580	0.4033538759	-38.3103088988
-0.2172590981	1.0546457101	-38.2758679502
-0.4498568225	0.9479927878	-37.3091604180
0.3130013024	1.0073127783	-36.6653214475
-0.1156869153	1.0456103618	-35.7626810390
-0.3554497348	0.9828281336	-34.7938816881
-0.3773315368	0.9660370897	-33.7942621367
-0.7487233225	0.7440277306	-32.8927190230
-0.9553450690	0.4581988168	-31.9569790559
-0.1521648057	1.0511051488	-32.0149751432
-0.4792679247	0.9294847185	-31.0778454721
0.5172950183	0.9269768838	-31.1606465075
0.3718320226	1.0066460172	-30.1744957350
1.0228608488	0.2822121707	-30.4011167173
1.0401539615	-0.0808301097	-31.3327288957
0.8992506523	0.5552250658	-32.0913988313
1.0553447020	0.2672306659	-33.0362236158
0.3648222712	0.9903425466	-33.0192536293
