-0.3919407787	0.9769536686	-167.7865392939
-0.0738739088	1.0403123481	-168.7324881001
-0.9715932331	0.6128427540	-168.6258590184
-0.9872507122	-0.3118295937	-168.2454173110
-0.9155312779	-0.6094879335	-167.2934426078
-0.1840168309	-1.0899515024	-167.7772208347
0.1873116190	-1.0223050637	-168.7032549278
-0.6228395442	-0.9297322335	-169.2821205114
-1.0812418760	-0.0574065631	-169.4521652906
-0.9531978618	-0.4696347168	-170.3542033606
-1.0349001606	-0.0423832383	-171.2546370942
-0.8292079348	0.7311928699	-170.6552451414
-0.6459095655	0.8542979599	-169.6799262988
0.2933191101	1.0513532521	-169.9610289611
0.9295364828	0.5167840860	-169.4047347392
1.0391959087	-0.2831088268	-168.8146956402
0.7079738109	-0.7398819732	-169.6403167487
1.0434147317	-0.1193195945	-170.3491056614
1.0587018638	0.1608345535	-171.3089389579
1.0667388724	0.0236108092	-172.2994464290
1.0613549864	0.2457667815	-173.2744427048
0.7642736552	-0.7005867893	-173.4015552603
0.1085412220	-1.0542100683	-172.7344978770
0.6151371878	-0.9069463204	-171.8849839477
0.5420897686	-0.9087069862	-170.8876570331
-0.2010691513	-1.1400860933	-170.2598206464
-0.4743509713	-0.9717910695	-171.2069182294
-0.7669063708	-0.7934996551	-172.1463986761
-0.9040775628	-0.5160344473	-173.0972914790
-0.9856594962	0.4626416688	-173.2858052659
-1.0470161569	0.2292329016	-172.3153642798
-0.5622423977	0.8942794863	-171.7472908316
0.1186380790	1.0392135123	-171.0293800401
0.5478796791	0.8664831265	-171.9158989980
0.8139988565	1.1918886853	-172.8232532870
-0.1716976878	1.0273474360	-172.7868046950
-0.2006796218	1.0636988601	-173.7857234211
-0.8629608274	0.5577219064	-174.3383271914
-0.9404603456	-0.4295728768	-174.1996086425
-0.1807089341	-1.0328130821	-173.9569585913
0.3558088282	-1.0025346183	-174.8003042532
0.1752656294	-1.0423386047	-175.7830655650
-0.6905132625	-0.7659612547	-176.2002495420
-0.7448142337	-0.7582363563	-175.2017548097
-1.0652710697	0.1553913040	-175.4519385714
-0.4851483193	0.9523341409	-175.2835945514
0.3417480337	1.1094961822	-174.7436477816
0.9943653733	0.4379401449	-174.3927872726
1.0422295888	0.0580288611	-175.3165710315
0.6482967297	0.8491565240	-175.7844747861
-0.1859861569	1.0108617857	-176.3115644116
-0.9749744738	0.4253017208	-176.4976204417
-1.0088565263	-0.3741604742	-177.0973805648
-0.9349841394	-0.4315778753	-178.0929940001
-0.9555896696	0.5112478877	-177.7603455478
-0.1634720180	1.0536804842	-177.4804946869
0.5330576791	0.8992692315	-178.1812111389
1.0214375989	0.2057938183	-177.6515160330
0.7178144605	0.7887491595	-176.8978741685
1.0792740420	0.0037306329	-176.3947907920
0.6271985955	-0.8251529111	-176.7243053762
0.7109080540	-0.8066326559	-177.7206234613
-0.2130583943	-1.0440758876	-177.4207789781
-0.1501574298	-1.0520518768	-178.4187668799
-0.6532647426	-0.8646391870	-179.2624252916
0.3271317613	-1.0288784698	-179.3712745137
0.9901552525	-0.3665878874	-179.7202315807
1.0298595724	0.2739609006	-178.9533412253
0.3826041836	0.9923341162	-179.2082929553
-0.4999051923	0.9000140206	-178.7471485078
-1.0786690172	0.1192585190	-178.9826337124
-1.0584751755	0.1214351063	-179.9824274267
-0.4528307814	0.9160099709	-180.0253884855
0.2939928458	1.0394914937	-180.6788460459
0.9121053318	0.6505628818	-179.9957124650
1.0711578250	0.3637539987	-180.9404044619
0.9313741954	-0.5277286225	-181.3713560521
0.7223077007	-0.8219916291	-182.3039333860
1.0377038409	0.1267309160	-182.2827011672
0.6460965606	0.8985307383	-181.7817333315
1.2615828847	1.1931414342	-182.5127470951
0.6188379352	0.8754220053	-183.2098362533
-0.0828825998	1.0948914784	-182.5320299085
-0.4054605493	0.9879529522	-181.5915472568
-1.0103416299	0.6475188010	-180.8716698596
-1.0144436999	-0.3293447439	-181.0854940577
-0.5713390874	-0.8594911143	-180.3625811112
0.4046694710	-0.9814497500	-180.5429512453
-0.0500104611	-1.0305242680	-181.4322531350
-0.2553633696	-1.1536296731	-182.4031677771
-0.9814908122	-0.5090668341	-182.1638402113
-0.9531287594	0.4638380826	-182.3932996127
-1.0795154591	-0.0105961540	-183.2644704096
-0.5947797689	0.8480520742	-183.4310673209
0.0397264307	1.0888856709	-184.1655066045
-0.8103683016	0.6583761600	-184.4688224581
-1.0023423086	-0.3062787873	-184.2883042780
-0.6386295844	-0.9422287564	-183.6076570192
0.3156619925	-0.9640288508	-183.3095759192
0.2864507600	-1.0211310802	-184.3075168189
