-0.9338543191	0.2841425186	199.0042831032
-1.0351189852	0.1475023246	198.0188517637
-0.4408490551	0.9476217352	197.9372908723
0.2950063142	1.0223078752	197.2642835500
1.0178944630	0.3434522992	197.1354897954
1.0752974873	-0.1244389008	196.2535698910
0.8041289187	-0.7086878614	197.0185017568
0.3390450239	-0.9802322101	197.8610933765
0.6956560692	-0.7662235434	198.7705046437
1.0659972988	-0.0583179635	198.1690754594
0.9997359824	0.3357752675	199.0857542272
0.4730703712	0.9753134940	198.5257415570
0.1735310575	1.0758939277	199.4745090606
0.8338597909	0.6933562146	200.1207527157
0.6977121638	0.8148532042	201.1039629196
0.9848873227	0.4271782951	201.9798844874
1.6533687801	-0.1790763063	201.5490853470
1.1008719026	-0.1863076893	200.7156017494
0.8642670073	-0.5915728330	199.8325511921
0.0171829935	-1.0446875061	199.5548179266
-0.6465837072	-0.8200999224	198.8413936599
-0.9534033248	-0.5503366498	199.7541310258
-0.6436053465	-0.8368085449	200.6607506075
0.3402987024	-1.0042077439	200.7232832456
0.6700011131	-0.7828652266	201.6410543557
-0.2996950686	-1.0181377775	201.7069037445
-0.5812540556	-0.9067617099	202.6599619318
-0.2780836450	-1.0619922530	203.6001699836
0.1294897095	-1.0728089278	204.5132783891
0.1310971339	-1.0320519541	205.5124461855
0.3929525281	-0.9947797312	206.4768333141
0.8406851447	-0.6511686814	207.3023434295
0.0447334384	-1.1285891880	207.6745403413
-0.7370851192	-0.7166714075	207.2064767930
-0.6828163041	-0.7962942973	206.2111300740
-1.0289127268	0.0936456246	206.5081556648
-0.6771110582	0.8196217936	207.0990822153
-0.8812109000	0.5725672553	208.0463452778
-0.8359218078	0.6579296429	209.0416654077
-1.1591288476	0.0447104883	209.7624285296
-0.6974640906	-0.8017438803	210.0277220541
-0.8020343428	-0.7066269125	209.0377635576
0.0728516059	-1.1091046576	208.7683452183
0.5168817844	-0.9069109725	209.6412455071
1.0369900206	-0.4259155669	210.3470293568
0.4317645145	-0.9521184423	210.9443673020
-0.5115832344	-0.9209157709	211.2747026134
-0.7444135461	-0.7308593890	212.2284681074
-1.2465814510	-0.0787038097	211.6605592276
-0.9426215441	0.5164387907	210.9166414497
-0.7295602687	0.9616323453	210.0469244890
0.2167850142	1.1400442775	210.3163679671
-0.0594522838	1.0330139400	211.2714791973
-0.6873504097	0.8208655084	212.0203029325
-1.0274170782	0.1694577434	212.6985525804
-0.5529464135	0.8674868676	213.2348667888
-0.9189038060	0.5580758750	214.1125569532
-1.0207712547	-0.4096589364	214.3430181379
-0.2678175357	-1.0515858606	214.1981370793
-0.6961597255	-0.7716130116	213.3389873994
0.2287895188	-1.0520224158	213.0823953854
0.2353451779	-1.0640960299	212.0824897643
0.9852618051	-0.4707849457	211.7899030086
0.9794423767	-0.3273715377	212.7795487678
0.8993585046	0.5422976953	213.2666442394
0.3390554301	0.9688264918	212.5566205423
0.8454661210	0.6071109111	211.7738625651
0.9193647140	0.5205787601	210.7803580685
0.9235823014	0.5152852288	209.7803809735
0.9535847859	0.4117156070	208.7862113781
0.1942907250	1.0445085836	208.9380190779
0.2111163622	1.0322205713	207.9382361501
0.3742643930	0.9787770848	206.9530831093
-0.2617836214	1.0383579957	206.1837372584
0.6327882814	0.8502813490	205.7783136704
-0.0077578600	1.0970083844	205.0511091525
-0.8501822996	0.6856446872	205.3991048021
-1.0538045417	-0.2883663029	205.2999051364
-0.8985091683	-0.6062650258	204.3645850046
-0.9523770822	0.3848267069	204.2427842437
-1.0511156763	-0.1734352030	203.4190158720
-1.0368717137	0.0496103977	202.4443119326
-1.0516296881	-0.2718169343	201.4974926930
-1.0595098734	0.1874581002	200.6092335274
-0.7390829148	0.8131503320	199.8980121868
-0.2869608957	1.0567879655	200.7560485400
-0.8211730002	0.7254575323	201.5337615792
-0.0443489756	1.0273828840	202.0863785503
0.5469265886	0.8907261902	202.8811855428
-0.4015338713	0.9795458465	203.1853792715
0.2181383261	1.0441105486	203.9675798641
0.8555788534	0.6598889765	204.6354446392
1.0158425410	0.2935120944	203.7188839316
1.0807270505	-0.1485814417	202.8242648474
0.5091081002	-0.9687569899	202.8005194093
0.7639022766	-0.6983243595	203.7289299435
1.0024597888	-0.4349980411	204.6636756648
1.0164447078	-0.3392473081	205.6589827627
1.0415620748	0.1328612460	206.5401652813
0.9980260093	0.3376478888	207.5180032238
