0.1669714444	1.0981443013	225.6398394458
0.2927942828	1.0517226684	226.6308054620
0.9565202974	0.6085304604	227.2333404770
1.0078592085	0.2734590056	228.1741334597
0.3257029692	0.9967038409	228.0665241049
0.3990740537	0.9675689579	229.0634031560
0.7579990328	0.7289986152	229.9657650850
1.0842067868	0.0797082118	229.2787349013
0.7043175209	-0.7991619586	228.9901671117
0.5600107607	-0.9401428916	228.0107285299
0.9886087291	-0.4458564339	227.2544318426
0.8799672208	-0.5813453154	226.2696274023
0.9754644513	0.3994540800	226.0995896859
1.0550856733	-0.1228341310	225.2505458203
0.7382143237	0.7084188536	224.7938062627
1.0397677318	0.2228510139	223.9732641156
0.7581267191	-0.7348166041	223.9136732324
-0.1630416558	-1.0906208677	223.7560275822
0.3304205423	-0.9983683711	222.8911665899
1.0364324570	-0.2922489114	222.9454112656
0.9833304996	0.3648940324	222.1935180993
0.7654277474	0.7721952830	223.0804364055
-0.0606781652	1.0507188815	223.5703074356
-0.8574250812	0.5916242820	223.1773360618
-1.0297646954	0.2152320402	222.2670460324
-1.0464436941	0.0057364975	221.2893786919
-0.6349747135	-0.8568287129	220.9949732984
-0.1537075793	-1.0334422364	221.8535707646
-0.7139710593	-0.7581816683	222.6348110942
-0.9729577471	-0.4425937308	223.5476802794
-1.0424842079	0.2357826602	224.2790977685
-0.5615289718	0.9010166460	224.8501895344
-1.0507052934	0.2118552063	225.3847576185
-1.0630290579	-0.7428053281	225.6821990227
-0.6567579677	-0.8149937544	224.7713024137
0.3089758588	-1.0218448142	224.9280532204
-0.0740919497	-1.0668612057	225.8506758835
0.0171618890	-1.0490510964	226.8463442706
-0.4628412481	-0.9375338802	227.7164941995
-0.4509144389	-0.9511880957	228.7163298428
-1.0607603502	-0.1670391503	228.6014455709
-1.0538190185	-0.0400829354	227.6095615367
-1.5435145435	-0.9030978564	227.7336725314
-1.1133128413	-1.0513840876	226.8432020439
-1.0461393835	-0.1018074007	226.5369475056
-0.7150757085	0.7846745140	226.2136107493
-0.5609814327	0.9018421251	227.1946952029
-0.7504780387	0.8144207434	228.1726770730
-0.7358034383	0.7345297721	229.1693726578
-0.2809948865	1.0280891987	230.0101889542
-0.9921452370	0.3372172723	230.1404239736
-0.8816689362	-0.5194002201	229.6364383998
-0.0328997768	-1.0367854958	229.7455410604
0.8282695819	-0.6612950133	230.0881694787
0.2346217962	-1.0272396257	230.8048750299
-0.4381649129	-0.9597350125	231.5416254431
-0.8814519457	-0.5788828798	230.7301771948
-1.0758117868	0.1103481848	231.4281634352
-0.9956647420	-0.3502056848	232.3121694219
-1.0509047237	0.0984465469	233.2041670225
-0.7138869029	0.7765245567	233.8573356080
-1.0642391685	-0.0336469205	234.3273095088
-0.6627985298	-0.8108895960	233.8428105542
0.2338025452	-1.0281727501	234.2286791113
-0.5044949985	-0.9141325582	234.8934434091
-1.0500536648	-0.2305361130	235.3782749692
-0.6292055509	-0.8441845795	236.0463486362
-0.5587941262	-0.8653755474	237.0436415591
-0.5411809215	-0.9192574851	238.0420335222
-0.8391931469	-0.6773949345	238.9654463335
-1.0496177236	0.0575485819	238.3207917553
-0.6654100354	0.8563107384	237.8577977278
-0.3331283511	0.9866733099	236.9236700694
-0.8645563278	0.6041112304	236.1678721063
-0.6640429833	0.8035339378	235.2086927787
0.0340969353	1.1077253094	235.8568195127
0.7389108362	0.7612508899	236.4758452326
0.7709638408	0.6946704925	237.4731113232
1.0350934743	0.1286155030	238.2540193111
0.4637249879	0.9259250037	238.4485330969
0.9525644230	0.5378981383	239.2298596345
0.1820883431	1.0398477095	239.6228141335
-0.5876954198	0.8544136620	239.0120382562
-1.0604334929	0.1784258398	239.5773339120
-0.8335026853	-0.6495739171	240.0900900053
-0.0591001784	-1.0404522758	239.5925813462
0.4185753917	-0.9500943549	240.4664586236
0.9965751657	-0.4128747611	241.0807153853
1.0493341934	-0.1407382916	240.1199041515
0.9231842571	-0.5212584757	239.2037761129
0.3790429287	-1.0231257010	238.5314372825
0.4920724606	-0.9368923266	237.5415948051
1.0256443596	-0.2567881257	237.0388430727
1.0590575295	-0.1633062813	236.0437829213
0.9125166176	0.5709577856	235.3809239309
0.2676169502	1.0390845109	234.7768032574
0.9337444459	0.4805934894	234.2824734704
0.9877894842	-0.3645518989	234.8142708063
0.4751476463	-0.9662147968	235.4268066039
0.4105872051	-0.9509979026	236.4246043767
