0.7437247700	-0.7162723444	256.8624826972
0.0364968815	-1.0959524225	257.4588649169
-0.5401875444	-0.8987590202	258.2516762659
-1.2025867285	-0.9624991928	258.9981107984
-0.2722056173	-1.0103991978	259.3615617270
-0.7443720149	-0.8111762095	260.2202637090
-1.0461485546	-0.0507270053	260.7952836461
-0.9673293631	0.5048528139	261.6230025594
-0.5462508330	0.9246191474	260.8189571025
0.4512813756	0.9868905153	260.7865261072
0.7662684779	0.7170563359	259.8765960874
0.2416465717	1.0121928815	259.0780559976
-0.0123588269	1.4683899135	259.9309132692
-0.6956084230	0.7958777526	259.6464886166
-1.1258538500	-0.1054217669	259.5960104164
-1.0322795606	0.1457240733	258.6325948159
-1.0563938950	0.1421950015	257.6328918377
-0.8361501214	1.0823892125	257.3730312484
-0.3439899465	0.9891740034	258.2385306921
0.2230514380	1.0641665100	257.4182623262
-0.0871981286	1.0495195264	256.4677200219
-0.7790240915	0.7238166348	255.8232865782
-1.0343137096	0.0936362413	256.5565667992
-1.5640662618	-0.7374739803	256.3873981470
-0.9839586036	-0.8074446794	257.1989270782
-0.5070182414	-0.8988582619	256.3247580741
-0.9014469004	-0.5391760455	255.4791489823
-0.2938083988	-1.0548615338	254.8751258631
-0.9533933466	-0.5105450938	254.3567945889
-0.5969485528	-0.8534327967	253.4876713915
-1.0335804599	-0.1587297781	252.9160593782
-0.8315029638	-0.6461463346	252.0665949669
-1.0401747100	0.1565560604	251.5079135127
-0.5741815785	0.8902753168	252.0023894515
-0.4401385730	0.9677585749	252.9903311590
-0.2684208419	1.0446941463	253.9724685927
-1.0353798687	0.4295493117	253.7897921477
-0.9501512447	0.4794850607	254.7849014395
-0.1479989683	1.0266194068	255.0240577331
0.7114959170	0.8164441234	255.4899921624
0.7561329598	0.7544588303	254.4929137513
1.0624626729	-0.1167508963	254.8765225612
1.0625460053	-0.1729564306	253.8781033451
1.0471121044	0.1524114339	252.9326417925
0.5772455047	0.9419451836	253.3274352025
0.4467130894	0.9817283206	252.3367896602
0.3918210087	0.9763183305	251.3383120232
1.0132998868	0.3030263650	251.7388640590
1.0390025903	0.1611547733	250.7493127351
0.8081167364	-0.6988726490	251.2043342239
-0.1274674920	-1.0365054421	251.1009599111
0.2024982197	-1.0432123347	252.0449290031
1.0897978549	-0.6192768671	252.2265276723
0.5802704683	-0.8793565682	253.0467352017
0.3243655014	-0.9994329793	254.0059506642
0.7637529141	-1.1328315121	254.8942881749
0.4532840299	-0.9473143467	255.8265930893
1.4463860090	-0.9368534133	255.7098068403
1.0615207950	-0.0576509532	255.9906658817
0.8730902855	0.5816090186	256.7362130845
1.0546670267	0.0778125067	257.5807360040
0.8074450303	0.8023115156	258.2241506997
1.0569983036	-0.0292153663	258.7204230123
0.5604986053	-0.8841550830	258.5702027392
0.8002899653	-0.6759287046	259.5184336599
1.0581215256	-0.1935960537	260.3556182874
0.7924842837	-0.7641618011	261.1327229030
0.2531202755	-1.0618548444	260.3450266934
-0.2621628601	-1.0333867323	261.2015737480
-0.9099435460	-0.5571943408	261.7962341462
-0.6763311963	-0.8177912713	262.7329915907
0.1360060314	-1.0457194301	262.1961890359
1.0679193858	-1.3916454988	262.0872273232
1.4896935451	-0.8782447866	262.8345734727
0.5439367701	-0.9587723348	263.1493105638
1.0438883056	-0.2908046280	263.7005524388
1.0297239881	0.2889092943	262.8858554765
0.9885886365	-0.3274292476	262.0994492935
1.0184727044	0.3468631658	261.3615897651
0.5086025664	0.9236151398	261.9998605563
-0.3692079100	1.0070244473	262.4715507670
-0.6046077734	0.8476619684	263.4302950002
0.3851347882	0.9806971049	263.3782247181
0.8311449279	0.6821955216	264.2220089085
1.0513440930	-0.1338595807	264.7563930379
1.0444774578	0.1691927010	265.7093422306
0.5906447917	0.8616043043	266.2702362338
0.3898704715	0.9769600867	265.2974141968
-0.1476748755	1.0614425701	264.4584221170
-0.9764592501	0.5019800012	264.4692892450
-0.9480113903	0.4684603199	265.4683223527
-0.9337261189	-0.5079536097	265.6837562614
-0.1945537514	-1.0446052557	266.0907319634
0.6305781330	-0.8303512595	265.5679962764
-0.1916525252	-1.0216073539	265.0319385826
0.4977487205	-0.9658632337	264.3097069609
-0.3568236850	-0.9879127098	263.7908429862
-0.9336024953	-0.5495321702	264.4801532983
-1.0788426703	-0.1464440381	263.5765907662
-1.0647823682	0.1991880297	262.6383259947
