1.0595446794	0.4387238808	-156.6170689510
1.0359982108	0.2278120575	-155.6398474988
0.5192644205	0.9840365701	-155.2384615543
-0.3107330029	1.0225650476	-154.6820266222
-1.0275781325	0.3499315830	-154.8655948179
-0.7437238103	0.6970535078	-155.7594253908
-0.4763871727	0.9345944581	-156.6932912372
-1.0033624710	0.1300369918	-156.9671238840
-0.8206183648	-0.8019777385	-157.2800985381
-0.4720309246	-0.9686330643	-156.3577576038
-1.0303310252	-0.3076674330	-155.8563341979
-0.8601478439	-0.6898786443	-154.9480653640
-1.6038034287	-0.4427778857	-154.3268427096
-0.7706123368	-0.7127568509	-153.8442414635
-1.0303042904	0.2494986436	-153.7628507232
-1.0375845826	-0.2232294756	-152.8816724650
-0.5485887904	-0.9619806818	-152.4178516261
0.1677862199	-1.0327160914	-153.1119721822
0.9285978753	-0.5114659534	-152.7253665452
0.4532635944	-1.1239833836	-152.0937972940
0.9911047064	-0.4428034354	-151.5970873018
0.8877475515	-0.5493026105	-150.6081610031
0.2639200536	-1.0198760572	-149.9841418655
-0.1620700109	-1.0599279510	-150.8879827313
-0.9707319145	-0.5043585264	-151.0813956057
-0.9694599026	-0.3871710539	-150.0882866096
-0.9797911708	0.4309678981	-150.6632143617
-0.8710255381	0.5947052068	-151.6437041021
0.0152500812	1.0467762628	-151.5429703590
0.0385262767	1.0564127957	-150.5432877314
0.1128122570	1.0747405690	-149.5462191852
-0.4672723143	0.9806410282	-148.7371164930
-0.8594117345	0.6369089619	-149.5903895687
-1.0512824833	-0.1621533986	-149.0205782316
-0.4526338876	-0.9488438520	-149.1713694428
0.5178308553	-0.9094025245	-148.9333724586
1.0638666905	-0.3365064038	-149.5446292799
0.9480420133	0.5040044553	-150.0738987196
0.9141708617	0.5429297530	-151.0725666155
0.9081503387	0.5296439431	-152.0724602301
0.9019721277	0.5418223135	-153.0723669843
0.1712914271	1.0670563135	-152.6362076567
-0.7831118977	0.7788157714	-152.7138715709
-0.4233248756	1.0644371966	-153.6021134863
0.4892382240	0.9157435322	-153.9830580799
1.0345738781	0.2200691862	-154.4506543039
0.8594019727	-0.5824314080	-153.8802968722
0.1447384653	-1.0365781762	-154.4122806915
-0.0521581780	-1.1291149471	-155.3883281585
0.8096405487	-0.6676846636	-155.1776505659
0.7034027155	-0.7826092122	-156.1653275733
1.0158728084	-0.4813400200	-157.0662156434
0.2060865105	-1.0447560924	-157.2299486004
-0.2101923387	-1.0418629820	-158.1391809962
0.7572937372	-0.7954308983	-158.0822431252
1.0014103611	-0.4232705223	-158.9777339004
0.9467416562	0.4874954073	-159.3870220070
0.9882508628	-0.2495208258	-160.0616211903
0.5230802897	-0.9264288960	-160.6320699630
0.4114331378	-1.0468752371	-159.6456483532
-0.5493769871	-0.8962554997	-159.4129305011
-1.0823581800	-0.1299838932	-159.0541006347
-1.0566552990	0.1459477355	-158.0932670913
-0.4918514175	0.9510549174	-158.2743720362
-0.5181386256	0.8886919285	-159.2720793281
-0.9879218612	0.3627606097	-159.9810926985
-1.0455075377	0.0989617061	-160.9439499197
-0.7603261225	-0.7436827947	-160.4871985588
-0.4297761696	-0.9388560904	-161.4105858629
-0.2768835347	-1.0013147258	-162.3968529469
0.5388151925	-0.9492397602	-162.9729812176
0.5599217684	-0.9200265379	-163.9723315566
1.0235040990	-0.2663784585	-164.5705251799
0.4893279900	-0.9105089576	-165.1180211019
0.3857383116	-1.0279914403	-166.1056784538
-0.2238349795	-1.0226694465	-166.8983903051
-0.7115794509	-0.7961068267	-166.0553157474
-1.0614714090	0.1163673290	-166.2673688844
-1.0342023163	-0.0734245049	-165.2859232892
-0.6735189187	0.8424485337	-165.1096165571
-0.2356077354	1.0782634926	-164.2420768745
0.6871803329	0.8102808680	-163.9652240366
0.8201652722	0.6956419660	-162.9807582281
1.0782803531	-0.1441638770	-163.4583592657
1.0495258730	-0.1822519973	-162.4594986774
0.6219933993	-0.8170395065	-161.8158677256
1.0688309701	-0.1403084835	-161.2307426896
0.6925413413	0.7796082491	-161.3410119982
0.6793486408	0.7992173509	-160.3412913193
-0.2892131568	0.9948459812	-160.4949711266
-0.5385182488	0.9184823048	-161.4603806563
0.0915414690	1.0523396324	-162.2253035072
-0.1813001723	1.0500222220	-163.1873596742
-0.9366420586	0.5496258867	-163.6105170238
-0.9999969809	-0.2815628616	-164.1628859391
-0.4048193117	-1.0008113185	-164.5212784604
-0.4402513630	-0.9561091351	-163.5229066436
-1.0108549273	-0.3540616468	-162.9643814480
-1.0899617549	-0.2168907886	-161.9769979027
-0.9112268872	0.6282373473	-162.4807957598
