0.0611141823	1.0730348277	-15.7475021078
0.8474951944	0.7116440786	-15.2465014788
1.0317814381	-0.2477852589	-15.4598882796
0.6657360724	-0.8874275999	-16.1358087378
0.7105503908	-0.8359479223	-17.1334767786
1.0551388307	-0.0543246696	-16.6135499589
0.7080426486	0.8834949550	-16.6178618114
0.9184122147	0.5349730534	-17.5312495329
0.9219056123	0.5575998429	-18.5309874108
0.7668060033	0.6693009674	-19.5125509442
0.1447028692	1.0544762612	-20.1941869788
0.4133300282	0.9464719804	-21.1513570393
0.0725847510	1.0652006510	-22.0839856678
-0.4707775697	0.9421221618	-22.9144127110
0.3828708174	0.9729740131	-23.4343478940
1.0020019834	0.3598141285	-22.9437242551
0.9662918395	0.4135374455	-21.9458071289
1.0338440269	0.0224125199	-21.0279520234
1.0243131711	-0.2514634134	-20.0662342187
1.0371669580	-0.3104174517	-19.0680562779
0.9998681596	-0.4083239444	-18.0735598634
0.4011053532	-1.0435264884	-18.5614131506
0.3445847392	-1.0362559995	-19.5597881104
-0.6314654217	-0.8189902820	-19.5708194907
-1.0822519782	-0.0176094280	-19.1776525956
-0.8755284569	0.6290381776	-18.4434099519
-0.9155964216	0.5352993703	-17.4486197256
-1.0307951288	-0.2452352888	-16.8342135866
-1.1442159939	-0.3781023751	-17.8188363797
-0.6164565591	-0.8790266419	-18.5047991032
-0.1903787350	-1.0565130418	-17.6176935483
-0.2921378637	-1.0502371216	-16.6229042778
-0.2260965287	-1.0741118210	-15.6253730549
-0.9852870901	-0.4297492470	-15.7171693765
-0.9112221908	0.5483544631	-15.5226763868
-0.7283669470	0.8071537706	-16.4711419256
-0.1034103185	1.1716055902	-17.1615071070
0.0710088776	1.0487090228	-18.1384791526
-0.1995687436	1.0239479726	-19.1008588289
-0.8215308106	0.7766625152	-19.8438346627
-1.0431580757	-0.1155563530	-20.2373150899
-1.3078707684	-0.2104296366	-21.1969641145
-0.8099688079	0.6434126942	-21.0451520206
-0.4895349391	1.5777981582	-21.2008631002
-1.0720992174	1.2338346430	-21.9372787177
-1.0007117007	0.2507195925	-22.1057679461
-0.9229476940	-0.5727555982	-22.6677656057
-0.6412450572	-0.8297081287	-21.7433095378
-0.5213571926	-0.9037128788	-20.7532841862
0.4719254173	-0.9430768357	-20.6444717987
0.1469131252	-1.5164162865	-21.3965681250
0.7296018285	-0.7670752842	-21.7111502881
0.1151610903	-1.0880994875	-22.4318485885
-0.0201942253	-1.0513907987	-23.4219654557
0.8392653858	-0.6846965365	-23.0657850309
1.6238036541	-0.3564846930	-23.5918807363
1.0305893194	0.2777340323	-24.0877268430
0.4242087749	0.9642620982	-24.4889522785
0.9261533221	0.4797910476	-25.2054294049
0.3031928017	1.0538318557	-25.7368401131
-0.5199878803	0.9977912358	-25.1718330214
-0.6046734142	0.9044271655	-24.1798090748
-1.0574640419	0.2102524236	-24.7393643224
-1.0880277918	0.1524976959	-25.7372271630
-0.8467545697	-0.6238740546	-26.3194935430
-0.6974195103	-0.7838145014	-25.3437281544
-0.1860024925	-1.0489186503	-24.5263100092
0.7125287804	-0.7673595980	-24.1896112542
0.7543960484	-0.7631772407	-25.1887256819
1.4675774938	-0.2846295368	-25.7009407939
1.0043519596	0.3459286896	-26.3236914884
0.8525314966	-0.6178247329	-26.5430767376
0.0834291136	-1.0881258820	-26.1102969394
-0.1450754159	-1.0616599574	-27.0834799822
-0.9308670443	-0.5422368581	-27.4192345962
-1.0047825588	-0.4126389366	-28.4080424013
-0.9089463363	0.5716356325	-28.5564303756
-0.4985164202	0.9355070829	-27.7202815541
-0.9532613369	0.4728126535	-26.9592816029
-0.1559351656	1.0286000245	-26.7239703731
0.5674515892	0.8887832003	-27.4001085681
1.1269012800	0.0631863418	-27.3265839417
0.7179355952	-0.8004364533	-27.6213766426
1.4451862435	-0.4067459911	-28.1836170845
0.9790615000	0.4548385294	-28.3846141931
1.0718711387	-0.1186279424	-29.1985690916
0.6481600624	-0.8623321074	-28.6814878225
-0.1940707968	-1.0521116287	-28.1768781585
-0.3768049320	-0.9515516413	-29.1548842550
0.4520602251	-0.9471038762	-29.7143150092
-0.4064101642	-0.9951228207	-30.2249252046
-1.0304579678	-0.2736159029	-29.9249383610
-0.9879700999	-0.3406963373	-30.9217808744
-0.9187865708	0.5129885038	-31.4379551002
-0.8180913653	0.6885841789	-30.4586560476
0.0993320677	1.0556449033	-30.3050309545
-0.4345353314	0.9786628431	-29.4629743278
0.1098376786	1.0645714728	-28.6285417462
0.7113735442	0.8493431586	-29.3978475209
1.0014742835	0.3578970857	-30.2190188298
