-0.9367407688	-0.5751846888	-71.5553757337
-1.0120089288	0.3203154381	-71.9940261945
-1.0610163894	0.0661777154	-72.9599518059
-0.6460252970	-0.8006842568	-73.2362355630
-0.8708155850	-0.6908920556	-74.2044375042
-1.0256244359	0.2850760264	-74.0510734842
-1.0618506424	0.0804536630	-75.0292438939
-1.0296923404	-0.1709738077	-75.9965856487
-1.0810576783	-0.1857073406	-76.9951568905
-0.9383401009	-0.4504994560	-77.9488428078
-0.2365744533	-1.0300737143	-78.3631116273
0.7048694630	-0.8099563978	-78.1077066165
0.6920185401	-0.8047775031	-77.1078026047
-0.2804545786	-1.0289824846	-77.1712703881
0.1139437829	-1.0823941779	-76.2538843606
-0.4526463655	-0.9596162172	-75.4390830498
0.5223016239	-0.9097547825	-75.2223106914
0.0811348185	-1.0863929201	-74.3424409180
0.8428802776	-0.6727210181	-73.8438234162
0.4557126622	-0.9592645141	-72.9674707118
-0.2572815309	-1.0147430312	-72.2684990280
-0.0226634355	-1.0510852763	-71.2970909827
-0.2667017484	-1.0013256953	-70.3286028382
0.7024332663	-0.7794663887	-70.2211050645
1.0253801475	-0.4331860482	-71.1018974564
0.9515933532	-0.4154011219	-72.0990128988
1.0668934635	0.0254998106	-72.9891321336
0.9681141384	0.3962301186	-73.9126047557
1.0519505501	-0.0228222159	-74.8166880467
0.6426628562	0.8843152102	-74.9145924586
0.7792495053	0.7384389773	-75.8944211232
0.2781041186	1.0356428463	-76.7071468836
-0.6941065354	0.8104043380	-76.7709752356
-1.2457811379	0.8669951953	-75.9388378624
-0.2821273980	1.0006403380	-75.7075146134
-0.4159492014	0.9813506520	-74.7166969546
-0.2545476628	1.0026418354	-73.7300378297
-0.4789282160	0.9744742927	-72.7559434005
0.5122594313	0.9472663926	-72.8855843579
0.7724169000	0.7266776817	-71.9455531286
-0.1439798847	1.0674033410	-71.7354984735
-0.7485422429	0.7226546000	-71.0174088824
0.0839652001	1.0386047930	-70.5623189649
0.5712095882	0.9020360820	-69.6997983023
1.0539478309	0.2728320606	-70.3089502444
1.0523960156	-0.0943856796	-69.3788165319
0.9363893772	-0.4862807170	-68.4661497035
1.0420459563	0.3264845527	-67.8932192508
0.5502647619	0.8810882240	-68.5644614012
-0.2982286731	0.9701858419	-69.0861131100
-0.7669148541	0.7251199827	-69.9348038595
-1.0308501623	-0.1360895624	-70.3691496579
-0.8712161331	-0.6552052473	-69.5294855094
-1.0492378569	0.2025511257	-69.0472384042
-1.0344903982	0.1364722476	-68.0495329896
-0.8635921015	0.5622075215	-67.1609705277
-0.3526964109	0.9852276719	-67.9093284272
0.4590635270	0.9919396003	-67.3253757295
0.9371704830	0.4843185995	-66.6086228724
0.5136786890	0.9282609520	-65.8189584576
-0.1989847000	1.0443456679	-66.5107931436
-0.7804281489	0.6680933092	-65.7894349259
-1.0399909061	-0.1471643477	-66.3071048284
-0.9152094148	-0.5472043572	-67.2150682474
-0.0793415641	-1.0602700645	-67.4102310416
-0.3009771705	-1.0308753778	-66.4355446252
-0.3534458590	-1.0375176366	-65.4369441460
-1.0238732930	-0.3306328397	-65.2114647905
-0.9115665881	0.5241002008	-64.7046920273
-0.1406746613	1.0937422171	-64.9897071330
0.7670448944	0.7218401619	-64.7954545412
1.0532881922	-0.0180370660	-65.4042619508
1.0355196935	-0.2445815096	-64.4304232088
0.4576750976	-1.0028700904	-64.7322411196
0.4917821977	-0.9620580952	-63.7336565780
0.4972964886	-0.9553685795	-62.7336941572
1.0581124271	-0.2334579115	-63.1390711059
0.9486411054	0.5785150179	-63.7124086955
0.1325891957	1.0987820930	-63.9641654259
-0.7466775483	0.7704907846	-63.6190352914
-1.0528278033	-0.1472567473	-63.8720402103
-0.5567555367	-0.8952773310	-64.3129228621
-0.4733784637	-0.9758937597	-63.3196710032
-0.5207746414	-0.9417294547	-62.3213792610
-1.0739197795	-0.2730970974	-62.8183311972
-0.8929769092	0.6699218471	-62.5390912499
-0.0319463529	1.0762528218	-62.8449041340
0.8604187110	0.6838105585	-62.6220282431
1.0420787776	0.2504423425	-61.7393099361
0.3667725953	0.9869477615	-61.7003057303
-0.6072019511	0.8608090346	-61.5119905566
-1.0606685907	-0.0187144345	-61.6562350505
-1.0231495706	0.2538201044	-60.6948208586
-0.7557807696	0.7362280139	-59.8606766666
-0.1174801738	1.0557606565	-60.5610131855
0.7974763957	0.7048811959	-60.7603573100
1.0323944212	0.1165071498	-59.9866457984
0.5369225799	0.9303973281	-59.6831817443
-0.1648184728	1.0540857737	-58.9815688429
0.7071229126	0.8163597775	-58.5535448118
