0.9820915808	0.2262198348	27.6013439261
1.5294912706	-0.5090449826	28.0010178281
2.2878402213	-1.0138249851	28.4134545117
2.5594651297	-0.2063920085	27.8897447664
1.9582266911	0.5862156530	27.7883276329
1.2918581297	1.2703419832	27.4918076423
1.8534718768	1.9645741398	27.0416613196
2.8224021099	2.1151184727	27.2379025158
3.7309587949	1.8227737071	27.5363305443
4.0667607784	1.2767788928	28.3038764326
4.8093098492	0.6306530374	28.4803481200
4.6594118169	1.2876954871	29.2191483631
4.1650429723	2.1118553716	28.9428153567
3.5835989434	2.6211621933	28.3083633076
2.5976368635	2.5060101694	28.1874551254
2.1841827315	1.6173351111	27.9891817750
3.0934810241	1.6500470651	28.4040390314
3.4283694465	1.3412389976	29.2942566014
3.9177680630	0.4955904117	29.0812602088
4.1728563299	-0.2414696082	28.4554227673
3.6154342827	-0.2061802657	27.6259438203
3.8563295937	0.7377495557	27.4001874438
2.9080236871	1.0514694533	27.4481012545
3.1785656960	0.5573649602	28.2743383702
2.3874792446	0.9280700253	28.7609182517
2.8865388804	0.4259269001	29.4671701627
3.5889666473	-0.2111281243	29.7845912207
4.5762903872	-0.1737731848	29.6303302692
4.2885956489	0.6826454542	30.0590246268
3.3511011166	0.9223281461	30.3113264483
2.8593286873	0.0725897480	30.5013383760
2.0321631568	-0.0990108236	29.9662211655
2.1340324598	-0.0949895663	28.9714315020
1.3032408563	0.3397646680	28.6239058665
1.3398653246	1.3381327818	28.5800908278
0.4495837706	0.9753692767	28.3047702982
0.5874691091	0.8181807513	29.2826656919
0.3649602219	1.0887920201	30.2192869261
0.3938580052	1.7088648125	31.0032988203
1.1863973578	2.2962156620	31.1673120950
1.1543804011	2.5698505379	30.2060114817
0.9948761259	2.6954459673	29.2268362296
0.5062694034	2.0588715268	28.6301483274
0.5088516102	1.9655022202	27.6345201313
1.3611572724	2.2974173998	28.0387569081
1.8484178075	3.0273178337	27.5593588193
2.6678617105	3.5024403625	27.8799368479
2.9057200642	3.2980072282	28.8294791045
1.9217219472	3.1513629966	28.7282705319
1.8918096153	2.1747836523	28.9413386820
2.0937519139	2.7561538704	29.7295188502
2.9338023655	3.1357740759	30.1170801208
3.7657439189	2.7963546498	29.6781408255
4.7079440891	2.5135364404	29.8577868653
4.0818522891	1.7565947045	30.0449986878
3.1231638201	2.0133266245	30.1674941601
2.8950454716	2.2721792965	29.2289008972
2.3718447472	1.5140683305	29.6181678560
1.6656166919	0.8083647787	29.5613837831
1.1281737237	1.6516150144	29.5522133961
1.3386932256	1.4570351379	30.5102427333
2.1324393199	2.0648139339	30.5341607793
1.9871453354	2.9696984724	30.9342528064
2.1633097249	2.3363384748	31.6877919370
1.9825587307	1.4097753845	31.3579284533
2.3057592970	0.9784464548	30.5156121539
1.9640023788	0.2703440377	31.1335063000
1.1293619400	0.7887387191	31.3196307000
1.1735218514	0.4135258051	30.3937445454
1.0300208741	-0.1095359262	29.5536172367
1.4128357617	-0.8894751639	29.0584934671
1.9620959036	-1.6944546517	29.2828176090
2.7486315529	-1.9413920932	29.8488419657
1.8992054533	-2.1974855164	30.3102435910
1.8209138476	-1.6247376026	31.1262278137
2.7762767855	-1.8358085015	30.9195136815
3.4410793982	-1.1907737054	31.2962995597
2.6493503987	-1.3446995340	31.8874611541
1.7753874282	-0.8588560044	31.8994940616
1.0388045747	-0.2337097421	31.6413509798
1.3302542788	-0.5918738004	30.7543472722
1.9669197054	-1.1423407151	30.2143071714
2.3871888870	-0.7255851791	31.0203398248
2.7841120647	-0.2501609915	31.8054664597
1.9632523024	0.1566299461	32.2063534558
2.5628223465	0.9473821711	32.0829570180
3.4237859542	1.4539331526	32.0366129847
3.0174451966	1.5992073808	31.1345139949
3.0158623369	2.5990025450	31.1143366758
3.9191050111	2.1767611858	31.0377540008
4.0670788160	1.1895574109	31.0971885011
3.2979799512	0.5995821354	31.3429853896
3.8887653417	-0.0068810866	30.8108435075
4.1487228714	-0.8849638221	30.4091062895
3.1621845559	-1.0016118798	30.2944965922
2.6266632120	-0.8650254984	29.4610932981
3.1516617766	-0.3692304872	28.7693102294
3.4354478710	-1.1252607985	28.1794936299
2.9843800173	-1.7431152797	28.8235383733
3.6748683254	-1.2039796248	29.3057817164
