-4.1738248031	1.5643486901	156.7866481866
-4.0995301253	0.5710046744	156.6986256469
-3.8287938322	0.8998995327	157.6033521425
-3.1344018683	0.3143422401	157.1850909113
-2.4150903851	0.3296252538	156.4905713511
-2.3529172527	1.1816915815	155.9708430809
-2.3877931077	2.1768236742	155.8786704563
-2.2582745968	3.1524562912	156.0557748096
-3.2029885764	2.8965620354	155.8507537705
-3.7658000777	2.5285280338	156.5908849668
-3.4119099469	1.8264881255	155.9729029748
-3.0966671024	1.2687081077	156.7406942229
-3.3172897417	0.7154296199	155.9374454657
-2.9715249073	1.1701731700	155.1166805889
-2.8735279372	2.1515259738	154.9513225885
-2.1284494466	2.8102617324	155.0558464761
-2.8646632564	3.4864652403	155.0286795434
-2.7195292883	4.0838375170	155.8174016074
-1.7814597339	4.4146864051	155.9201854788
-1.8705029124	3.9351773914	155.0471777938
-1.2780053620	3.4205472761	155.6669378256
-1.4656061058	3.6049139720	156.6317253060
-2.2787032833	4.1475403441	156.8425086077
-3.0538141234	3.5264463872	156.7265539515
-3.3661427708	2.9255131602	157.4623053175
-3.3467023018	3.1840098191	158.4281218350
-2.7366371693	2.7517113434	159.0921538840
-2.7521553841	2.2633946938	158.2196253545
-2.4255458266	1.5953162099	158.8882039484
-2.0980415224	0.7518742163	158.4623559307
-2.6322945767	1.2559691861	157.7837824747
-3.1806044932	0.8526407263	158.5163685713
-3.6485577891	1.7354122926	158.4747263507
-3.4621494237	1.8995483833	157.5060616693
-2.7527623497	2.2682817030	156.9053906128
-2.2266568189	3.0652618230	157.2020986492
-2.7040868297	3.7635858397	157.7353942075
-2.5399405166	3.8498907677	158.7180474766
-2.0626171039	3.0917158741	158.2738254709
-1.7143010370	2.3746140196	158.8775148345
-1.5869506665	1.8450184566	159.7161508835
-0.7471004265	2.0726254078	159.2233561493
-1.2732788843	1.3437080381	158.7853884577
-0.4149119745	1.0561570531	159.2102657096
-1.2274622512	0.6476119724	159.6260216054
-1.1275257037	0.2293555472	158.7232069792
-1.8115600818	-0.3172346803	158.2401582313
-2.7770084323	-0.0923947317	158.1084142372
-2.3714529150	-0.5202608654	157.3006671889
-1.9762980026	0.3846650899	157.4586596279
-1.0040924392	0.2423600110	157.6445779084
-0.5232357605	0.9668804267	158.1383865979
-1.3800807320	1.2212404511	157.6899251472
-2.0163428803	1.4570893390	156.9553873465
-1.8484812856	2.1582644067	157.6483346818
-1.1831406066	2.8663215733	157.4117404517
-1.5345476010	3.7603635158	157.6895931632
-1.1111258821	4.4913735074	157.1544871550
-0.8632033822	4.4140575087	158.1201768931
-1.8372636259	4.5850641042	158.2683773856
-1.5033577133	3.9827937137	158.9934823561
-1.1861053479	3.1324341646	159.4132913293
-1.0054279410	3.2079247621	158.4326502918
-0.2509989546	2.8204955331	157.9028055061
-0.9321138525	2.1367975858	158.1647971332
-0.1615833075	1.7855406839	157.6329124952
-0.4322248375	1.0097971972	157.0628465296
-0.9665416418	1.8519713623	156.9904018726
-1.6619340496	2.4416616694	156.5796772192
-0.7460608173	2.8034432348	156.4056360704
0.0826134467	2.5449413428	156.9020992976
0.2362579628	3.2977516986	156.2620446664
-0.4979023477	3.9755669487	156.2223568212
-0.3991284420	3.5989005376	157.1434247504
0.5644126870	3.4412947084	157.3596396791
0.0408851563	3.8179023771	158.1238946029
-0.3692262071	3.8662461031	159.0346478921
-0.0246332841	2.9317524948	158.9453315254
0.1475683156	2.0014743911	158.6214036649
0.4508198895	1.0491359762	158.5883881157
0.4986671594	0.8718430146	157.6053937899
0.7312557016	1.6966851835	157.0900900285
0.7384038994	2.4220479881	157.7784196769
1.2285981637	1.5914672568	158.0427021620
1.6590978234	2.1099185220	157.3038663693
1.0877772708	2.6544312421	156.6897827236
0.7969002799	1.9586092204	156.0331075449
1.3789209598	1.2124770260	156.3564319590
0.4071253376	0.9793923856	156.3922763333
-0.2376429341	1.7266929797	156.2316036914
-0.1830351079	2.4505793432	155.5438489981
-1.1792585520	2.4101440881	155.4670125502
-1.7738338016	1.6595778404	155.1786888082
-1.3365065877	1.5466699480	156.0708752885
-1.3602892180	0.7086701792	156.6160273535
-1.4983490589	0.5652444580	155.6360434032
-0.5538002393	0.7903502216	155.8751143607
-0.6750664665	1.5037523879	155.1849318838
0.2899395218	1.2873320912	155.3330051689
0.9819899771	0.6074957649	155.5756751854
