-1.6293335501	1.5624168836	194.4290910892
-2.3481445790	1.9780563761	193.8718169044
-3.2470133507	1.6671075594	194.1805979993
-3.5979535261	2.2466339879	194.9161182995
-4.1918609001	1.8678747464	195.6259178966
-3.5006479533	2.4294476363	196.0807371482
-2.8659800876	2.3227036735	196.8461144582
-1.8953092611	2.2524364902	196.6161999751
-2.3598525312	2.7996730017	195.9199731797
-1.6940069783	2.1383205128	195.5746290249
-2.5490681180	1.7642644883	195.9337286462
-2.5259655205	1.9111183723	194.9448402770
-2.0881024094	1.0547586676	195.2185626767
-1.8746394869	0.1239976440	195.5154085923
-1.0661534002	-0.3593364809	195.1796432407
-1.1369206086	0.5664167984	194.8081962485
-0.9847028318	1.4037989508	195.3331923240
-0.2156357730	1.2760867690	195.9594713814
-0.9620009794	1.7621808789	196.4140607510
-1.6100362068	1.0222039336	196.2338262802
-0.8775560883	0.4169546082	195.9221435404
-0.8014412798	0.7260939448	196.8701094715
-0.6942493774	0.8316175727	197.8587320790
-1.5857068294	1.1086818521	198.2172554344
-1.5847011625	1.3917631898	197.2581600560
-2.4794186065	1.2680555148	196.8290014529
-2.6212859001	0.7054680020	196.0145267992
-2.7866424301	-0.2787802417	195.9519759182
-3.1533575620	-1.1834697507	195.7350498836
-2.9447015813	-2.0806790160	196.1242519081
-3.8229917286	-2.5339344713	196.2764554214
-3.7334474555	-2.0095644381	195.4296863316
-3.1272870759	-1.5881147948	194.7551866707
-3.7927968955	-0.9265506787	194.4096007909
-4.4324197369	-1.2390718195	195.1118921530
-4.6236208378	-0.2577518801	195.1331833622
-4.9387041443	0.4826215109	194.5394075191
-4.4279814969	-0.1784142662	193.9896856995
-4.2235234843	0.7206104093	193.6024499134
-3.2268087693	0.7857489961	193.5543173751
-2.4830087926	0.9099758250	194.2110740192
-2.0578546960	0.0307958988	194.4262173476
-2.6212962692	-0.6481688434	194.8968982080
-3.0610211188	-0.1466561026	194.1518297363
-3.7141058360	0.5279170242	194.4959684421
-4.2475918048	1.3718495991	194.5522759023
-4.3572944796	0.8230121983	195.3809753838
-5.0078210878	0.3010929840	195.9327139684
-5.2430202571	0.7263149811	196.8067091651
-4.3142190864	0.9428199591	196.5059534838
-3.7081362085	0.3163995007	196.0157892721
-3.5711383976	-0.3221044202	195.2584621679
-2.8817499099	0.3809971966	195.0841302159
-3.3526847992	1.2474352016	195.2499780785
-3.4329449619	1.3713571280	196.2390188574
-3.7156125172	1.5572029353	197.1800610399
-4.6388573978	1.3779035724	197.5198707351
-4.9424110179	0.6965191463	198.1858815935
-5.0759417020	-0.0712419190	197.5592138162
-5.5550742511	-0.3573381103	196.7294060254
-5.1085111502	-0.7818162598	195.9417514708
-4.1127021038	-0.7338036273	196.0195918868
-4.4420058627	-0.0903646534	196.7106384273
-4.1456894740	0.4557816300	197.4941694318
-3.3116917335	0.5795163394	196.9564543674
-3.4122707309	-0.4102761566	196.8554856594
-2.6479837669	-1.0253218682	196.6616191865
-2.7637890952	-1.8783003917	197.1705560828
-3.1695071937	-1.0735393092	197.6038601615
-3.2282446184	-0.1195422098	197.8978660274
-4.0292510715	0.0430853164	198.4740091952
-3.1719788306	-0.0575763819	198.9789364449
-3.4576067421	-0.9552983467	198.6435084048
-2.4644347516	-0.8408655593	198.6661917543
-2.1595791158	0.0786033723	198.4179178626
-2.6446626847	0.8342247198	198.8580659176
-2.3445579326	1.7772711476	198.7145369214
-1.9655566689	2.2225964851	197.9033381875
-2.8391089085	1.7560904795	197.7644906758
-3.4541442097	1.0466522584	198.1086258073
-2.5895947953	0.7141297196	197.7318193965
-1.6998071279	0.3421914108	197.4673580545
-2.4485855387	0.0821321299	196.8576859607
-2.2117008027	-0.5953527103	197.5540335127
-1.6939354532	-1.2689993100	197.0266633376
-1.8868965584	-1.9803487810	196.3508320407
-2.1859472318	-1.6893250079	195.4420560186
-1.7833855070	-0.8937905844	195.8949015098
-1.5414296874	-0.1394586250	196.5051806888
-0.8117415455	-0.8145943286	196.3967971229
-0.9653253971	-0.4519990646	197.3160014936
-1.1159353090	-0.1380951489	198.2534346838
-1.4531143722	-1.0721152808	198.1354657364
-2.2797355751	-1.6270693114	198.0420665347
-3.1956125310	-1.9897971689	198.2141069457
-3.9155739914	-1.8192737149	197.5413683284
-3.6780864815	-1.4700414241	196.6349266647
-4.5074269279	-1.7221074265	196.1362713185
-4.6520775738	-1.1218530613	196.9228912316
-4.1431340592	-0.6662878565	197.6532588398
