-1.8348964256	-0.6008179054	17.2234685708
-1.0183279153	-0.0391989749	17.3568853798
-0.5601995611	0.8323965130	17.5313551953
-1.5488648234	0.8788657685	17.3885910278
-2.2092166635	0.2332446066	17.7721386291
-2.9141137798	-0.2240089558	17.2298847817
-3.0108347598	0.1997455964	16.3292865741
-3.5178670089	0.6765938420	17.0472935720
-2.5688325725	0.9915878399	17.0578963965
-2.9140574427	1.7023618707	17.6707749050
-3.3231434767	1.7448896336	18.5822791596
-3.7431144691	2.3779180180	17.9319719783
-4.0026751784	1.4281051450	17.7573760323
-3.6256412555	1.8320741041	16.9239166745
-3.4578658907	2.7351405559	16.5285403846
-3.3012908760	2.0635011389	15.8043962287
-3.5263365358	1.1126865566	16.0172484804
-2.5570971599	1.1260370757	15.7714908844
-1.7410005369	0.5550051651	15.6825591194
-1.9459021012	0.2271634165	16.6048037381
-1.0300000070	0.6069893851	16.4749746682
-0.5269860703	1.0576070896	15.7374648962
0.1000130804	1.8344500380	15.6792661126
-0.3074976596	2.7476501799	15.6799715836
-0.9633912175	2.0194327405	15.8787252045
-1.4251206937	2.8883623309	15.7004914879
-2.1342952669	2.1850577871	15.6511544483
-2.5048047175	2.9626526467	16.1591593512
-1.7614674222	2.4709143859	16.6126382904
-2.6001539199	1.9277306035	16.5731878526
-1.7811830475	1.3821045620	16.3954832296
-0.9672952066	1.6769404536	16.8961411761
-0.1016138994	1.2303859559	16.6699002539
0.5555568525	0.8982734168	15.9932704701
0.9212800611	1.7413905312	16.3874786208
0.6583347805	1.5305732119	17.3289752152
0.3462749809	1.0513256173	18.1493046762
-0.4835826024	0.9859489506	18.7034366847
-1.1890405121	0.4042049258	18.2985872965
-1.5048054714	0.8451771691	19.1387277437
-2.2702057745	0.2732825270	18.8436025257
-2.9971845076	-0.1970290372	18.3432936668
-3.0759217329	0.7666571275	18.0881281807
-2.1928574992	1.1733993234	18.3221331919
-2.4493883982	1.2672928845	19.2840977947
-1.7282645135	1.9029031314	19.0084531739
-2.1810237160	2.3204772271	18.2206454695
-1.8920326565	1.8379713328	17.3938007262
-1.1857017134	2.5170743142	17.5935899638
-1.2603939778	2.9322670028	18.5002520270
-1.5869975843	3.8633891053	18.6625533350
-1.5017387475	4.7923913708	18.3024342972
-0.7758467251	4.7707205813	17.6149670988
-0.0071163630	4.1359783711	17.6934270053
0.7028377066	3.4357900778	17.6179182447
0.8381590807	2.5906846174	17.1007288339
-0.0388172965	2.2896182120	16.7262005259
-0.8184143506	2.9107387637	16.6459652874
-0.2572494162	3.0092181214	17.4677899235
-0.2314971205	3.2340548441	18.4418460140
-0.7463831931	3.4842165775	19.2617920118
-1.1807840289	2.6398446409	19.5753712625
-1.6819642383	1.8998568334	20.0239651129
-0.8467284804	1.6235713442	19.5485205240
-0.5794251407	2.1290267881	18.7281159172
-1.1737343807	1.5816055936	18.1389414414
-0.3070152674	1.8496414416	17.7182815279
0.4062541184	2.4608502297	18.0613130142
1.1687226982	1.8476496349	18.2677753483
0.4392980566	1.8466916753	18.9518358533
0.2040595718	1.6429407284	19.9021770588
-0.4703430098	2.1660163991	20.4233037235
-1.3336540267	2.4734836149	20.8235011739
-0.8520289858	3.2489417167	20.4152095474
0.0485448973	3.5007790902	20.0608867870
-0.1163336632	2.6676347298	19.5329800385
0.6452861728	3.0696192231	19.0247048250
0.2868863117	4.0030076939	19.0430215475
-0.5429641422	4.3187173113	18.5829393140
-1.0899026141	4.6410302044	19.3555794029
-2.0828589600	4.5270563012	19.3879467375
-1.5747963412	3.7612907911	19.7822506289
-2.0432363518	2.9451091609	20.1204983236
-2.0931762704	3.0146446159	19.1241696505
-2.7502238203	2.2749983528	19.2698127854
-3.0081025542	2.8834087066	18.5192560586
-3.8011766086	2.6911800836	19.0972540698
-3.1469812927	3.1247887542	19.7169410951
-2.8929606572	3.8325221836	19.0577090345
-2.5683104424	3.9162099556	18.1155845232
-1.9128043667	3.2664136707	17.7307773340
-2.6213024048	2.6975254251	17.3131690319
-3.3611671824	3.3097606340	17.5920384633
-2.6767624507	3.7384919776	17.0023100528
-1.7487057979	3.5747002250	16.6678207241
-1.6968612285	4.2851063976	17.3697004933
-0.9789930393	3.7422233058	17.8055252420
-0.7100166586	4.0127456950	16.8811501322
-0.6040783348	3.7165912247	15.9319032722
0.1630407522	3.3884700105	16.4831425807
