-2.4575994753	3.1589157815	177.6386110973
-1.8056205371	3.8364907429	177.2982941334
-2.5478706621	3.7112492955	176.6399786074
-2.6690922179	3.6669227353	175.6483433466
-2.5529112754	2.7253079315	175.3323314006
-2.7102837724	2.6708673128	176.3183689842
-2.3094899876	1.9695215892	176.9078420692
-1.5674148012	2.0182763557	177.5763833099
-0.8880403661	2.0963724913	178.3060074395
0.0839209602	2.0794162275	178.0714788371
0.1817712725	1.0860381229	178.0112687242
-0.5097349053	1.4534944016	177.3893401999
-1.0321470031	1.0163311019	178.1214425490
-0.8740893808	0.4474686912	177.3143407304
-1.6884066710	1.0211915109	177.2264232866
-2.0162012670	1.1141706500	176.2862607567
-2.6514624995	1.6864573358	175.7676750688
-1.7698933889	1.5114094020	175.3292755661
-2.5211424079	1.7593165850	174.7175836992
-2.3173953499	1.8844417113	173.7465889314
-2.3890026382	2.7558675218	174.2318614868
-2.2941969558	3.6680681973	174.6304863858
-1.5657357786	4.0760494532	175.1808459121
-2.1406442822	4.7239309365	174.6811161891
-2.4129339097	4.7169572675	175.6433062570
-1.7263306880	4.3436115362	176.2671563839
-1.6894628693	3.3863964813	175.9801370419
-0.8961292671	2.8885747605	176.3305586878
-1.7178718380	2.8585544261	176.8996262819
-1.3542801219	3.0534129748	177.8105769996
-0.3980210390	3.0418553556	178.1028696403
-0.6157039139	2.5032792188	177.2888979511
-0.0863450290	2.1946801893	176.4986158433
-0.2951527168	1.5181855510	175.7923904162
-0.8568056865	0.8670191823	175.2819706851
-0.9571502337	0.8390870243	176.2765312747
-1.1303808342	1.7815394316	176.5624938930
-1.7876583091	2.2935264551	176.0094517528
-0.9948501605	2.2910061963	175.3999856850
-1.5219208923	3.0069999411	174.9422200232
-0.7254230350	2.7129845961	174.4138771987
-1.4554309541	2.0295705634	174.4196822012
-1.5436143234	1.0337761998	174.3948371044
-0.6019378456	0.8140618745	174.1399429571
0.3083398840	1.2031273613	173.9984420668
0.2708083861	0.9531696977	174.9659711635
-0.3531460721	1.7087008445	174.7663376986
-0.5266590148	1.8370892407	173.7899107027
-1.3518924941	1.4253056203	173.4033567549
-1.3509178662	2.4249071992	173.4315655061
-1.5160114538	3.3011364314	173.8842977006
-0.9428764078	3.9740912606	173.4166995644
-0.7393293526	4.9529794926	173.3980870554
-0.0970987532	4.4998096448	174.0162916706
-0.2421663543	5.2150476497	174.6999509333
-0.3750440441	4.3741113754	175.2245171371
0.2869038183	4.1915919876	175.9515052392
1.0852302565	4.6392795540	176.3543088400
0.5205878076	5.4490796308	176.5136912121
0.4183441220	5.2439439160	175.5403127825
0.6370270565	4.4847302825	174.9273099824
0.9254929146	4.0631594179	174.0676208207
0.1420253357	3.4740204939	174.2653425471
0.1153194367	3.7598366368	173.3074302717
-0.2795248224	2.8575902881	173.4807782949
0.2486143615	2.4292382948	174.2139792034
0.7487621374	1.8870805668	174.8891956133
1.2391866729	1.9445173838	174.0196067524
0.5517335074	1.9967596257	173.2952595336
0.8320600208	2.9501835825	173.4066139428
1.1271011514	3.0417436307	174.3577014724
1.4871116233	3.7114194907	175.0072603247
0.5523049828	3.4394721998	175.2356924065
0.1900926745	3.1506306313	176.1219050175
0.0348788037	2.5184909272	175.3627554613
-0.5568547555	3.3216275696	175.2933081536
-0.8289807988	3.8124873050	174.4656583867
-1.1138584680	4.7692716506	174.4072766305
-1.2456072710	5.0434647271	175.3598837950
-0.5845755108	4.9735124159	176.1069739409
-0.7217568146	3.9853448054	176.1755746938
-0.4549292989	3.5712269889	177.0458100131
0.0320432852	3.9504835443	177.8325896312
-0.9573444370	4.0644118786	177.9227687296
-0.9812523949	4.5689257926	177.0596962413
-0.4338240934	5.4023469361	177.1354025978
0.0620732481	4.5632448233	176.9118103999
0.6390398015	3.7464878287	176.9160066049
0.3702290931	2.8731847795	177.3223101705
1.1181115108	2.3372335614	177.7140092657
0.5781328845	1.6968099989	177.1678584223
0.0992081538	1.0073619357	176.6244502235
0.7417638769	0.7295895975	175.9103321164
0.7238279684	1.7280992973	175.9618751327
0.9673802140	2.5054160430	176.5419276997
1.5687052951	3.1750709430	176.9777837101
1.2487559557	3.4629214318	176.0751350983
1.2272244895	2.6763315407	175.4580348315
1.6753047572	1.7823411779	175.4557315784
1.9430906455	2.3780119455	174.6984555029
