-0.0348632921	-2.1080042543	34.3301644099
0.8996709340	-2.4517973512	34.2382291783
1.6881893463	-2.9096928428	33.8276558812
2.1319084143	-3.6020560285	34.3966432341
2.0179089152	-3.7407028831	35.3804019260
2.8490005373	-3.6628687215	35.9310638539
2.9944879532	-3.3034821011	35.0092858607
3.6972477410	-4.0057930127	35.1228114703
2.7949686496	-4.3592985152	34.8759789342
3.2304470597	-3.8824939001	34.1124241468
3.0157207725	-2.9350760327	33.8751647823
2.7190588743	-2.0045339882	33.6604947527
3.5034650776	-2.0222309123	34.2804896939
3.8858912382	-2.8850854354	34.6109928009
4.1103562766	-2.1384491709	35.2372114011
3.1256686160	-2.2968527034	35.3100024164
2.6817351529	-1.5799480675	34.7724423515
3.0529543319	-0.9942880255	34.0518879564
2.1136631209	-0.7894462207	34.3271548376
2.1087678426	0.0264690889	34.9053055479
2.9139395520	-0.5560536076	35.0165072860
3.6611898107	-1.2205386850	35.0252613036
4.2836921901	-1.1113432148	34.2502986356
4.5920455283	-2.0611719418	34.1979191727
5.0526657456	-1.6283779198	34.9728503631
5.2717109375	-1.9420779533	35.8967613398
5.3600523128	-0.9588607385	36.0563849909
4.4339464959	-1.2524508214	35.8194612074
3.5426600077	-1.6085916099	36.1001249470
4.2674062498	-2.2774962887	36.2653805532
5.0043181369	-2.9532789929	36.2486890211
4.7716707946	-2.9736983964	35.2763422403
3.8749367687	-3.1136521693	35.6962005834
3.1841707543	-2.6653071979	36.2635004159
2.6785608800	-3.2377154032	36.9090292700
1.7655121361	-3.4197787786	36.5440704798
0.9931405037	-2.8523370356	36.8294683245
0.2136172257	-2.3041032468	37.1324257010
0.2099363302	-1.8954739860	36.2197326648
-0.2935783212	-1.9016293950	35.3557679047
0.6708684079	-1.8610658253	35.0946221533
0.3113662045	-2.7882108423	35.2002643948
0.0533550849	-2.9572420588	36.1515050111
0.8519963341	-3.4475670886	35.8025730404
0.9042457843	-3.7175984173	34.8411402157
1.5063619812	-2.9281926198	34.9607001260
2.3574515667	-2.5430747199	34.6038658217
1.7946966589	-1.8495070287	34.1541205922
1.7236862146	-1.9251291134	35.1487254470
1.2594788227	-2.4326371068	35.8746366908
2.2125028707	-2.7132876892	35.7607050690
1.9946707516	-2.3834776074	36.6792770465
2.4819376249	-2.4229856504	37.5516359799
2.7638860051	-1.7630268677	36.8552456324
3.5576219134	-2.2884386015	37.1617188253
4.0969510057	-3.1003102761	36.9381377118
4.6949699321	-2.3521659124	37.2256327114
4.7155487728	-1.4262497289	36.8484646687
3.9566538412	-1.3402819812	37.4939784402
3.0630470309	-1.5367356019	37.8975535180
3.2438399476	-0.5939550697	38.1776941782
3.7270041939	-0.0456848341	37.4950873662
2.8932523242	0.3831907748	37.8428279762
2.2875923875	-0.3827766946	37.6272592469
3.0466574908	-0.7949323263	37.1233268067
2.7972867430	0.0649714145	36.6779283482
2.0756683573	0.0199753980	35.9871011166
1.1534387885	-0.3125530109	35.7898259799
1.0188127567	0.0564807222	34.8702119655
1.2698310881	0.7147090779	35.5799479932
0.9124320291	0.5566898871	36.5004347383
1.7264051344	0.2336218995	36.9832130094
1.0990538153	-0.5376233276	36.8754580923
1.9562228574	-0.9570086986	36.5764979882
1.9559176028	-1.4061215341	37.4699729839
1.4309479849	-2.2294659453	37.6856367978
1.1638923885	-1.7599352698	36.8440773803
1.1234172841	-1.3575081520	35.9295205583
0.2850958663	-0.9769041610	35.5391901821
0.1161083365	-1.0744246546	34.5584083674
0.8655207370	-1.3869726050	33.9747176679
1.2222023018	-1.0067890455	34.8280867102
2.0013104870	-0.8849823189	35.4430286237
2.4567935286	-1.6646518512	35.8727385482
2.8941546089	-0.7859625308	36.0641030271
3.7437235996	-0.4095376363	35.6945941247
3.9346542560	-0.7426901531	36.6179331118
4.7551632719	-0.2992923919	36.9787147358
4.7330963986	-0.1039422198	35.9982294665
4.6663395188	-0.5003733895	35.0825953438
3.8487093205	-0.1261999902	34.6450166353
3.0190007541	0.4283104951	34.5809712100
3.0110381188	0.3360856527	35.5766775798
2.3031619639	1.0339891879	35.4678566034
2.3190041929	0.9774245201	36.4661298436
3.2220114527	1.2525839173	36.1361825829
3.3821439418	1.2806750502	35.1494868475
4.0457207899	0.6265479883	35.5125068931
3.8081361556	0.3627551086	36.4473688392
3.4193542782	0.9688239919	37.1412918612
