3.2929233562	3.8941903195	-3.0507697200
2.9813111308	3.0376671329	-2.6393504062
2.4702331044	2.4852740985	-1.9808208424
2.5918073129	1.4935116914	-1.9404842608
3.2480650922	1.8903210702	-2.5822537242
3.1556684584	1.4152208839	-3.4573209645
3.0194388183	2.3125331994	-3.8771686674
2.3801946182	2.1221807578	-3.1320963215
1.7032911239	1.8754792183	-2.4385979367
0.7508614720	2.0823595969	-2.6623796766
0.8504108062	1.8348529120	-1.6986212157
1.6023748026	1.2771618978	-1.3471516141
1.7814012579	2.2333385492	-1.1154713613
1.3743290384	2.7499941463	-1.8687038633
2.0182161652	3.5142522857	-1.9050200350
2.2350007289	3.9100401112	-2.7974080953
1.9015707487	2.9675342902	-2.8199297654
0.9879735881	3.3276650659	-2.6311281431
0.5511537126	4.2237022490	-2.5517193083
1.4085708583	4.4346246050	-2.0823073378
0.9465139564	3.7130520171	-1.5667140680
0.1580450173	3.3364430142	-2.0530086197
0.4540747602	2.7745684511	-1.2805687408
-0.5272615667	2.9647349828	-1.2520082169
-1.0410374694	2.1589969471	-0.9573549636
-0.9407026820	1.2071436660	-0.6676857357
-0.6236616188	0.8437631579	-1.5437220196
0.0554052184	1.2837462332	-2.1313299877
0.5193208308	0.9033696691	-1.3312700061
0.1426387061	1.0829953873	-0.4225097637
0.7932796598	1.8171529204	-0.6166207266
-0.0258482183	2.3261381730	-0.3521145227
-0.1055172310	1.7851679465	-1.1893743763
-0.1484278048	2.3220086916	-2.0319660313
-0.9774628934	1.7642170623	-1.9923513846
-1.1525635254	2.3398591920	-2.7910853248
-1.2957942545	1.4357654131	-3.1937010189
-0.6746775510	0.8040748175	-2.7298249234
-0.4374430394	1.0180530687	-3.6774182404
0.3534814772	1.0229579944	-4.2893123087
0.0160257874	1.1040157585	-5.2271573365
-0.8066032566	1.2782865157	-4.6859446618
-1.5751376830	1.8391843497	-4.3781322916
-1.7702049428	2.4563154176	-3.6158344435
-2.2581807528	2.1636369549	-2.7935091269
-1.9414236581	1.3205744494	-2.3588707084
-1.9522484654	1.8128662350	-1.4885077833
-1.6602546661	2.6808374595	-1.8902111249
-1.8085288688	3.1814642996	-2.7430812954
-2.1417818268	3.8005329679	-2.0319579236
-1.2629261390	3.7107993101	-1.5633850362
-0.8212227838	3.2378534292	-2.3257631181
-1.2213421237	4.1127837774	-2.5985293178
-0.3518958094	3.8853280829	-3.0370803565
-0.8500493626	3.1123255288	-3.4299035849
-0.0222281341	2.7728558029	-2.9832803444
-0.2830962460	1.8082313403	-2.9452346585
-0.7072452170	2.0940081269	-3.8045537370
-0.0594055947	2.0092444999	-4.5615999386
0.4145482167	1.9293794824	-3.6846795524
0.4866443146	1.0797491945	-3.1622520199
1.0840673442	0.9970147870	-2.3646050168
1.9720065681	0.5886641340	-2.1529126012
2.2311925696	1.0958010317	-2.9748826637
1.4710609609	0.6931026961	-3.4848179420
1.3577465395	0.6557015494	-4.4776729143
2.0334405955	1.1850197021	-4.9907614407
2.2063044164	1.4710056311	-4.0482487629
1.4478997326	1.7522118505	-3.4602475743
1.7933036659	2.5131435417	-4.0095007801
0.9666860737	2.7793515897	-3.5136816282
0.5201471362	3.6739193291	-3.5324309437
0.5743809532	3.7649527959	-4.5268008955
0.0736793588	4.1795902169	-5.2866520141
0.1161947619	4.7657262652	-4.4775556210
0.5003512008	4.7455305326	-3.5545085134
1.3808571029	4.4809542440	-3.1611781894
1.5893829767	3.6068439409	-3.5998673025
2.5205957083	3.2424294569	-3.6065704771
2.4017762275	4.0973170290	-4.1115944074
1.4622245945	4.3648117676	-4.3253449483
1.6037910161	3.4333277093	-4.6604514947
2.5345621402	3.0677265026	-4.6613853584
2.5606041784	2.0884613832	-4.8622874199
1.6527239525	2.3963442166	-5.1468250381
1.1919083725	1.7545243607	-4.5338680464
0.7886099530	2.6676236523	-4.5938686165
0.0013529165	2.9050033261	-4.0247664737
-0.3933656894	3.8203929233	-4.1038809946
-0.9755264519	3.8615530763	-4.9159122061
-0.2645876363	3.1719710491	-5.0539072353
-1.0254494371	2.8457053697	-4.4929794088
-1.7754208538	3.4159176333	-4.1577170510
-1.2972319280	4.1245394668	-3.6388813851
-0.5692634894	4.8092003487	-3.6028060582
-0.1646522774	4.9716634309	-2.7028641078
0.7766752467	5.2449129532	-2.5047803100
0.4327524989	4.7991894581	-1.6783133055
-0.3731004938	4.2583465241	-1.9193317176
0.0222593462	3.8949439545	-1.0757505601
