-4.8913500567	-2.4500897044	-106.4043803992
-4.9366323729	-2.0091733909	-107.3007856180
-4.9346782010	-1.6587907254	-108.2373902138
-4.4376733283	-1.3024377499	-109.0285910186
-4.4869740424	-0.6245808426	-108.2950520265
-3.8466339578	-0.0477991743	-107.7878168906
-3.5011984913	0.8876021329	-107.7123269383
-4.4290042131	0.7776270960	-107.3558412669
-5.0509748221	0.0555102342	-107.6586610144
-5.1371227381	-0.8989048883	-107.3728808359
-4.3510368915	-0.4353604656	-106.9639852379
-3.4100043377	-0.7731507814	-106.9451322502
-3.1500876200	-1.6615607020	-107.3235118385
-4.0420357031	-1.2921153137	-107.5841624135
-4.0771589367	-2.2345575804	-107.9166814842
-3.1516668122	-2.5007022886	-108.1861834728
-3.4051994454	-2.9157817744	-107.3124385304
-2.8798669673	-2.4244947104	-106.6176991489
-3.2367509152	-2.3875877061	-105.6842797787
-3.7555280121	-3.0039884759	-106.2766651386
-3.9451903268	-2.1682014887	-106.7919207241
-4.5222187316	-1.3790935183	-106.5813338511
-5.1918128140	-1.5856710481	-105.8679128751
-4.2482093316	-1.8779801841	-105.7124527938
-3.4688943549	-1.4425177438	-106.1630530935
-2.4845554681	-1.4751162452	-106.3362994318
-2.1481864438	-2.1645733711	-105.6948130711
-1.1838319165	-2.0773671212	-105.4449822971
-1.3953953801	-1.5028834951	-106.2356841778
-1.3591188676	-1.0075478598	-107.1036280833
-1.9279628545	-1.8284284327	-107.1543390663
-2.3516072904	-2.6630933705	-107.5062763242
-2.4898729663	-3.4783186414	-106.9438793465
-2.4988438682	-3.1965380352	-105.9844424216
-1.7921191894	-2.7421779469	-106.5267496579
-1.2819386900	-2.7298108746	-107.3867280958
-0.7770233486	-2.0061166521	-106.9162738788
-1.0593682208	-1.6925003477	-107.8228753275
-1.6903269426	-1.0483110682	-108.2552076806
-2.4111811084	-1.7277752608	-108.1184682103
-1.6555456171	-2.2149040727	-108.5563272342
-0.9632643164	-1.5889618148	-108.9154134223
-1.7725564571	-1.2600181536	-109.4020778844
-2.5092645587	-1.9025525486	-109.1913393630
-2.6077021360	-0.9619640229	-108.8663727973
-3.5433605256	-0.6191993906	-108.9503715162
-3.4748848136	-1.5551783374	-108.6050390851
-3.1791409838	-0.8330616961	-107.9796726777
-2.9153385687	0.0591899512	-108.3461358868
-2.0294011727	-0.0909471450	-107.9073035925
-1.9303469681	-0.0952144292	-108.9023764817
-1.0493740121	-0.5249295196	-109.1004461462
-0.6175397560	-0.7874336855	-108.2375378439
-0.3499786881	-1.0182643683	-107.3020549361
-0.3323857215	-1.1588965172	-106.3121493415
-1.0103648793	-0.4270542748	-106.2432204381
-1.9842776283	-0.5560029176	-106.4299453825
-2.4083725362	-0.8595699273	-107.2831690224
-2.8385413438	0.0431108347	-107.2721128549
-2.7186891018	0.2219690736	-106.2955652778
-2.8124869344	-0.6274131208	-105.7761888686
-3.7307757190	-0.3507142056	-106.0593556365
-3.6726768827	0.3811924914	-106.7382791315
-3.9030750361	1.3337012407	-106.5391716895
-2.9598827512	1.1440127571	-106.8119474084
-2.9894604813	1.4165390623	-105.8502538133
-2.5148540107	0.7761534764	-105.2463871066
-1.5417961024	0.9535812370	-105.0991536297
-1.9050081058	0.3163957777	-104.4193950468
-2.8006526566	0.1284077434	-104.0163053079
-3.4299401976	-0.6112249616	-104.2549277136
-3.2603363470	-0.0132855367	-105.0383196832
-3.6973552311	0.6370664286	-105.6596543887
-4.5572100744	0.4778402047	-106.1447282573
-5.2889475305	-0.0376532250	-106.5906282676
-4.7592869032	-0.5724715997	-105.9322750752
-5.4137182825	-0.7278848337	-105.1922978482
-4.6299234857	-1.2597427823	-104.8716846250
-4.3595836683	-0.2983124550	-104.9223611361
-3.6983541945	-0.9793563407	-105.2369319686
-2.8678906076	-1.5344152949	-105.1896055681
-3.6741497836	-1.9522361621	-104.7708313281
-2.9711031353	-1.6515026955	-104.1264053879
-2.3645029044	-2.3929967890	-103.8396604327
-2.5741399789	-2.4953738864	-104.8120653006
-1.9351428313	-1.7432191554	-104.6509879711
-2.0379027485	-1.2109711463	-103.8106591925
-1.4760938650	-0.6929259735	-104.4556397947
-2.4454774070	-0.6620391441	-104.6992410105
-1.9146899016	-1.0647890484	-105.4449333993
-0.9212956290	-1.0178113253	-105.3402390222
-0.9883914461	-0.0377364457	-105.1532861358
-1.8953878232	0.0036883972	-105.5723822517
-1.2027596561	0.5633346865	-106.0274231872
-2.0383091019	1.0734004802	-106.2316045032
-1.8241118143	0.3658476435	-106.9050200550
-1.0336617926	-0.0657512474	-107.3396591703
-1.0551168509	0.1890060322	-108.3064261582
-1.4251059514	0.9192858571	-107.7321444827
-2.4238580371	0.9049274768	-107.7799786572
