0.2271515165	1.8678242689	208.1562445602
-0.2311899798	1.0888072656	207.7283946084
-0.2338705989	0.9872194001	208.7232175674
-0.3431596429	1.9147046956	209.0807464915
-0.9428539551	1.6834758155	208.3146525436
-1.1673040038	1.4949302060	207.3585810355
-0.5804855116	2.2947539238	207.4847796000
-0.3741986532	2.7901629517	208.3285897843
-1.1316665318	2.6093514689	208.9559251177
-1.8126960107	1.8835062778	208.8592420924
-2.7400733738	2.2523587713	208.9218445241
-2.8618552200	2.6202662644	207.9999913588
-2.0935375034	3.0189797087	208.5007063233
-1.7168212624	2.3206730281	207.8920581050
-2.4026422461	1.7373138291	207.4569240759
-2.7935164877	0.8187171849	207.5152124326
-2.1285063590	0.1605821299	207.8682276988
-2.0859252371	0.3747729521	208.8440909781
-1.9280758511	0.4713672720	209.8268183608
-0.9775416639	0.3413769617	210.1089305338
-0.3241906364	1.0250688327	209.7838184602
0.3724517855	1.7336448878	209.8961096450
0.2733460463	2.6713769443	209.5631882689
-0.4264864012	3.3288227151	209.2839041770
-0.3679329906	3.2406313624	210.2782852828
-0.4979808016	2.2505703636	210.3318276530
-1.1652585820	1.8053259790	209.7347532843
-1.2555611609	1.0000785414	209.1487310933
-1.0793024006	0.0245407987	209.0173577245
-1.0609858906	0.5549829416	208.1698344868
-1.8650417167	1.1439109501	208.0882377392
-2.7615168344	1.1780094174	208.5300178404
-3.6872857215	0.8034680794	208.5816971769
-3.4755492235	1.4912729025	209.2760257596
-3.7685601895	2.1571193523	208.5898821310
-3.4144621200	1.6445029818	207.8076807415
-4.3751754641	1.3997272870	207.9385040181
-4.7357662343	0.6415860331	208.4818235700
-4.5334927981	1.4523134161	209.0311928152
-4.3566198099	2.3477010852	209.4398453179
-4.3825832712	2.7899111561	210.3363809569
-3.5418950775	3.3313233097	210.3255994552
-3.5330504531	3.1902174300	209.3356444545
-3.2718561964	2.3643604988	209.8353822754
-2.9376336712	1.6234986981	210.4179791306
-2.4614810335	2.0771621704	211.1712839291
-2.6587011864	2.8478037015	211.7772672968
-3.5442000508	3.2340706304	211.5190239607
-2.7839757024	3.6720096889	211.0391611459
-2.5510423111	2.8533135119	210.5143005882
-2.1636590137	2.2566433089	209.8115069842
-2.4515754475	1.3440873355	209.5210836336
-1.9535648641	1.4131687947	210.3854985865
-1.5016912750	2.2595851628	210.6672601724
-1.3718183980	2.9366989989	209.9429329751
-1.5506136269	3.6313100021	209.2461203602
-2.4472020797	3.2745922930	209.5085734463
-1.9799792475	3.7570744230	210.2494606302
-1.7628138929	3.2647290815	211.0923338552
-1.6443509539	2.4729496437	211.6915432126
-1.2215511029	3.1638827908	212.2779318826
-0.3485231767	2.6849178149	212.1861997079
-0.7320889318	2.9652670156	211.3062669621
-0.7484842105	1.9739915717	211.4370499470
0.1631676347	2.3369448120	211.2442913972
0.0605457960	1.3992889344	210.9122218060
-0.5907290192	0.9065181321	211.4892989684
-0.9599670714	1.2747023302	210.6360090663
-1.6399724204	0.5905086785	210.8995840507
-1.6357939158	1.3720625132	211.5234078588
-2.3021165603	1.7070159094	212.1896062945
-1.9730545691	2.5072339836	212.6909736646
-1.2304813379	1.8701419666	212.4843368860
-0.2889631049	1.5764777986	212.3190953254
-0.7555706806	0.7453143993	212.6214936948
-1.7405758702	0.7974454335	212.4570335728
-1.2813556413	0.1760949399	211.8221789868
-0.9735057296	-0.2502766356	210.9716287464
-1.9512643445	-0.3935413117	210.8184513208
-2.8898639041	-0.5688556985	211.1155972992
-2.4603846698	0.1371364545	211.6787337545
-2.6403458371	1.0680855639	211.3610110233
-2.6950716217	0.4917218814	210.5456522103
-3.5077061067	0.2692172919	211.0842772204
-3.6580506135	1.2558801778	211.1466701594
-3.4441101055	1.0251354066	212.0958731459
-3.3463538333	1.9909317844	211.8557043136
-4.2505582629	2.2131314392	211.4909555470
-3.4902760920	2.3750042387	210.8618544284
-4.0679445495	1.7633783916	210.3212871556
-3.6248325937	0.8917982511	210.1115257359
-3.0288546307	0.4367162505	209.4499286981
-2.7530851284	-0.3848465108	209.9489134783
-1.8070012588	-0.5793323365	209.6898756911
-2.3942173284	-0.6312029969	208.8821091888
-3.0120328099	0.0202243816	208.4417157268
-3.6887006922	-0.3242491815	209.0924526486
-4.2693587674	0.4116553577	209.4407064481
-3.8511791032	-0.1379310676	210.1639495120
-4.4669792534	0.5253792365	210.5891666512
