-2.6104143892	0.7457607461	-111.9048196486
-1.7166678632	0.6289353099	-111.4717273205
-1.4796577354	-0.0324251460	-110.7600893882
-0.9397980826	-0.2439370436	-109.9453414072
-0.4422861965	-0.8725013213	-109.3475213073
-0.4477677966	-1.0436920067	-108.3622986414
0.1735160621	-1.7351151759	-108.7309995610
-0.0232860778	-2.7120293022	-108.8141121810
-0.1732915293	-3.5973902699	-109.2541511809
-1.1262200223	-3.8675351625	-109.3918066354
-0.7309709517	-4.1674415838	-110.2600429572
-0.2366783639	-3.3240012659	-110.4704788567
0.3008232912	-2.7478311527	-109.8547516675
0.4757883941	-2.4810877747	-110.8025043689
0.2978076621	-3.1213625444	-111.5497466846
-0.6339212616	-2.8069203759	-111.3680674743
-0.1116645623	-1.9840776973	-111.5920716400
0.1479421050	-1.0264005972	-111.7164056666
0.2244703639	-1.3487973484	-110.7728995668
0.1939925396	-1.6690370213	-109.8260534050
-0.6556970230	-1.9613383733	-109.3872054053
-0.8422493385	-2.8800393151	-109.7353243693
-0.5040954927	-2.2468241077	-110.4315215237
-1.1641386220	-1.8901358696	-111.0926694408
-2.1573278466	-1.9626833457	-111.1838397639
-1.6906908572	-2.7875507747	-111.5029692749
-2.4092980700	-3.1044502062	-110.8839552007
-2.6816546876	-2.7386274491	-111.7738965377
-3.0912055513	-3.6434860495	-111.6577113265
-3.4851300938	-3.3235363710	-110.7960526597
-4.1130662271	-2.5476768401	-110.8571934879
-3.9163167278	-1.6169685278	-110.5488565424
-4.3090994007	-2.1009912098	-109.7669078132
-3.8455433528	-2.3621828544	-108.9202114595
-3.2185637698	-1.6377278380	-108.6337476195
-3.9264533601	-1.1961202609	-109.1849962710
-3.2858648130	-1.7422643438	-109.7247860022
-2.5516137311	-1.3931998744	-110.3070482669
-1.7508413826	-1.0563152847	-110.8022981222
-1.5856559329	-1.1333577089	-111.7855469372
-1.1599787788	-0.2336383546	-111.8820044090
-0.7496654831	-0.7966102971	-111.1645745578
-0.7309385609	-1.2605407165	-110.2789008773
-1.5686463898	-1.7157562286	-109.9771983236
-1.8147302371	-0.7940217196	-109.6774513720
-1.3655515727	-1.2840617645	-108.9303909448
-2.2085457333	-0.8771548909	-108.5785562656
-2.4738745577	0.0550153742	-108.8248471745
-1.8695343611	0.2452497418	-109.5985291583
-1.2678084667	-0.2028622045	-108.9373774119
-1.3735782079	-0.6004988473	-108.0259511329
-1.7238819285	-1.5246939562	-107.8737975788
-1.0148962715	-2.0844891822	-108.3027132384
-1.0490172706	-3.0131916719	-108.6719657848
-1.6561924389	-2.3759069805	-109.1465250932
-2.3407756682	-1.6566756823	-109.2650668236
-2.8411496185	-0.8028988622	-109.4089106671
-3.4300949852	-0.6804697691	-110.2077563794
-4.4270142207	-0.7409059271	-110.1577612941
-4.1140110894	-0.6261423611	-111.1005541471
-3.3161220102	-0.0259935624	-111.0440347990
-2.6087167306	0.6292497546	-110.7790178827
-2.9885285578	0.3033456840	-109.9132641575
-2.4359546990	-0.3607594612	-110.4168775874
-2.3097438885	-0.3576660660	-111.4088762074
-2.9394484718	-0.2621197716	-112.1798126792
-3.6676853462	-0.9474264738	-112.1747354169
-3.7407857905	-1.4019058913	-113.0624880762
-4.2179196774	-1.9597790998	-112.3834293621
-3.6481736864	-1.8054569292	-111.5762279168
-3.1271244607	-1.0838180880	-111.1204372991
-2.6513299729	-1.2997636209	-111.9730727031
-2.0519631393	-2.0507485913	-112.2501665015
-1.0606783223	-2.0764845075	-112.1209686912
-0.7093414980	-1.1775762116	-112.3827439984
-1.4645969541	-1.4943680852	-112.9565315069
-1.9724814182	-0.6813159194	-112.6719273136
-2.6265873807	-1.3288203797	-113.0629303362
-2.5319859093	-2.3117218940	-113.2209024055
-3.1734434966	-2.1441463455	-112.4722699194
-3.6989756706	-2.7866934697	-111.9146417930
-3.8635748224	-2.8691483024	-112.8975498863
-2.9548321952	-3.2322935301	-112.6918501510
-1.9834182779	-3.0133177523	-112.6001734909
-1.1707006827	-3.4168454991	-112.1798694722
-2.0494645082	-3.7462002281	-111.8344717285
-2.3933700927	-4.1761555568	-110.9996859090
-1.8955407530	-3.9125705054	-110.1734360260
-2.1411329145	-3.2634647993	-109.4534733377
-2.8119476662	-2.6138864411	-109.0956248706
-3.3950091941	-2.7569849947	-109.8953511105
-3.1005584314	-2.2812123711	-110.7241690392
-2.3809356236	-2.4182845963	-110.0434677688
-1.5074341263	-2.6311706202	-110.4812744328
-1.2977320169	-3.5126061568	-110.9044722826
-1.2745299406	-4.4426584318	-111.2711662006
-0.4305580694	-3.9213649850	-111.3975173899
-0.1317568408	-3.7304293776	-112.3325368654
-0.3130747381	-2.7567442579	-112.4705988366
-1.1057634426	-2.6416140030	-113.0692553676
