4.7844014883	2.3356008268	-56.1439685523
4.4115139412	3.2246874097	-56.4094491079
3.7212959890	3.7979377701	-56.8510181317
3.3487543659	3.4091945634	-56.0083488856
3.8238629235	2.5990097041	-55.6650234538
4.1656679283	1.6875560945	-55.4360656929
3.9184019819	0.8830379887	-55.9760751088
3.7294990007	-0.0571657998	-56.2595049939
2.7744805228	0.1753600738	-56.4435469048
1.9804576188	0.7592262860	-56.6127446412
1.8621924277	0.5515967363	-57.5837767286
2.0325826557	-0.2995959823	-57.0873513808
2.8154481435	-0.8317818591	-56.7650164297
2.5164457535	-0.7690299094	-55.8128295974
1.8509510311	-0.0306472404	-55.9219525034
1.1015048857	0.6275870015	-55.9930732302
1.0025870053	0.2817996056	-56.9261575403
1.1223874255	1.2644566196	-57.0676957054
2.0085491839	1.6137064448	-57.3722312496
2.8386396404	1.9050822142	-57.8476784021
2.8659120368	0.9367358206	-57.5995625456
3.0614319571	-0.0336188205	-57.4574927338
2.4080439829	-0.2091756311	-58.1938784761
3.0096601986	0.2852068627	-58.8212889309
3.7060494275	0.4556269173	-58.1241526123
3.3681363982	1.2768936801	-58.5838652277
3.2991671835	2.2590440130	-58.7588622878
3.8930455927	2.6625151049	-58.0627879290
4.3093958971	1.7990165844	-58.3474328467
3.7796510484	1.6529825150	-57.5119423046
4.5042845816	0.9779553613	-57.6506671559
3.7604680932	0.7280376866	-57.0307653997
2.9942712868	1.1552029843	-56.5506901323
2.7588311206	2.0895055314	-56.8183591044
2.0191507347	1.7204702405	-56.2556105986
2.3583385346	1.0106816213	-55.6382357105
2.1527124396	1.9103669564	-55.2531588261
2.4481625545	1.2086994133	-54.6047979015
1.6536505623	1.5842031570	-54.1275687818
2.3499210035	2.2917348029	-54.2484258987
1.8762560075	2.9149511565	-54.8707142951
1.9792576265	3.5722761006	-55.6172493474
1.0849256182	3.6980251836	-56.0466179851
0.2697190301	3.6774007545	-55.4678150379
0.8520889623	3.1683227394	-54.8340289253
0.1463013416	2.4893853988	-54.6317718565
0.5551845494	1.7460712568	-54.1023395108
1.1928665085	2.5128377003	-54.0286445979
1.1385679987	2.1032484086	-54.9392972672
1.0022898695	1.6804919093	-55.8352354424
1.4298951120	1.1071605204	-55.1363471287
0.4392606625	1.0497331324	-55.0124702440
0.9764875020	0.6638059666	-54.2625052145
1.0760441757	0.0874839293	-55.0736410712
2.0467816227	0.2301980808	-54.8805051603
2.9106450162	0.1434919045	-55.3767128550
3.3402258277	1.0044514098	-55.1042994623
3.2804636372	1.9472396799	-54.7763074525
2.9402331187	2.8434806476	-55.0609042234
2.5294006547	2.6737822090	-55.9566827264
3.0550752367	1.8399129069	-55.7883728316
3.7924824428	1.8589152615	-56.4635539354
4.6329320887	1.3800347634	-56.7171635984
4.9341591505	0.5422227015	-56.2618250362
5.1852706072	1.3943240824	-55.8026232580
5.6376882863	1.7682816704	-56.6122367250
5.4960818591	0.9419130175	-57.1572710994
5.1893284701	1.7839842346	-57.6009133243
4.5116399751	2.3863830379	-57.1791859414
3.5800164320	2.7146617851	-57.0232672510
2.7582094369	3.2759112084	-56.9251227266
1.7917840289	3.2098688913	-56.6768077186
1.9492857007	3.6457429076	-57.5629268219
2.1202804210	2.6607683619	-57.5387204202
2.9110044983	3.0588133784	-58.0038178276
2.5034705623	2.9562788007	-58.9112332514
1.7616177444	2.5194896801	-59.4200256068
2.4828341497	1.8275024383	-59.3883940728
1.6005935828	1.3808438820	-59.2395729851
0.9806403784	2.0734996385	-58.8709457651
0.5407889053	2.8219145621	-58.3745529934
1.5268130811	2.9842733406	-58.4119154316
1.9906178765	2.0989571451	-58.4450868925
1.3957549927	1.3369544477	-58.1891766767
2.3120508909	1.0504121767	-58.4689897463
1.6125562406	0.3597741410	-58.6526370657
1.2287632506	-0.2394568618	-57.9500524474
0.7359328117	0.6297931883	-57.9110331090
0.1078759203	1.1238760075	-57.3098453604
0.3817815638	1.6798815670	-58.0945959681
1.1429389734	2.2068497154	-57.7165166532
1.3065446348	2.2707412369	-56.7320619508
1.4257804887	2.6697645066	-55.8229067158
0.4415787457	2.6101311129	-55.6562010248
-0.1206421189	1.7921302963	-55.5346182818
0.1487956311	1.0412160007	-56.1375536179
0.3000965890	1.9254688184	-56.5793736882
0.1099802410	2.4855137159	-57.3857268907
0.4536985867	3.0085605140	-56.6058039805
1.0094203289	3.1863578136	-57.4179378767
