-3.0688769967	2.0843947443	-90.1489704135
-3.4403217990	1.2793744234	-89.6864003736
-2.7553482458	0.5635731484	-89.5506072727
-3.3051428143	0.7996397644	-88.7493591930
-3.6834565998	1.4921008077	-88.1350495128
-4.2136552639	1.5470306609	-88.9811417582
-4.5123246137	0.7832665263	-88.4088997061
-3.8002661520	0.3964232295	-87.8229602802
-3.2534134016	0.0606843602	-87.0559977772
-2.5856142517	-0.6677936194	-86.9031444859
-1.6033497603	-0.7167729572	-87.0841347991
-2.0425071556	-0.2360315379	-87.8431001936
-2.9327589964	-0.1572380792	-88.2917016322
-2.1845730819	-0.4038910794	-88.9076400502
-1.3190594467	-0.7234713157	-88.5219528457
-1.3162613102	0.2628226174	-88.6869269286
-1.7059954160	0.9194101049	-89.3326824535
-2.2792739390	0.6285171118	-88.5666974656
-2.7518545575	0.7499803310	-87.6938204723
-3.0478731350	1.6357867863	-87.3364412261
-3.7791123021	1.0505856925	-86.9859715979
-4.5371620197	1.4845515731	-87.4728332211
-3.9005780341	2.2229890966	-87.2504127787
-3.8950397570	3.1453846466	-87.6366196881
-4.0351902819	2.4743281607	-88.3646588513
-3.3441934746	2.1335756225	-89.0021626708
-3.0014098149	2.9382065537	-89.4870012287
-3.4775485275	3.3641047352	-88.7176491212
-2.4917486369	3.2308621909	-88.6154483375
-1.9596076474	2.7115126841	-87.9467914321
-1.0952357805	2.4595772243	-88.3819808159
-1.8994727769	2.4082386201	-88.9740679727
-2.4390853026	1.6660227959	-89.3714770722
-2.6609998787	1.6140824525	-88.3977953369
-3.0112010372	2.4690231298	-88.0151263065
-2.6775840625	2.6133479534	-87.0835308688
-3.2728888569	3.3304839741	-86.7211386373
-2.5027432353	3.7975316449	-86.2866939403
-2.1126033878	3.4835369143	-87.1522563058
-1.1203164434	3.5871392692	-87.2203237143
-0.6763756852	3.0246259601	-86.5228315062
-0.5473029854	2.6982295026	-87.4592104843
-1.4454989342	2.5057438364	-87.0639974964
-1.9720925892	2.8704052391	-86.2960644368
-2.8840683129	2.5932013304	-85.9936437493
-3.3545204769	1.7649601450	-86.2980962089
-2.7886374639	0.9870637806	-86.5713244319
-2.2569395126	1.8298825407	-86.4879348279
-1.4098291329	1.3820820159	-86.7740793624
-0.9542022036	1.7169476270	-87.5988636517
-0.1545431207	1.8694087249	-88.1796398261
0.2636692390	1.6941316387	-87.2883618867
-0.4821754734	1.9528222961	-86.6745257452
-1.2281463197	2.1669545258	-86.0439110572
-2.0277516237	2.0966373951	-85.4475161721
-2.6286601127	1.3076285429	-85.5754771775
-3.3441136935	1.9327097660	-85.2633880265
-2.7695422825	2.5856810931	-84.7699347464
-2.3239134388	3.2751137369	-85.3409842743
-1.3494948957	3.0870298897	-85.4640004083
-1.4158527369	3.7833638067	-86.1786441748
-1.7384689260	4.4401214771	-86.8602512147
-2.6555537376	4.4081573932	-87.2576600039
-2.9809703727	3.6058494514	-87.7580658194
-3.2615025333	4.4494765782	-88.2158812603
-2.6488938340	4.2291175139	-88.9749283368
-2.1134988121	4.1342268249	-88.1356739489
-1.3330382147	3.5329751647	-88.3070731814
-1.4779239276	3.3414326034	-89.2778046466
-2.2765003141	3.6113092987	-89.8158030891
-2.0365542636	2.6619734974	-90.0187499523
-1.5507282295	1.7961474160	-89.8990910149
-0.8938481269	2.4006496679	-89.4484408644
-0.7937551292	1.4992364772	-89.0272097504
-1.6117690550	1.5385072628	-88.4533534768
-2.0219653053	1.6885244360	-87.5537791975
-1.6289580171	0.7773370202	-87.6774026774
-2.1192773038	0.3092908875	-86.9422021505
-1.1466044103	0.2394037603	-86.7207902455
-0.9690895557	-0.0145275435	-87.6715832668
-0.6364989904	0.8181627965	-88.1143137870
-0.4502429780	0.9039751989	-87.1355671756
-0.5863356634	0.9969973401	-86.1492479259
-1.1934262986	1.3326777076	-85.4289982112
-1.8101775723	0.7976679486	-86.0063909927
-1.1165797301	0.2251669540	-85.5691672005
-1.8334511481	-0.3052623938	-86.0216493294
-2.7493256095	0.0955492617	-86.0445401078
-3.5019744923	0.7081977138	-85.8033316223
-3.4967254728	0.9826104491	-84.8417339421
-2.8550765594	0.2275310707	-84.9764254567
-2.6781752686	0.6514903276	-84.0881887305
-2.4450430290	1.5171222331	-84.5312810043
-1.9159491032	0.7556771460	-84.9057953527
-1.0233531330	0.5466592623	-84.5063157435
-1.3816264438	1.4638246108	-84.3318223100
-1.7622725205	2.3788785754	-84.4651819974
-0.8900328339	2.2215865915	-84.9282771937
-0.2410544939	1.8919718474	-85.6139748200
-0.2062214553	1.0659342420	-85.0514372355
