-2.7175050456	0.8278385957	21.0031097010
-2.8209904327	-0.1648961266	20.9417212185
-2.1951590885	-0.7582121746	20.4354493590
-1.8479877461	0.1781396525	20.4875772299
-1.0897983011	-0.4345492052	20.7106492565
-0.5128186337	-1.0030024971	20.1241722166
-0.5819020075	-0.9330991904	19.1290134276
-0.8425767872	-0.5424940783	18.2461338743
-0.9747044866	0.1652226086	18.9401651144
-0.9390811461	0.5066466055	18.0009310477
-0.3391394290	1.0121361642	17.3808098966
-0.1165329104	1.1155538116	18.3502175137
-0.2595441060	1.0833943402	19.3394159601
0.3281063729	1.8357590937	19.0417345995
-0.1879135583	2.2842063175	19.7715417782
-0.8920122342	1.6277307459	20.0422535779
-1.2526110128	0.7410986528	19.7526813893
-0.7797126136	0.6486514394	20.6289351293
-1.5974756320	1.2008824760	20.7911218364
-2.3284039325	1.8312412474	20.5296038852
-2.3673244763	0.9788288179	20.0081844366
-1.8272528017	1.6794524738	19.5418700801
-1.8248457805	2.2394208671	18.7133596066
-1.2276657376	2.7805067878	18.1212430449
-1.6591664066	3.2465157888	18.8936696004
-1.2109337564	2.6330115820	19.5438234895
-2.1526490040	2.6520258966	19.8796967518
-2.7900778905	3.0001212475	19.1923001841
-3.6746902087	2.5405887493	19.2716155654
-3.2304631257	2.4885938685	20.1660197420
-3.3005696908	1.4917426716	20.2030705263
-2.8845167606	1.8133308327	19.3524936550
-2.8407714273	2.2154110059	18.4379348105
-2.2787181618	2.6694077728	17.7465716192
-1.5687579350	2.2458447347	17.1839431192
-1.9699599085	1.6221652434	17.8548088797
-0.9751276701	1.7215517304	17.8755728771
-0.1028919663	2.1815592726	18.0416991487
-0.3470574292	2.7568435134	18.8223599387
-0.8164587983	1.8776836686	18.9044594024
-1.4515442099	1.1283851398	18.7167941826
-2.0323621078	0.4453390974	19.1596244815
-2.5512995445	1.1085022623	18.6202558194
-3.1522089144	0.7370792478	19.3280360631
-2.7261384228	0.0012586498	19.8543743421
-3.5213423908	0.3885736403	20.3208909522
-4.2352545915	-0.2827099438	20.1216229935
-4.2263922829	0.5701042355	19.5994837063
-3.9717597866	1.5053645719	19.3536170863
-3.5260424448	1.4389312481	18.4609118355
-3.8112037942	0.4870948948	18.5735642270
-4.6824398984	0.2570374560	18.1399500834
-4.5888247897	1.2050040254	18.4442453261
-4.0760873082	1.0002085655	17.6104833129
-3.4608734317	0.8216636960	16.8426072710
-2.8139341831	0.9765388527	16.0959592318
-2.2948437439	1.4635765946	16.7983404346
-2.9989766193	1.5988124989	17.4954115530
-3.0484206089	0.6549652118	17.8220728310
-3.6663672498	-0.1091116720	17.6367934080
-4.0399335315	-0.5915975141	18.4290406203
-3.5793468427	-0.2795027643	19.2599779039
-2.8236595755	-0.0466848052	18.6478238774
-1.8704241549	-0.2568153508	18.4305972980
-1.9934571933	0.5644173775	17.8734261597
-1.4275753065	0.9715958356	17.1564998082
-1.6022968372	0.4846979679	16.3006944254
-0.9913794572	-0.3037400573	16.3724261142
-1.3369174136	-0.1656545215	17.3006156991
-0.7208580585	-0.9533371916	17.2954308864
-1.6146102262	-1.0950007233	17.7210345828
-1.9145233173	-1.9918590076	18.0461458800
-2.3280050774	-1.9125838978	18.9532006143
-2.4786506520	-1.7158239288	19.9220098966
-1.5254978354	-1.4233380814	19.8448623939
-1.4529665852	-0.4410081392	19.6723309404
-2.3168353833	-0.7873712582	19.3065943009
-1.5776033575	-1.1857072017	18.7635800394
-1.2559217581	-2.1081593489	18.9771285929
-0.7709360263	-1.6607002731	18.2257503822
-1.0965804660	-1.9824314585	17.3366807881
-1.4855454357	-1.3317434249	16.6845218080
-2.0676471454	-0.5245696084	16.5863992843
-2.6224888015	-1.2809664920	16.2399682071
-2.5508713882	-1.2072609930	17.2346734124
-2.5198795150	-0.2886744103	17.6286761965
-2.4831229236	0.4123799809	16.9165163173
-3.1257984980	-0.3221485111	16.6987182443
-3.6553301498	-1.1692073420	16.7444081423
-3.1834476985	-2.0344773823	16.9136260775
-2.8041179438	-2.4301423056	16.0772301153
-1.8739825231	-2.0773959072	15.9751611305
-2.0953933017	-2.1608081265	16.9467678765
-2.5972804253	-2.8648363908	17.4492154043
-2.5895382002	-2.8289099948	18.4485398521
-2.9884900507	-2.0112703075	18.0334461725
-3.4238956047	-1.1448231828	17.7891279709
-2.5707861011	-1.0903609154	18.3080094953
-3.2235460829	-1.2819330528	19.0409518683
-3.2209208640	-0.9832430448	19.9952984444
