-3.9068146115	-0.4706539599	-101.1494006925
-4.5671056079	-0.8250754956	-101.8115193941
-3.6370517559	-1.1456578155	-101.9910376620
-3.5245197092	-1.7093362777	-102.8093304762
-2.7686028775	-2.3371204033	-102.9950098646
-1.9431814681	-1.8723745297	-102.6745558588
-2.7320079512	-1.6048934436	-102.1211964385
-2.7440530050	-1.5051832459	-101.1262528254
-2.6287444405	-0.5757791256	-100.7756648676
-2.6074615416	-0.5920273808	-101.7753063195
-1.8295966067	-1.2198112940	-101.7467843750
-0.9784882447	-0.7006262159	-101.8246394388
-1.4913849802	-0.5486096200	-100.9797560781
-1.9143903043	0.3429498628	-100.8179284399
-1.0250842938	0.4200180747	-101.2687003449
-1.6645596817	1.1662167285	-101.4537916668
-2.2633165014	1.1038826757	-102.2522932240
-3.1914210387	1.1209717788	-102.6242205428
-3.6780829935	1.0065449559	-101.7581566630
-2.8416116048	0.4718658162	-101.6380157735
-2.6198098547	0.1715800198	-102.5657185406
-1.7174949480	0.2880180879	-102.9807727364
-1.7048756262	0.0356857657	-102.0132143910
-2.0346453347	-0.6770563573	-102.6322867659
-3.0187710892	-0.7259278693	-102.8028976527
-2.6576041324	-1.3082814757	-103.5311988997
-1.6608376207	-1.2283856114	-103.5226448408
-0.9581858547	-1.9396265395	-103.5022282280
-1.0426748970	-1.3397117762	-102.7066379575
-0.9348154150	-0.3523963142	-102.8231476601
-0.5782176567	-0.8431143767	-103.6181532085
-1.0860741038	-0.9807632615	-104.4685264287
-1.6861440479	-1.7805387357	-104.4519356791
-1.9360410739	-2.3180525943	-103.6465597866
-2.7934141023	-2.1820845375	-104.1429710855
-3.7226954087	-2.1307619023	-103.7771811995
-4.2682507067	-1.8616538029	-104.5708752512
-4.6842664963	-1.2549086827	-105.2482165403
-3.7009601196	-1.1280550760	-105.3786647372
-3.3324376662	-1.2998808722	-104.4650635676
-3.4165302726	-0.5828032201	-103.7731617867
-3.4259612846	0.2276767556	-103.1874713693
-4.2016569155	0.6751696865	-102.7424473643
-4.5136392605	0.2921947905	-101.8729663436
-3.6179472827	-0.0556316976	-102.1500089670
-4.1072662726	-0.6039200430	-102.8282027567
-4.2239294777	-1.2339095389	-103.5959936994
-4.9396319839	-1.9295505707	-103.6580700824
-5.1332551906	-1.1218235819	-104.2149247899
-5.3699874884	-0.1892717625	-103.9423354957
-4.8990248862	0.0222277626	-104.7987595602
-4.1791564819	-0.6231929642	-104.5433744276
-4.2983560980	0.0096984170	-103.7783646557
-3.9433514980	0.4931208616	-104.5785361836
-3.9380878358	-0.0338827706	-105.4283829142
-3.1846076671	-0.2728089132	-104.8158619482
-2.8122177446	-0.2464782157	-105.7435647239
-1.8411236714	-0.2730080751	-105.5063465384
-1.0306245316	0.1567495348	-105.9043409366
-0.8088357966	-0.7273239911	-105.4929727829
-1.6029491945	-1.3264708900	-105.3909585453
-2.5882922840	-1.2129466835	-105.2636351360
-2.2365886046	-0.8615327925	-104.3959872817
-2.4198312062	-0.2025397833	-103.6665009126
-1.4527563019	-0.2018719984	-103.9209919409
-1.1006287327	0.1279742866	-104.7968958187
-0.5547800001	0.8312212023	-104.3413818927
-0.7615069357	0.6140537108	-103.3873890967
-0.4357505704	1.4626123626	-102.9704586410
-0.9996679451	1.5850983265	-103.7871558818
-1.6304081798	0.8295167217	-103.9639698940
-2.4250159753	1.0179303862	-103.3868228222
-2.3594873502	1.9236594542	-102.9680617272
-1.4153135872	2.2509374693	-103.0058109814
-1.4945647209	1.2601680633	-102.8958326113
-0.9081620624	0.6911910799	-102.3192937015
-0.9842583121	1.6560170755	-102.0676587296
-1.8781370670	2.1015589650	-102.0179274890
-2.6023619656	1.7118362715	-101.4490562219
-3.0028107678	2.2785260468	-102.1691280624
-3.5386350607	2.0437683155	-102.9801651359
-4.4414406264	1.6369809758	-103.1196863562
-3.7410482722	1.1387001296	-103.6307311178
-3.0533305269	0.5838658989	-104.0989226164
-2.4324136532	1.1913113460	-104.5943741930
-2.2010473261	0.2200322314	-104.6499305083
-2.0919645292	0.7834918867	-105.4688408576
-3.0798425175	0.7297676458	-105.3232016244
-2.9196058967	1.6826259135	-105.5808551650
-2.1739120026	2.1076972036	-105.0677713368
-1.4353368122	1.5145371402	-104.7473531300
-1.9463749931	1.9112095654	-103.9847975814
-2.9437028222	1.8893296936	-103.9150948371
-3.4998263192	1.4999196146	-104.6493199023
-3.9909625334	2.1390998408	-104.0575143113
-4.5991229110	1.3647565650	-104.2322525335
-5.0322981928	0.7751779106	-103.5505222456
-4.9942987800	-0.0012230446	-102.9214295644
-5.1874747492	-0.9640295523	-103.1103387320
-4.5926546477	-1.5734179480	-102.5860918150
