1.1675745282	-4.2890755439	226.5921465346
0.9350879815	-3.3177971223	226.6428242749
1.6446785123	-2.7970800291	226.1681296495
0.7920430157	-2.3021512714	226.3356355737
-0.1045919867	-2.0359250302	226.6894282547
-0.7871951922	-2.3602595874	227.3443022569
-0.2849287783	-3.0234086681	227.8992452688
-1.0678729158	-3.6203213302	227.7240489460
-0.3336273447	-4.1083584113	228.1959633967
-0.3781467153	-5.0352124850	227.8231906085
-0.5869355464	-4.3416123338	227.1337516669
-0.8061676455	-4.6648575844	226.2131813031
-0.3100640336	-4.7777154295	225.3522839149
0.6527975918	-4.6398857228	225.5844486456
0.2236947998	-3.8236168046	225.1976982778
1.0147525776	-3.6278705512	224.6181199859
1.2017105501	-3.6199925460	225.6004563100
0.9980725768	-2.7003926178	225.2644986521
0.4720247487	-2.6886464276	224.4141247875
-0.0246063207	-3.5237958990	224.1777290573
-0.7145978638	-3.9760313304	224.7428792896
-1.2995408585	-3.1905408105	224.9449840550
-0.3411827089	-2.9386699780	225.0795602074
0.2103981027	-3.0665212134	225.9038251344
0.1417104117	-3.9832903224	226.2972922892
0.3027261132	-4.8795024593	226.7106659090
0.6485091357	-4.6800194260	227.6275304687
0.3130431231	-3.7680131694	227.3915068631
-0.2602249208	-3.1562394437	226.8464411255
-1.2545571015	-3.2402703782	226.7813080573
-1.6454016315	-4.1467796182	226.6216786391
-1.6127421427	-4.0407996127	225.6278468645
-0.7265592090	-3.6337186827	225.8491270590
-0.7854807816	-2.6463450487	225.9961697576
-1.0242576796	-2.1272693305	225.1754712796
-0.3202565264	-1.9185707114	224.4966286891
0.2462435123	-1.1252284107	224.2737257953
0.7369069403	-1.7634411093	224.8669660096
0.0787723543	-2.0695503982	225.5548293462
-0.3033505086	-1.1800519467	225.3042807036
0.5846714304	-0.7372339635	225.1804692760
1.5371635434	-1.0111263652	225.0472712020
1.4982888376	-1.8184386932	225.6361137636
0.7312599801	-1.3126551432	226.0308918433
-0.1240843377	-0.9817611562	226.4295085355
-0.8384746303	-1.6017283941	226.1050287460
-1.1701450944	-1.4754649914	227.0399363652
-1.6418656411	-2.2371695684	226.5957676325
-1.8053153701	-2.9355775170	225.8989817806
-2.2736318036	-3.2203115919	226.7354064482
-2.1322993957	-3.7436882580	227.5757052141
-1.5430670117	-4.5351501578	227.7381652365
-1.3510605711	-4.1378358829	228.6355363379
-1.4149996206	-3.1411528728	228.5851897851
-1.7173379540	-2.7819411243	227.7022637112
-2.0286615309	-1.8474461128	227.5296464935
-2.1959473935	-1.0821574847	226.9080769029
-1.8857460941	-1.3952054121	226.0104265540
-1.3438583007	-0.6573766187	226.4128769125
-1.0273470374	-0.4445705809	227.3372871085
-1.7202552205	-0.8547674287	227.9302599543
-1.6815807840	-1.0859865598	228.9023926620
-1.6689605072	-2.0332255582	228.5821130834
-0.9642013947	-1.5628117559	228.0510524014
-0.6212977489	-2.3192790098	228.6079854166
-1.0413876725	-2.6688203618	229.4454490273
-0.8950370202	-1.6806156418	229.4003611360
-0.0721384247	-2.2198612790	229.5793919836
-0.0168015932	-3.1535796640	229.9330978113
0.5682052083	-3.7519990137	229.3856845085
0.6489268785	-3.6999345845	228.3903085458
1.3959303764	-4.2700838308	228.7322377945
1.5922250708	-3.4647138639	229.2915656138
0.9614784399	-2.7578951000	229.6118247630
1.0590127158	-1.7638357617	229.6601269042
0.5125027398	-1.7282691551	228.8234299084
-0.2022535830	-1.0740302216	228.5762562513
-0.9297427134	-0.3925863231	228.4962951458
-0.7987822532	-0.6376112534	229.4569262620
0.0927734507	-1.0660832240	229.6036920527
0.8351150051	-0.6944104529	229.0462080907
0.7685879081	-0.9585929265	228.0840325527
1.6025643256	-1.3869257688	227.7361614397
1.5739486805	-1.4155552793	228.7353418518
1.7346437301	-2.3736964162	228.9722862819
2.1428664274	-2.3085069253	228.0617344933
1.6522888643	-3.1614725983	228.2400129699
1.3603809113	-3.8259673576	227.5520911271
2.0036368819	-3.5449105080	226.8398911527
1.5989347770	-2.7179962450	227.2303127298
1.6143226333	-1.8282093127	226.7741960463
0.7254352072	-1.5157001383	227.1091843441
-0.1091520783	-1.0850490319	227.4527009921
0.0657135273	-1.9586634292	227.9068154103
0.5252632198	-2.6600688547	227.3619810234
1.0774022838	-2.2722667543	228.1000541803
0.4036067055	-2.7515189473	228.6624747117
-0.3600718445	-3.3434115676	228.9202695881
-0.3826168868	-4.2878286918	229.2482452223
0.3977030300	-4.6945296304	228.7731713607
