0.5868943366	-2.4316642918	-7.5380465206
0.4927584020	-3.2545092644	-6.9776318735
0.3606632800	-4.1115186500	-7.4757139869
-0.0309691631	-4.8148881498	-8.0689216877
0.7867518472	-4.4103160550	-8.4783771423
0.0359711219	-3.7979678652	-8.7260826064
-0.4173575936	-3.8063179922	-9.6173869041
-0.2471770948	-3.4675854582	-10.5427510855
-1.2408903076	-3.3905729714	-10.6240107158
-1.8218847226	-4.1778824260	-10.8303824982
-2.4994732956	-3.5041152106	-11.1251900035
-2.8632402206	-2.6131304222	-11.3968878707
-2.2366579310	-1.9916213605	-11.8671230466
-1.3578879845	-2.3332343091	-12.2003856676
-0.8125187186	-2.0266662328	-11.4202649215
-0.6390049499	-3.0087370091	-11.4939532010
-1.0980523278	-3.8881408200	-11.6201452847
-1.8389661214	-3.3281337601	-11.9908727363
-1.7326238870	-2.6869103308	-11.2309228413
-1.7036187499	-1.7431196779	-10.9016540978
-1.5163316533	-1.1787150147	-11.7056260623
-0.5412387215	-1.0130348524	-11.8530840502
0.1454635131	-1.5934143188	-11.4153630020
0.3134364314	-2.5327727016	-11.7143461574
-0.0494338341	-2.4742777632	-10.7843442689
-0.6671888938	-1.7853430063	-10.4052036791
-0.9090321367	-1.6443668059	-9.4451841184
-1.3783807184	-2.2977439360	-8.8512058068
-2.1997751253	-2.0745287004	-8.3263380264
-2.9847734720	-1.7484023955	-8.8530440441
-3.3846423092	-2.3355636913	-9.5568526301
-3.2950238363	-2.1530045561	-10.5359546123
-2.4298651318	-2.6411479776	-10.4209919398
-3.2475281633	-3.2098708318	-10.3316527991
-2.4034114444	-3.6501148895	-10.0256264368
-2.9510777060	-3.3343518993	-9.2508003919
-2.3697324546	-2.5250211895	-9.3345947875
-2.0519654878	-3.1957355117	-8.6643959717
-2.0149827184	-4.1419521520	-8.9858090151
-1.1223661935	-3.7467675486	-8.7688646243
-1.0595330566	-2.9799301109	-8.1301061871
-0.4980630367	-2.9136116069	-8.9549414875
0.2501541568	-2.9339281933	-9.6180842079
-0.6668305553	-2.6851163981	-9.9299042334
-1.5686467077	-2.2563561458	-9.9836840935
-1.5288432043	-3.1572356444	-9.5514436395
-1.4251049406	-4.1018567197	-9.8627785023
-2.1872186864	-4.7384481346	-9.9808209052
-1.3514156788	-5.1970167443	-10.2827284451
-1.4241742374	-5.0475601087	-9.2966407684
-0.5735777754	-4.6458022059	-8.9574118688
-0.4277074963	-4.8698863852	-9.9210031422
-0.7442199429	-4.3921164948	-10.7404882263
0.2493236662	-4.4768090653	-10.6650013714
-0.0211289372	-3.9414974265	-11.4651868741
0.6734223939	-3.3307198263	-11.0849906464
0.7650176175	-3.6934400277	-10.1576048742
0.4615071387	-4.4174904586	-9.5382242459
0.4357934758	-5.2582241608	-8.9973863315
-0.4304571983	-5.6926407340	-9.2441493973
-0.9159609638	-5.5021837422	-8.3909130713
-1.3918315622	-4.6383020012	-8.2258206391
-0.7575288518	-4.0448317571	-7.7303883623
-1.7062290149	-3.7331431297	-7.7834750851
-1.1525004041	-3.2972641590	-7.0739723377
-0.4218425402	-2.6175312317	-7.1380210179
-0.0822258934	-3.2024885404	-7.8745571542
0.4646156868	-2.7467343230	-8.5768764402
0.9916448571	-3.4390352337	-8.0839670136
1.0492110594	-3.5198952751	-9.0790287132
1.5748732693	-3.0037271565	-9.7552311344
0.9392538573	-2.5523913225	-10.3815568708
0.4229664033	-1.7158677287	-10.1980479011
0.9090071597	-0.8501104601	-10.3173321624
1.5005004950	-1.5826461839	-9.9803944119
0.9698548679	-2.1655774787	-9.3650844705
0.0155596864	-1.9522159243	-9.1558058197
-0.3232743530	-1.1281945029	-8.7017351305
-0.9330248498	-0.5116849196	-9.1998518490
-1.8584639811	-0.3965063528	-9.5608176535
-1.4365738774	-1.0871333642	-10.1482213235
-2.0141292477	-0.6288959685	-10.8238308879
-2.6736474030	-1.3369987861	-11.0760732366
-2.5035914033	-1.5809059283	-10.1213008747
-1.9748122259	-1.4924295982	-9.2771655060
-1.4110036497	-1.2411432654	-8.4904158201
-0.8575786592	-1.0633951387	-7.6767043336
-1.2257681557	-1.9928765407	-7.6990832973
-0.3716630447	-2.1636997362	-8.1903305826
0.1093934101	-1.4790454376	-7.6427603327
0.6062627939	-0.7998680534	-8.1829814877
0.8613896559	-1.7413264112	-8.4033594467
1.4700364022	-2.5315314877	-8.4749490771
1.9697314273	-1.8455582688	-9.0038589227
1.5090765714	-0.9723889357	-8.8445716991
0.6194459896	-1.0617893074	-9.2924165399
-0.2169928073	-0.9457116381	-9.8280433817
-0.4807101919	-0.8489361015	-10.7877764886
-1.0180199892	-0.1303461114	-10.3462715533
-1.1625721755	-0.1450282357	-11.3356597990
