0.7077815269	-2.4896625839	-213.5105562225
0.1422354755	-2.8522212976	-214.2513050617
-0.3428673368	-2.1677460665	-213.7070910234
0.3355815948	-1.7938945026	-214.3395007445
-0.4707143946	-2.1286860460	-214.8271495934
-1.2494102485	-1.9763297630	-214.2185279291
-0.9142372694	-2.9184788091	-214.2147531568
-0.5041258261	-3.2992122453	-213.3859886218
-0.7095236774	-2.6118007760	-212.6893702223
-0.0154651292	-1.8921549292	-212.6695564195
0.4155944044	-1.3127401960	-213.3612689649
-0.4662387200	-1.0990906980	-213.7816547790
-1.0413722106	-1.6318864603	-213.1608890071
-1.0348638609	-1.6601033138	-212.1613083697
-1.5998956561	-2.3096064100	-211.6525011387
-1.6576025512	-3.3061992166	-211.7114306911
-1.4178514872	-3.4907934217	-212.6645541914
-1.4977141960	-3.7112667414	-213.6366722207
-2.4919358774	-3.6541818427	-213.5457625815
-2.9308831739	-3.3482615050	-214.3905927525
-2.3669979687	-3.0579435880	-215.1637350308
-3.0902652199	-2.4056125085	-215.3903374275
-3.8732920308	-2.4036612448	-214.7683525355
-3.9586507891	-1.6513230608	-215.4215761873
-3.1640076683	-1.4443494042	-214.8508711707
-2.8613899721	-2.2686919729	-214.3724551808
-2.0722269695	-1.9708837778	-214.9096069603
-1.9881845010	-2.2855730427	-215.8550737921
-1.3172051744	-2.6663249928	-215.2188232944
-0.4761115452	-3.1988823623	-215.1242497512
-0.7558485688	-3.9400366630	-214.5139731744
-1.7118206366	-3.7055182117	-214.6903775442
-1.9525759004	-2.8549069865	-214.2229404399
-1.4879184368	-2.6603794794	-213.3590813712
-1.8715356338	-2.0450576945	-212.6704472541
-2.6337124225	-1.3997100813	-212.7215647746
-2.1260114407	-1.3898758987	-211.8600875539
-2.6954374622	-2.2083700577	-211.9363851131
-2.3378931734	-2.9415183586	-212.5148794091
-2.5897839603	-2.5482562209	-213.3991281991
-2.1448881852	-1.7293874756	-213.7617874430
-1.6438361241	-0.8642687210	-213.7390636119
-1.9169063621	0.0177743809	-214.1230331570
-0.9453171293	-0.2160981668	-214.1593373466
-1.1956586229	0.4681725026	-214.8442481347
-2.0127018380	0.8789647660	-215.2488344680
-2.6490536757	0.3966621786	-215.8508648267
-2.4336484538	-0.4220412923	-216.3831478502
-2.2119815973	-1.3052211272	-216.7964965938
-1.4116831521	-0.8488979039	-216.4075344950
-1.1106979260	-1.7769936985	-216.6267286777
-0.1539700310	-1.8143850181	-216.9153003744
-0.5602727977	-0.9204041627	-217.1042879192
-0.3944011056	-1.0487267064	-216.1265252146
-0.9204051764	-0.4708021620	-215.5025677333
-1.4331722898	0.2265304989	-216.0033641465
-1.9241666159	-0.2381955298	-215.2665098257
-2.3259317487	-0.8639758187	-214.5979413490
-1.3492244051	-1.0487692782	-214.7070016173
-0.3546331407	-1.0353286966	-214.8099946638
0.2723275885	-1.5287757430	-215.4128464337
-0.3544128112	-2.1638737528	-215.8643406079
-1.1552011124	-1.6417505155	-215.5708692776
-2.0443532186	-1.1859149111	-215.6111487238
-2.9099138485	-1.5292248616	-215.9757623189
-3.5681948331	-0.8135126052	-216.2090477909
-2.9573753175	-0.6034217108	-215.4456597275
-2.7829360610	0.1355907290	-214.7949435378
-2.5980891404	0.9957908445	-214.3196674315
-1.6329630509	1.2545551019	-214.2800102700
-1.2291379470	0.6935201551	-213.5574003656
-2.1878745058	0.8273187669	-213.3065575018
-2.1394048694	-0.1469317852	-213.0863608712
-1.6411175683	-0.9005674764	-212.6577083191
-1.0357450886	-0.2317692484	-213.0892556409
-0.4373211230	-0.9098004459	-212.6624507058
-0.9806956926	-0.4380294980	-211.9680615858
-1.5696974482	0.3051782669	-212.2854243908
-2.1370772327	-0.3123129419	-211.7406448142
-2.8783534843	-0.3826659173	-212.4081476064
-3.1775873737	0.4627930769	-212.8504802513
-2.9239470018	0.1398377261	-213.7622732120
-2.7319187438	-0.8312899896	-213.6207242525
-3.2668908376	-1.6761524886	-213.6172290146
-3.3953472500	-2.2158242000	-212.7852113501
-3.7868902581	-1.2957830935	-212.7704317978
-3.7221205949	-0.4479779887	-213.2967695173
-3.5269479826	-0.5980011384	-214.2659963772
-4.0945753797	-1.4209747423	-214.2433339566
-4.3010111872	-2.0404720632	-213.4859652704
-3.6470511338	-2.7330361602	-213.7904175986
-3.3345436248	-3.2873379112	-213.0189977223
-2.8804612971	-3.8581881062	-212.3349368372
-2.7511140114	-3.2486460902	-211.5528065345
-3.6017839719	-2.9312927416	-211.9719097085
-3.7087212392	-2.0099924236	-211.5980512527
-3.1619576376	-1.1990284368	-211.8063466585
-3.8812277617	-0.5193861729	-211.9503497198
-4.4657550744	-1.3307278515	-211.9575954953
-4.4000580741	-2.2260185178	-212.3982070328
