1.3889558191	-0.6847307347	-45.0906640221
1.6827400217	-1.6382347382	-45.1579020899
2.3012916722	-1.0928500311	-44.5922614116
3.2176565050	-0.7494851187	-44.7981158017
4.0522631810	-1.1559400321	-44.4263280939
3.4303862689	-0.8278650602	-43.7152472834
3.1176086988	-0.3030326759	-42.9235900597
2.2117267663	0.0987807327	-43.0574702637
2.0211807607	-0.7268945821	-42.5264782729
2.1027686840	-0.2583100115	-41.6468352141
2.2295733494	-0.5515779569	-40.6992517143
2.4996932851	-1.4170006868	-41.1212454571
3.0437295452	-2.1854297845	-40.7842866027
3.5135696507	-2.7260532113	-41.4821236794
3.2162280780	-1.8429562454	-41.8450668400
2.9507754840	-0.8911366908	-41.9986065936
2.9671015546	-1.3765468840	-42.8727406816
3.9242126778	-1.2218833022	-42.6277560407
3.9110509423	-2.2192066313	-42.5558328453
3.5572045980	-3.1516407309	-42.4826248228
3.8498858943	-2.8885681973	-43.4019346187
3.6555266399	-1.9184488675	-43.5471687958
3.1787626551	-1.7261956006	-44.4049186335
3.0564970091	-2.6303167824	-43.9955093023
2.6591178339	-3.2965299894	-44.6265796264
1.9321988575	-3.9239168670	-44.9058187844
2.2305331400	-4.0906710681	-43.9660370585
3.0768828709	-3.6404117995	-43.6815045928
3.7249518666	-3.3957584715	-44.4027197659
3.9914123970	-2.4372711600	-44.5042129150
3.2434879858	-2.5563115144	-45.1572354790
3.7084196719	-1.6898796941	-45.3392641251
2.7208248114	-1.6287317265	-45.4838923297
2.2079425169	-2.4789535774	-45.6025285645
2.2845484529	-2.2862887789	-44.6242587623
1.4288492852	-2.7485955578	-44.8567482816
0.7983539738	-2.0001046116	-44.6512319422
1.3479358417	-1.3151942855	-44.1728412905
1.5336599697	-2.2538492106	-43.8822668940
2.4076492046	-1.8223315840	-43.6588046932
2.3352059530	-0.8303464816	-43.5552791798
2.6878238242	-0.0510129749	-44.0732559382
1.7048907693	-0.2101400187	-44.1655662497
1.2756223012	-0.4505247340	-43.2949665880
0.9466077894	-0.9897251208	-42.5197166967
1.5801030303	-1.4706442825	-43.1258524403
1.8459724455	-2.4018228807	-42.8764133248
1.5621278188	-3.0800287105	-42.1985718386
1.2060543484	-3.1983638732	-43.1255068272
1.3612807943	-3.4533000349	-44.0799240860
2.1713639120	-3.0208454800	-43.6840094482
2.5143303845	-3.3717392754	-42.8126613300
2.8929796675	-2.4519566418	-42.9157371632
2.5467870338	-2.6836964852	-42.0066456908
2.2980694856	-2.9862814169	-41.0865468155
1.7399350606	-2.1776364806	-41.2725019999
1.5479951274	-1.2321562700	-41.5356107861
2.1690318980	-1.7053160694	-42.1604572743
1.2069809845	-1.9744164017	-42.2056573954
0.6449194192	-2.6909254988	-41.7924970021
0.2788326240	-2.9402268101	-40.8959317147
1.2119574688	-3.2481350140	-41.0815942091
1.4075995087	-4.0338671489	-41.6684069599
0.6942619328	-3.7533192499	-42.3106237295
0.1436571147	-3.7750383541	-43.1451071714
0.2292718965	-3.6912991476	-44.1379102004
0.5847152228	-2.7861367827	-43.9047983499
0.7725458385	-2.1191337838	-43.1838082950
0.1973883417	-2.8015182421	-42.7326483401
-0.5962377782	-2.6168170024	-42.1529561511
-0.2431770631	-2.1202530434	-41.3600044716
0.6893887319	-1.8930866049	-41.0794399563
1.1352546989	-2.3857743398	-40.3321365806
2.1280756108	-2.3415703530	-40.2209941291
2.5527428615	-1.4525083158	-40.0500367655
1.6278051364	-1.3720586896	-40.4215445884
0.9339556000	-0.7565214347	-40.7952914394
0.9855031307	-0.3305174367	-41.6985430354
0.3162450129	-1.0734010355	-41.6837941227
0.1895204702	-1.8290507844	-42.3263938016
-0.7288226431	-1.4934442044	-42.1165983064
-0.2592501626	-0.9624455337	-42.8219649468
0.4598094279	-1.1371263061	-43.4946015003
0.0072344297	-1.9004166169	-43.9556478890
-0.1846938589	-1.6726728598	-44.9102663013
0.3884761076	-0.9364269042	-44.5505190534
-0.4685788572	-0.9663277205	-44.0361624373
-1.0589202138	-1.7725173639	-43.9967246196
-1.2186149527	-1.3164968510	-43.1212002726
-0.5247575378	-2.0350346704	-43.0736052115
-0.4567733866	-2.8980675417	-43.5741573249
-0.4178972854	-2.6749457841	-44.5481723813
0.3417104731	-2.8157318408	-45.1831332772
0.9409304537	-2.2390613670	-45.7384589290
1.3003687419	-3.1700852751	-45.8016934093
0.8671121988	-3.7103674732	-45.0803170067
1.0580535417	-4.4549712567	-44.4407025844
0.3195005210	-4.7755467219	-43.8475998895
1.0456816103	-4.2454561492	-43.4098042633
1.7626207593	-4.0757765070	-42.7336333711
