4.8389817367	0.9555577165	-176.9371000070
4.5688024648	1.3577067857	-177.8119024346
3.6378844231	1.6479988432	-178.0335375421
2.7626445575	1.6615919115	-178.5170356354
2.7865067147	1.0761458022	-177.7066755608
3.0082073669	1.8674031075	-177.1367977690
3.3074226020	2.7318913074	-176.7329037292
4.0701215860	2.1909623814	-177.0874261642
3.6836390992	1.9089146119	-176.2093143586
3.3308245377	1.3724692348	-175.4426669543
3.0252929375	1.0824382097	-176.3496026995
2.3150565903	0.3801896287	-176.3987072970
3.0430334438	0.2818954662	-177.0772262417
2.8032181638	-0.0096400650	-178.0032368602
3.2128988171	0.6561769249	-178.6268148412
3.8153854083	0.5194984408	-177.8404759197
3.7911982326	1.1267111454	-177.0463048349
4.0604328304	0.9111856775	-176.1076560699
4.0558663511	0.1207010534	-176.7201209312
4.1419135966	-0.5818194021	-176.0136785194
4.2872866031	-0.9550639186	-176.9299509788
3.6327842488	-0.5724001507	-177.5820208439
3.2482362829	-0.6665951949	-176.6637343115
3.2677615911	0.0571212627	-175.9739131381
3.9167837918	0.3047137003	-175.2545605349
4.0618120198	1.1495694645	-174.7395988366
3.2247985237	1.5780182571	-174.3992460206
3.1430537893	0.5904692947	-174.5336515458
2.8283288230	-0.2222606734	-175.0239761265
2.0741201195	-0.8626451678	-174.8787971646
1.2998467176	-0.8379025017	-175.5111645416
1.7747371202	0.0421389785	-175.5136340514
2.3816912779	-0.6166204853	-175.9582042025
3.2189267455	-1.0426274200	-175.6153414554
3.6451376540	-1.5767751166	-176.3454308333
3.5164102297	-1.6154870689	-177.3363549651
2.7491510752	-1.1838652958	-177.8107135161
2.3757308399	-2.0821785452	-177.5792170067
2.9824615862	-2.3965903210	-176.8491327399
2.5804960507	-1.4954648563	-176.6866624189
1.6290825967	-1.4168433873	-176.3889526541
1.6758045970	-1.2998248462	-177.3809827522
1.7909556184	-0.5750099184	-178.0602349608
0.9901050561	-0.4249115820	-177.4804859925
0.6680089137	-0.8958371955	-176.6592167665
1.4985360891	-0.3502648161	-176.5470767216
2.3128907096	-0.5004045731	-177.1076876433
1.8990255887	0.3473245300	-177.4394571858
0.9579219380	0.6601050132	-177.3110348827
1.2171283763	0.6266132845	-176.3457938111
0.8191896176	0.4844952862	-175.4394565566
1.5893124143	0.9241560216	-174.9772776780
2.4926376272	0.7429899400	-175.3660995015
1.9077633276	1.3093327020	-175.9467697433
0.9558761422	1.5182055502	-175.7225312109
0.1767828034	1.0813092671	-176.1721257030
-0.0943876809	1.1568131633	-175.2125603169
0.6486086891	1.1272511533	-174.5439180495
1.2663073573	0.6475742077	-173.9207339810
1.2555717457	-0.0937186065	-174.5918298835
2.1724227427	0.1864535098	-174.3074220169
2.6938486229	0.5531675048	-173.5369443097
2.7386225081	1.5440415805	-173.4098071188
2.2143832694	1.2734868914	-174.2172558050
2.4019002580	1.7632252490	-175.0687214357
2.4317332252	2.2863753928	-174.2170032187
1.8579532756	2.3424453468	-173.3999152615
1.2403624001	1.7181479099	-173.8782814609
1.4020030030	1.9748416696	-174.8311616367
1.6933510188	2.2684797486	-175.7415972534
0.9129433769	2.7897909619	-175.3963458503
0.1445334879	2.1742350030	-175.5713804294
0.3601899742	2.1666184042	-174.5949408422
1.0107481905	2.8838588314	-174.3452606933
1.4439325641	3.7187308196	-174.6848782161
1.9783987144	3.2580221615	-173.9762926769
2.7551869397	2.9187368101	-173.4457406028
3.5197553487	2.5127609321	-173.9463589550
4.2417131223	2.2292743976	-174.5775580977
4.4177458270	1.8531143624	-175.4872372251
4.0498780820	2.7747951182	-175.6104358718
3.2710632977	2.3910660570	-175.1142508869
2.9178276269	3.1735755206	-174.6015097239
2.0393908384	2.8685595580	-174.9693603339
1.7646730790	3.3827281266	-175.7818631558
2.6882127591	3.0024129511	-175.8312071173
2.6743014469	2.0352450785	-176.0849644455
2.0334330733	2.4482159880	-176.7320678033
2.1754815704	2.2690912901	-177.7055854287
1.1952067569	2.3741545172	-177.5381846870
0.7015996890	1.5981665769	-177.9308611174
0.0768622663	1.2253732091	-177.2447647265
0.0212991787	2.0728078379	-176.7167805476
0.8933748639	2.4511049451	-176.4063368360
1.1953598338	1.5963369416	-176.8284467012
2.1464996610	1.3080045537	-176.9388888274
1.7054895784	1.3226975135	-177.8362706993
2.1033715369	0.7036324505	-178.5133588729
1.2691446820	1.1660209763	-178.8137958975
1.1078596785	0.3233392229	-178.3001086286
