-1.7239316941	4.2714370684	205.8299335291
-1.3531004260	3.7747035134	205.0452425415
-0.4496546429	4.1343801683	205.2785201038
-0.7268802282	4.3441531574	204.3408947693
-1.2036985287	3.6095629407	203.8581717413
-0.5796732194	3.2234253371	204.5375024152
0.2434948919	3.7905851581	204.5105952050
0.0122324848	3.3062593228	203.6668261701
0.0747816317	4.3023188469	203.6039530544
0.2572782230	4.8516530089	204.4193835987
1.1216732302	4.3839464047	204.6039690903
1.0755895663	3.8379228420	203.7674677066
0.8225441986	3.3624297294	202.9249272971
1.8127982380	3.4511810028	203.0322592542
1.6265633599	2.4749476897	203.1430973723
0.9500740572	2.7987807696	203.8045309364
1.3217062918	2.3094360523	204.5934740457
1.1558155756	3.2789898733	204.7736008305
0.3291787440	2.7217841109	204.6949033914
0.8281533918	2.6099828441	205.5542780347
0.4524964697	1.9684116115	206.2230591875
-0.1448420696	2.0874728883	205.4299569987
-0.6481042371	1.5709366679	206.1227177972
-1.4120134628	2.2099604251	206.2126696322
-1.5192870270	2.9996721425	206.8166959444
-1.3885596026	3.9881950650	206.8924110165
-0.8692745374	3.6009608148	206.1305759579
-0.7483858675	4.5910755546	206.2017007186
-0.4187583775	4.3891488056	207.1239649464
0.2742844472	3.7449056075	207.4474496366
-0.5404807290	3.2554514378	207.1366565811
-0.7610177914	3.6709779879	208.0190969985
-0.2312173062	4.5011554164	208.1926391634
0.1017032001	3.7026421430	208.6941772862
0.8231277914	4.2644335939	208.2892860357
0.8918672259	4.6092542179	207.3531377422
1.3651961806	3.7359851054	207.4687264867
0.9491001811	3.2117994807	208.2117564660
0.0507286025	2.8215917692	208.0100972274
0.6098300110	2.0106192725	208.1825188749
-0.2957595324	1.6965619290	207.8974301801
-0.0383877054	2.2678468822	207.1180758031
-0.4789731749	2.6286042272	206.2960426030
-0.0432843593	3.1767344041	205.5820898279
0.6657921735	3.8759481625	205.4909273868
0.1439496740	3.9931826013	206.3358750136
0.4428699453	3.0658423008	206.5610119463
0.9729326319	2.6369661319	207.2925164098
1.4027276855	2.4958150427	206.4006909886
1.9708568177	2.9773791160	207.0680179943
2.4498623614	2.5171616873	206.3205197620
2.9857940702	2.0698060857	205.6045238337
2.6185622640	1.6157429071	204.7927557447
2.1719000099	2.0070632485	203.9881681353
2.6574896442	2.7228098009	203.4862621881
1.9550755457	3.1401815651	204.0628168210
2.1217172638	3.8099334498	204.7864624185
1.6642378876	4.2847582925	205.5382961695
1.0256502121	4.6308228916	206.2256425697
1.3370840047	3.6917301380	206.3709484298
1.7952415866	3.1525808773	205.6642591736
2.3408518948	2.6863126784	204.9679091480
1.8603449116	2.0152595491	205.5325335689
0.9745392164	1.5672272454	205.4116397094
0.1541684722	1.0431007716	205.6402950866
-0.6648256137	0.9801754565	205.0699538799
-1.2339680356	1.7823516156	205.2504817537
-1.0268877145	2.7544949611	205.3602772752
-1.8381949434	3.1458577862	205.7945763881
-2.1069373540	2.3696535219	205.2242392449
-1.5821821078	2.6713783658	204.4282530326
-1.5505364105	1.6902075009	204.2377214508
-1.1603472858	1.5589535462	203.3263900916
-0.7961640838	0.6303865071	203.3980409774
-0.4324198642	1.2882384110	204.0575263945
-0.6283130403	2.1708536480	204.4848625700
-0.8325491757	2.6209000565	203.6155261385
-0.1953217081	2.6220406044	202.8448512046
0.6561898166	2.0982781680	202.8203352173
-0.0907132329	1.4616887321	203.0124021971
0.5096347095	0.8747323797	203.5556006769
1.5093485177	0.8836224633	203.5333910376
1.0374986427	1.7350742472	203.7622743161
0.1343671409	2.1639151208	203.7834638299
0.3570109191	1.6509828138	204.6125176258
0.7210749813	0.7206250418	204.6560121639
1.5579168638	1.2573618948	204.5482660995
2.0076931361	0.9913482135	205.4008727064
1.1535184382	0.5197837655	205.6199903848
0.7538518607	0.6874129988	206.5211935067
-0.0404652553	1.1384400033	206.9281762587
0.8099359759	1.5924800304	207.1940059032
0.5065728886	0.9155844529	207.8646646946
1.3578350485	0.6943374397	207.3888469834
1.5058615446	1.4092660678	208.0721955132
1.7340028129	2.3790378066	207.9856256780
1.8962890201	1.8748173957	207.1374364513
1.4416691110	1.4378978970	206.3612779044
1.9243069060	0.5658860112	206.4428623999
2.4954120219	1.3796867799	206.3353112235
