-1.0276939113	-5.3460227071	-73.1194949775
-0.5291863319	-4.4962375027	-72.9481610938
-1.5191614236	-4.4192468458	-72.8297475958
-1.7933104118	-4.6965642337	-73.7505827595
-2.5346144640	-4.1284980886	-73.3931346414
-2.4816560671	-4.9412910284	-72.8129941022
-3.3595167494	-4.4752524440	-72.7026824512
-2.9186933330	-4.7591818561	-71.8511786023
-1.9584748206	-4.4811765684	-71.8775123905
-1.7185048203	-5.4140353203	-72.1461924009
-1.2570119526	-5.1465281213	-71.3003412134
-0.6433201233	-5.3085894669	-72.0730756173
-0.8882022321	-4.3503693797	-71.9252682520
-0.2833677680	-4.4967077325	-71.1424781412
0.1385358320	-4.5918161391	-72.0441165074
-0.0098194761	-3.6033365522	-72.0141363678
-0.2883219123	-2.7545288806	-72.4635381142
-0.0429595026	-3.4457420776	-73.1432598251
-0.8516395123	-2.9443697826	-73.4509324820
-1.0184112278	-3.8927084593	-73.7208231065
-1.6806140956	-3.3055083193	-74.1863157030
-1.9082765818	-2.3640432425	-74.4349385125
-1.7233146268	-2.3085867145	-73.4537587896
-2.1804357962	-1.4701947201	-73.7506410896
-2.5920481514	-1.0568926097	-74.5628951352
-2.6001226152	-1.8952709946	-75.1079240213
-3.0185613886	-2.1286812831	-74.2301833819
-3.6389295007	-2.5854277203	-73.5925893907
-3.3868641215	-3.4896508243	-73.2478523563
-2.6003412830	-3.0032499123	-73.6283730225
-1.8190913641	-3.4075862698	-73.1528094891
-0.9987830920	-3.5404956075	-72.5965456609
-1.7550580783	-3.4440007042	-71.9494468441
-1.8509467450	-3.0344232087	-71.0422249094
-1.8765501766	-2.2850831774	-71.7039151554
-1.3446925995	-2.5715513417	-72.5008238757
-2.3309318731	-2.7258565585	-72.5601702774
-2.7522076455	-2.8989943413	-71.6699174864
-3.0503899093	-2.8632234430	-70.7160790408
-2.7530524358	-1.9800034468	-71.0787260663
-2.8602835485	-1.9081824496	-72.0703627099
-2.8637454007	-1.0638152161	-72.6061163759
-3.0196891043	-0.8276496886	-73.5652344108
-3.7389670724	-1.4981212116	-73.7471880903
-3.7329663020	-1.7254688662	-72.7733929195
-2.8470558333	-2.0077024156	-73.1415054906
-2.0139885314	-1.6996692283	-72.6820335916
-1.1337960314	-1.5415320375	-72.2345363381
-0.7046485794	-1.9499474987	-73.0401598703
-1.2770301313	-1.1910754569	-73.3507924238
-0.6521027058	-0.9464636280	-74.0921632932
-1.4033326898	-1.4336663957	-74.5374575490
-0.7722369237	-2.0744613373	-74.1003077157
0.0526894589	-2.4341652509	-73.6642921680
0.6997291094	-2.6954661375	-72.9480090275
0.6813071088	-2.4874182205	-71.9700638889
0.1338520669	-2.4226032799	-71.1357426075
-0.1000610702	-3.3822803567	-70.9798434333
-0.8666192201	-3.0872954551	-71.5502577657
-0.8755369056	-2.0941233571	-71.4339407051
-0.1081606492	-1.7437944595	-71.9709726825
0.3081855110	-1.7077508056	-72.8794641408
-0.3580071634	-0.9728482547	-72.7525564528
-1.0604217054	-0.2685421107	-72.8553507455
-1.4785467614	0.2896362612	-72.1386860103
-1.0335889240	0.2263262554	-71.2453751091
-0.8571130397	-0.6034024493	-71.7749093753
-0.1991988979	-1.0224425959	-71.1491663469
-1.0515625313	-0.7417105631	-70.7079569156
-1.6345117304	-1.2442862503	-71.3463830350
-1.6995693445	-1.9899613612	-70.6832570019
-2.2531060682	-1.2020595180	-70.4134278320
-2.8074092113	-1.9291740690	-70.0083939382
-2.2584681553	-2.7647300552	-70.0309751474
-1.4297174450	-2.3315762321	-69.6766447568
-1.2709993676	-1.3564351729	-69.8312684497
-0.6062845259	-1.7564720534	-70.4622396642
-0.9102561197	-2.7062183086	-70.5369612866
-1.3819947347	-3.5085815643	-70.1713441577
-1.4058379271	-4.0016073451	-71.0410320797
-1.4637786152	-4.6159868349	-70.2541517081
-2.1990842794	-4.8412456127	-70.8933575147
-3.1033758947	-4.4943945645	-70.6444578869
-2.4324564257	-3.8296380236	-70.3158763790
-2.5758992094	-3.8412305993	-71.3054670923
-2.6471830814	-3.7581259605	-72.2994551348
-3.5812511087	-3.5777878152	-71.9912424263
-3.4399697130	-2.7468131292	-72.5293136468
-3.7206453038	-2.4692257111	-71.6105283411
-3.6401004575	-1.4767700494	-71.5180930269
-3.3248332730	-1.0893905275	-70.6517537698
-2.9000194606	-0.1912952977	-70.7655877848
-1.9906752318	-0.2435482095	-71.1783379595
-2.6292601775	-0.9434108609	-71.4983403601
-3.4665322802	-0.4909601203	-71.8053643875
-3.3412415118	-0.1073315989	-72.7203132281
-2.5280335996	-0.0309746361	-72.1433708516
-1.8320499912	-0.7424370406	-72.2404690691
-2.0715701501	-0.4426765558	-73.1639265642
-1.7366693173	-0.4908834241	-74.1049459742
