-1.0320317830	-2.3226839609	-234.0023182484
-1.3079271411	-1.5926428316	-233.3770809326
-0.7772434926	-0.8586962017	-233.8009880091
-0.2503425144	-1.4405964538	-234.4204776828
-0.0238919858	-2.4056870961	-234.2888714128
0.7177599131	-1.8169538055	-234.6103454762
0.8899875922	-0.8641635176	-234.3602888949
0.3160713851	-0.9256566655	-233.5436869233
-0.3375761118	-0.9522298849	-232.7873544476
-0.9322846376	-1.6414363223	-232.3734507678
-0.9568128368	-0.7851621713	-231.8575118704
-0.0709420242	-1.2314591560	-231.7308157583
-0.8108571091	-1.7585806138	-231.3128819885
0.0424448785	-2.2621401483	-231.4481724651
0.6253191333	-1.8141265657	-230.7702776112
0.9418922017	-1.7276502340	-231.7148957014
1.0284997729	-2.6891549447	-231.4541126117
1.2849989770	-3.6509841564	-231.3587568263
1.2474161414	-3.1552816383	-230.4910780009
0.2912741483	-2.8744268557	-230.5742229356
0.1884205041	-3.5165652577	-231.3338803588
-0.6513120671	-3.0080445731	-231.1434704793
-1.1189463526	-2.6223169421	-231.9387895157
-0.2330135591	-3.0115252332	-232.1910591957
0.7083577960	-3.3402897741	-232.2667813759
1.0200198712	-2.4223749165	-232.5123400554
0.0989748771	-2.0349096575	-232.4730107789
-0.2315694619	-1.8367308642	-233.3957597187
-0.8008781730	-2.5627575110	-233.0100488174
-0.6332477022	-3.3788181184	-233.5631718690
0.2709402526	-3.4257126750	-233.9877246254
0.2566138815	-2.8103892293	-233.1995800877
0.9485994058	-2.6166648692	-233.8950129791
1.7452569395	-3.0537549145	-234.3124923993
2.2680731822	-2.2018887824	-234.3439132431
1.5464386633	-1.6312906843	-233.9519165191
0.8153681830	-1.7870015066	-233.2876198289
0.6710075730	-1.1477600730	-232.5322851985
0.9709861234	-0.2512366952	-232.2063117297
1.8948813208	0.0149585551	-232.4811894352
2.5822435478	-0.6604828765	-232.7482325801
2.4340724879	-1.0889030418	-233.6395807158
2.7612335293	-2.0006593923	-233.3912542968
2.6212069269	-2.6571079552	-232.6499933206
2.3499430301	-3.5673783125	-232.9627612456
2.7117643254	-3.0512086384	-233.7390693145
3.5981049350	-2.6618004754	-233.4885466480
3.5766037522	-3.1183535606	-232.5991103211
3.6210202460	-3.5672938215	-231.7066531416
2.6484246848	-3.4830345354	-231.9233516579
1.7592108289	-3.1283116041	-232.2122640331
1.6376683766	-4.1198223455	-232.2584579934
0.6833008279	-4.3645198053	-232.0872688135
-0.2698979377	-4.0961236763	-232.2264651892
0.2923184315	-3.9388127587	-233.0383555940
1.1815529053	-3.5125756610	-233.2044398715
1.7625447350	-2.6994881565	-233.2410076689
1.8134057810	-1.7615336552	-232.8979996405
1.5186844872	-0.8222948709	-233.0739822106
1.7546071946	-0.9823812612	-232.1154871278
1.7743191304	-0.2525012478	-231.4321961169
2.2975100693	-0.5276297488	-230.6256134804
3.2415637572	-0.8545640998	-230.6689328113
2.6027740568	-1.4217314806	-230.1490589026
3.4690681969	-1.8313909894	-230.4349147223
3.6218579431	-2.5804172021	-229.7902326098
3.0673302413	-3.4076643491	-229.8805718908
2.9283153974	-3.4686186457	-230.8689844802
3.6654128253	-2.7930191316	-230.8848803367
3.0578846833	-2.5552119866	-231.6427439909
3.5112496180	-1.6754827017	-231.4994379499
4.3616883629	-1.9545675778	-231.0534944858
4.1367134338	-2.4143526345	-231.9125544272
3.5464776284	-2.0409027895	-232.6282058139
2.6869535549	-1.6609887194	-232.2863232808
1.8974767234	-2.1297674896	-231.8901253540
2.0876470634	-2.8753115044	-231.2513770752
1.6524886306	-2.1552537833	-230.7108643403
1.6473596956	-1.2356275128	-231.1036253575
0.7652577260	-0.7886457948	-231.2522976789
1.2041386402	-0.3636746376	-230.4606013617
1.4756387749	-1.2565488421	-230.1013475074
0.4992219874	-1.0772374873	-229.9811073518
-0.2239456064	-1.1305964966	-230.6697156929
-0.4449805622	-2.0639425748	-230.3868576956
0.1967149870	-2.0479288297	-229.6200654277
1.1526379393	-2.2916810884	-229.7837607102
1.0726423811	-1.5467229092	-229.1214631775
2.0607621977	-1.4080091193	-229.1876274615
2.5900665531	-2.2261274083	-229.4123925933
2.0694509620	-2.9775596110	-229.8177431220
2.6668352426	-2.5200863043	-230.4764161782
2.5444367403	-1.7795229410	-231.1371615994
2.6841726775	-0.8866496904	-231.5652401273
2.8463597885	0.0245233921	-231.9439998860
3.6878721321	-0.3653121148	-231.5699875155
3.5430693031	-0.9730631086	-232.3508017509
3.4629236361	-1.1700055214	-233.3279354972
3.3551857011	-1.6575713607	-234.1943488453
3.3141046666	-2.5667395966	-234.6087465617
