-0.3066424720	-2.1369731279	19.5620261473
-0.2812444522	-1.1947327869	19.8959993206
-0.2730736104	-1.1030991770	18.9002400530
-0.8047258116	-0.5273864721	18.2790308946
-1.1812408148	0.2757105950	17.8172175631
-0.8741881768	0.4901826001	18.7444286699
-0.9903093131	-0.2999873356	19.3462154714
-1.6763010486	-0.8210841248	18.8384030305
-1.1965725250	-1.5729969711	19.2906060990
-2.0231697255	-1.7846690636	19.8120770891
-1.3025782102	-2.4737674443	19.8888318275
-2.2416535159	-2.7853367632	20.0339598045
-2.9404773154	-2.2902771679	19.5176640614
-2.7494048243	-3.1904714327	19.1263309695
-1.7812936509	-3.3869245989	19.2817880682
-1.9227676396	-2.4439663516	18.9804330379
-0.9496855802	-2.5540710656	18.7779774684
-1.4406190833	-2.6592907020	17.9131577626
-0.5868932174	-2.3834719225	17.4714835084
-1.2863339982	-2.6734584475	16.8182680696
-0.7685264283	-1.8781342514	16.5030939214
-0.6411760900	-0.9677944353	16.1093131314
-1.2955138600	-1.4846950366	15.5573567463
-1.8197967951	-2.2383875475	15.9536836353
-2.3704183922	-2.9207288448	16.4345435013
-2.8850886302	-3.5218359334	17.0459229369
-2.7238554066	-4.1901504849	17.7721181640
-1.7298022553	-4.2974253806	17.7533984148
-1.8195154535	-3.5053060212	17.1496613343
-0.8727912853	-3.4557015457	17.4678636999
-1.2039159946	-3.5995192451	18.4004262427
-2.1705221114	-3.4055753744	18.2329198549
-3.1358337917	-3.2162006035	18.0531684820
-2.7483213558	-2.3510974900	18.3716503733
-2.4037013221	-2.6349837589	17.4768623433
-2.3817452070	-1.9223255850	16.7756945629
-1.5393539960	-1.8106195116	17.3028556396
-1.6015808155	-1.1907127036	16.5206514640
-2.4843913556	-1.2179265894	16.0517112178
-2.5063473872	-1.7236184228	15.1892764653
-3.0173476463	-2.1695491083	15.9241400981
-3.3101301623	-2.4915684960	16.8244633247
-3.3441005901	-1.4923139080	16.8061254260
-2.8592263054	-1.5510409632	17.6787353394
-2.4767964400	-0.8812728742	17.0422150294
-2.2259793549	-0.1998840294	16.3546104686
-1.3668623030	-0.1226929738	15.8486861342
-1.9651034141	-0.6913822549	15.2841508611
-2.3334302832	0.2365044118	15.3421306104
-3.0244489651	-0.4678156517	15.5046926889
-3.5868853310	-1.2304439591	15.8241663169
-4.3410512762	-1.4356387572	16.4479682261
-4.2419520664	-0.5127769563	16.8201314200
-3.2875343927	-0.4048148277	16.5418670079
-3.3713829610	-0.5804200174	17.5227504031
-4.0424317863	-1.3177503349	17.6004516070
-3.7016989238	-2.2253497941	17.8457358053
-3.5194327801	-1.5841929085	18.5911866091
-2.6219802348	-1.3570475837	18.9693187688
-2.5089697612	-0.7337677577	18.1955288158
-1.6445051506	-0.8342468820	17.7029794452
-1.9162845409	-1.6354266839	18.2361275371
-0.9171992231	-1.6609680062	18.2018322213
-0.0263335820	-1.3573295144	17.8639534326
-0.7030881685	-1.0467068958	17.1964829700
-1.2523772890	-0.2668903452	16.8962037510
-1.6371434178	0.6547438400	16.8457512503
-2.2500963892	0.9701899925	16.1213326009
-2.8088983571	0.5660617014	16.8455015625
-2.2382308685	0.0385132660	17.4748117132
-2.2800551765	0.9367396415	17.9123504037
-2.1638529320	1.5208472044	17.1090351521
-3.1294218887	1.4605196442	17.3620908287
-3.3106438340	1.2364798563	18.3196736084
-2.6173278708	0.8590375925	18.9335549590
-1.9527622110	0.1936082220	18.5936193231
-2.6378768011	-0.2892801135	19.1389970397
-3.4796067954	-0.5400384489	18.6608643447
-3.0456488222	0.2109225178	18.1631313800
-3.6921029796	0.4764094578	17.4478596085
-4.2105034027	0.2431802055	18.2705777359
-4.5172415185	-0.7081537917	18.3001641193
-4.3519174012	-0.3200420181	19.2068267839
-3.5325489386	-0.4841777728	19.7560942749
-2.9780480164	-1.2890151841	19.9676727916
-2.3467955227	-1.2126187965	20.7394783896
-2.7770320047	-2.1125324801	20.6684014473
-1.7898903504	-2.1668946700	20.8187214614
-1.2250384729	-1.4476874948	20.4141434149
-0.9359621915	-0.4917100411	20.3637250502
-1.6828160982	0.0606003077	20.7340796381
-2.4210055724	0.7295960507	20.8208033140
-1.6956516827	1.1463127126	20.2728900376
-0.9468671670	0.6469804287	19.8370127392
-1.6142262417	1.0673273865	19.2222442458
-1.9312813882	0.2431867186	19.6915716301
-1.8766268231	-0.7387025481	19.8729726950
-2.6545205880	-0.2953770126	20.3183307083
-2.9634163596	0.5591798815	19.9008191311
-3.5570785557	0.4417264331	19.1047224759
