3.4948706941	-3.4780652361	205.6576651506
3.3004166559	-2.7923291186	206.3590591940
2.7355205053	-3.0726282453	207.1351550248
2.8546547969	-3.8631437895	206.5344119890
2.1754976995	-4.1043113737	207.2276535295
1.5309767303	-4.3177509964	207.9618444090
0.5489216875	-4.2469134632	207.7870590065
0.6859204499	-5.1120705055	207.3046332284
1.6737421257	-5.1168463670	207.1491162584
2.1707399764	-4.7807511629	206.3490955398
1.2451516928	-5.0937965829	206.1362836644
0.3541970152	-4.6863871491	206.3368262175
-0.2202882429	-4.5573806551	207.1451108288
-0.6729687788	-3.6757234221	207.2783806903
-0.4873207575	-3.9442156427	206.3331575739
-1.1168400882	-4.3478436687	205.6692375268
-0.1883797919	-4.2859699290	205.3029956417
-0.3598214746	-3.3144010840	205.4662798382
-0.5444477442	-2.3552100597	205.6804426724
-1.1449571885	-2.9934277923	206.1621755167
-0.1890396509	-2.9365405482	206.4502475612
0.4714915781	-2.6980616421	205.7383302156
1.3978958799	-3.0658834513	205.6578181898
1.6255873753	-3.9860682498	205.9762777939
1.1894155457	-4.2409746053	206.8392823622
0.3691789430	-3.6776548381	206.9386944114
0.5467638927	-3.7031325156	205.9549187898
0.8749320619	-4.4388097973	205.3623948748
1.7888951731	-4.8181740751	205.2183317773
1.8795305933	-3.8480015030	204.9934976142
2.6192051437	-4.1841647190	205.5764863378
2.4367903506	-3.2230043003	205.7835986086
2.3143908325	-2.3355600317	206.2279644806
1.8586113046	-2.3784166179	207.1170248469
1.8337762237	-3.2475149172	206.6230092957
1.3320221733	-3.3697003156	207.4793466132
0.6884993969	-3.2894554639	208.2405556515
0.0616598124	-2.8842317234	207.5750739798
0.2207652401	-2.0799232800	207.0025590099
0.8730317844	-2.7687918879	206.6863179685
1.2999350716	-2.0474046276	206.1410162136
1.9062915966	-1.4217245342	206.6317872248
1.0962936420	-1.5370425176	207.2067698996
1.0230090797	-2.3593296538	207.7711042319
0.2401649166	-1.8171437689	208.0763737563
-0.3525764902	-1.2909429037	207.4666440832
0.2384622013	-0.9696385445	206.7267543793
1.0607084718	-0.8088498924	206.1808074222
1.5074334902	-1.2801751356	205.4203540883
0.9205735116	-1.9937451300	205.0377142727
1.6498238815	-1.7100640304	204.4150434675
1.9493219880	-2.2879747553	205.1742009467
2.5364864319	-1.5683408645	205.5448287641
3.0177006468	-2.4204582037	205.3390888322
2.6253261461	-3.1350752896	204.7599820444
2.2063294834	-3.5906078665	203.9745319390
2.0751730601	-2.5997256148	203.9437040971
1.3404710635	-2.8821979644	204.5604879718
0.8131813659	-2.3102371968	203.9321357974
1.2832170005	-1.6086422575	203.3965697013
1.3948049143	-2.5093526972	202.9767258717
1.2829473909	-3.2944017642	203.5859761133
1.1362754663	-3.9902070068	204.2890709937
0.5317479259	-3.4889473015	204.9081712770
0.1020769027	-2.5990845551	204.7547858008
-0.8969039893	-2.6438566902	204.7490732430
-1.3768961208	-3.4375671524	205.1227459016
-1.7842148245	-2.5475340571	205.3275203211
-1.2358991575	-1.7256520636	205.1730537616
-1.0605293033	-1.6380522702	204.1924561426
-0.2744240086	-2.1828977839	203.9005968755
-0.6101018876	-1.7730814611	203.0524394944
0.3516973428	-2.0423579501	203.0031199972
0.4547486921	-3.0355909654	202.9495607144
0.2088519836	-3.2367552727	203.8977525358
-0.5508339014	-3.6066898612	204.4325662945
0.1291807999	-4.3003890772	204.1951607265
0.5821776056	-4.1234340394	203.3213868378
-0.3780456599	-3.8446647549	203.3052944054
-0.5782556883	-2.8837781218	203.1139496307
-1.3151716663	-2.6832398810	203.7595030795
-2.0071698900	-3.2190456896	204.2432908367
-2.7178782556	-2.6631168749	204.6743787304
-2.0001004365	-2.0238136791	204.3985410492
-2.3007792593	-1.5567917226	205.2300954597
-1.7255473773	-0.8533034330	204.8127077403
-0.7516492985	-0.7109300110	204.6359244245
-0.2458093982	-1.0358403267	203.8368253805
0.6375054804	-1.2161775953	204.2695300081
0.4717713392	-0.8918493710	205.2008427362
-0.1639429972	-1.5887903143	204.8689683562
-0.4944924698	-1.0793361352	205.6634452191
0.2359477288	-1.6927652571	205.9637148124
-0.6070342710	-1.6696267042	206.5011587215
-1.3541605774	-1.4585656629	207.1314408164
-0.8555479931	-0.7014959818	206.7092666951
-1.4994050839	-1.0049056668	206.0068490062
-1.5933447521	-1.9850312301	206.1815751312
-1.8372597647	-2.5325448723	206.9820339235
-0.8583150049	-2.4776552582	207.1786408600
