-1.3592733793	5.0326768960	161.2927589475
-1.6622814387	4.3743747077	161.9818339397
-1.1130667983	4.4521977346	162.8138837310
-1.0372302274	5.3329459184	162.3464102545
-0.4370480484	5.7054848467	161.6385994754
-0.2988871044	5.0945646292	160.8590559927
-0.9551079729	4.4139789518	160.5332073970
-1.5070662343	3.5802251317	160.5472304237
-0.6829726049	3.5149898785	159.9845457413
-0.3310732555	4.0182652260	159.1953177816
-0.0174466566	4.4907480163	160.0189672030
-0.1058062613	3.8674940123	160.7959788031
0.4578395866	3.9000603346	161.6213531380
0.7345859431	4.3261560490	162.4826625460
0.9145740605	4.1815508757	163.4556443657
-0.0366141548	4.3758755523	163.2158967919
0.0242532355	5.1586728359	162.5966039907
0.4237933683	5.0334597917	161.6884798935
-0.4788408855	4.6114647315	161.7731650342
-0.9432943533	3.7878509807	161.4476756094
-1.5959361774	3.0341134583	161.5247366034
-1.3189158135	3.4134345087	162.4075589291
-0.3837832292	3.7670567283	162.3856871322
-0.5173716201	3.0510616751	163.0708916458
0.4289191606	3.3584650167	162.9707070961
1.3703573545	3.5354077610	162.6836785396
1.6426898715	3.5296213972	161.7214927373
1.4213214299	4.4951988501	161.5849050531
1.3633891356	5.2859062945	162.1943520046
1.7321328747	4.5856589847	162.8056471543
2.3550981225	3.8424274806	162.5616774201
2.9318868614	3.0731469711	162.2868643045
2.4872215824	2.8427143389	161.4213161594
3.1291191874	2.4503824319	160.7624966549
3.3771008163	2.2622594746	161.7128202128
3.5446824759	3.1984942933	161.4039824695
2.8110535896	3.8610480647	161.5550160986
2.4415831395	4.7223101667	161.9038988557
2.6238701830	4.7924897099	160.9231612427
1.9668651118	4.0464060891	160.8149782162
1.9450507341	3.0798758698	160.5593545317
2.0566079443	2.1050537716	160.7524267091
1.9990856712	1.6991107939	161.6645130465
1.7735569361	2.5366039485	162.1622499304
1.1390944367	2.5434677266	162.9351730995
1.1373316704	3.1110289888	163.7585023814
1.9415772827	3.6695018374	163.5552855702
2.1877503623	2.7993220961	163.1284530121
2.6396483104	2.1043951864	162.5691097948
2.5452438353	1.8894443594	163.5411612014
1.5597461304	1.9544373485	163.6979099975
1.6237264441	1.5640922560	162.7794671696
0.9524372418	1.7564367853	162.0636638524
1.2624574687	0.8169545914	161.9178534748
0.6032762895	0.9261924530	162.6618610437
0.5526408213	1.6974050985	163.2964216041
0.2641101634	2.5643455085	163.7028258178
-0.5001389191	2.0040273579	163.3835032381
-1.0669070965	2.1432500888	162.5714743813
-0.3779370991	1.4291848537	162.4472520696
0.0816059246	2.3101804195	162.5597999368
0.6662021026	2.8910437590	161.9933680437
1.2715594367	2.5943577556	161.2547748448
0.8131803075	1.7534305548	160.9671465832
0.0126667901	1.9965406848	161.5149381249
0.2057172932	1.0224067864	161.6323887578
-0.7816916944	1.0974009380	161.4931071425
-1.0481780421	2.0608440957	161.5207170743
-0.5571985418	2.8525052578	161.8843263903
-0.7074152233	2.9197153471	160.8979604579
0.2883844039	2.8602464273	160.9675776254
1.0467795900	3.4803535154	160.7668192105
0.9948848778	2.6781558192	160.1720202571
1.4024965474	3.2372562050	159.4500372342
0.7340865565	3.8608785287	159.0446691529
0.4078156669	3.5494706785	159.9371782326
1.1961522330	4.1633715491	159.9778129439
0.7506066445	4.5831730679	160.7685441330
1.5959699903	5.0917681990	160.6051678614
2.1870852158	4.7531761963	159.8730898287
2.2550088779	3.7559006496	159.8443172709
2.9397201938	3.5461330340	160.5422914547
2.8338783609	2.8649315646	159.8178868272
1.9756157699	2.3652779655	159.7007048926
1.4226567523	1.6079444029	160.0480983292
1.7500189439	1.0519926672	160.8121347570
0.8208720262	0.6824185985	160.8221852827
-0.0941491287	1.0389382971	160.6334262019
-0.6289370015	1.8815164497	160.5696767874
-1.2882514026	2.4834446451	160.1191360366
-0.8133425293	2.0010912671	159.3830675746
0.0941490875	1.8074117010	159.0103113659
1.0572512237	2.0526924408	159.1210887732
0.4304710900	2.8293689855	159.1837003446
-0.1506032164	2.6325202341	159.9733858639
0.3595134936	1.7741789058	160.0284413475
0.6358490451	0.8668983796	159.7114544239
-0.3459622397	0.9887911225	159.5658908285
-1.2295814200	1.1392418901	160.0092661893
-0.9737640800	0.4288688395	160.6649548483
