0.2409454355	-0.9973926687	-18.2877554289
1.0370762753	-1.3799053736	-18.7566474383
1.5632222137	-1.5677545215	-19.5860346513
2.4516864961	-2.0233760194	-19.6411732908
2.0120562214	-2.8428766776	-19.2735540682
1.8314605687	-2.0811121555	-18.6513804405
1.7281004971	-1.3574303866	-17.9690305354
1.7205076816	-0.6087350835	-17.3061597393
0.8602678615	-1.1097146561	-17.4010645324
1.6148298696	-1.5772778332	-16.9406073124
2.1770808219	-1.8058583237	-16.1458590341
2.4150771530	-2.6723155107	-16.5847322386
2.7377184855	-3.2254172700	-17.3528344547
2.3020414588	-3.0109729866	-18.2270193194
1.3236327578	-3.0080959418	-18.4336787891
0.9582478939	-2.4293499975	-19.1627515107
0.1474109767	-2.0185605972	-18.7458635614
-0.0550402725	-1.8795300560	-17.7764905680
0.9068846730	-2.0908281791	-17.9498500278
0.6510615812	-2.0523706058	-16.9838916640
1.3151951575	-2.5042735512	-16.3883160426
1.5560987746	-2.6329731594	-17.3502941390
2.3835520812	-2.1062540399	-17.5449425260
2.7779280554	-1.2324206063	-17.8293414032
2.2645404724	-0.4949523593	-18.2681736881
2.4507933135	-1.1857201221	-18.9668508504
3.1732167411	-0.9281068905	-19.6085204026
2.8372895641	-0.1222152594	-19.1209841366
2.7144654351	0.8619804706	-19.2485497993
1.9983054265	0.3240835695	-19.6932764186
1.8697187037	0.4999586532	-18.7172982377
2.1124047573	1.2877606161	-18.1511961740
1.7297882094	1.9858206291	-17.5459550687
1.1990237944	1.1402251006	-17.4888819759
0.8656651142	0.6634474875	-18.3022423499
0.9579391543	0.2604556508	-19.2127823442
1.5760509507	-0.5198323592	-19.1174490946
1.1330918648	-0.4261081847	-18.2258196719
0.9808942616	0.0847965440	-17.3797627898
1.0209921015	0.4688203833	-16.4573107021
0.8582906698	0.6311754603	-15.4840845860
0.9713218029	-0.3619267409	-15.5152611943
0.8756954343	-0.5900201632	-16.4841930745
1.1233929650	-1.4264105703	-15.9952175943
1.8351482366	-0.7372749940	-16.1312197660
1.9056286000	0.1189914311	-15.6195164071
1.8611327598	1.1089709245	-15.7535340285
1.2207960575	1.5872548866	-16.3545443107
2.0463928046	1.2464547459	-16.8042611942
2.8520270598	0.8075113057	-17.2021080277
3.2288145345	1.3763777258	-17.9331498835
2.7611501573	1.9133271340	-17.2310278405
2.0933094717	2.3232790351	-16.6097965973
2.8670237825	1.8904382630	-16.1471790108
2.8675629947	0.8907255416	-16.1232168771
2.8411777858	0.4404030100	-15.2307408615
3.0613602744	1.4114377347	-15.1379441204
3.8151131964	0.8845463521	-15.5306806778
4.4089263685	1.3560346086	-16.1826659082
3.5998735527	1.4286874773	-16.7658940813
4.1412931490	1.7305183210	-17.5505997347
4.4949603219	0.8684637391	-17.1875826156
3.7243723357	0.3883279410	-17.6067052361
3.7057877608	0.3692757092	-16.6070594859
3.7391512393	-0.1220935560	-15.7367474019
3.7680775699	-0.9047839816	-15.1150087389
4.3734529290	-1.5737878616	-15.5462331389
4.6950883132	-0.6980219893	-15.9062120503
4.6872657527	0.2965888611	-16.0095951427
4.5540108645	-0.2366713353	-16.8449852898
3.6827321932	-0.6596930254	-17.0938348964
3.8778799481	-1.4886320941	-17.6180270121
4.5085680203	-1.4428746892	-16.8433407431
5.1154579184	-1.3844468280	-17.6359761174
4.5825037605	-1.3511096060	-18.4814632522
4.4086128544	-0.5630330973	-17.8909572241
4.4829139661	0.3463994112	-18.3001171650
3.6343534600	0.6124819281	-18.7574410785
2.8001399969	0.4694167165	-18.2248809944
1.9611627457	0.3605557882	-17.6917145380
2.0274592650	0.2132816018	-16.7048431758
2.8516762155	-0.1728543061	-16.2906385415
2.8157734800	-0.9177992338	-15.6244793652
3.6286938136	-1.1121136724	-16.1734806677
3.2060476563	-1.9256482830	-15.7740665179
3.1448573962	-1.8383252894	-16.7683654905
2.5554837704	-1.0310483058	-16.7990672955
2.7824956964	-0.2415906253	-17.3693498187
3.3554523697	-0.4101320658	-18.1714186645
3.9642822951	-0.4434629775	-18.9640189245
4.1990877806	-1.2731422364	-19.4704759427
3.5193569938	-2.0055985230	-19.5088666413
3.9542042039	-2.2285848214	-18.6364074648
3.5070820943	-1.3342704473	-18.6195664604
2.8876358964	-2.1187433084	-18.5897547533
3.0853182678	-2.9545676730	-19.1019259275
3.4743892873	-3.2544165075	-18.2308837826
3.3776173123	-2.4194667685	-17.6891328082
4.0135972930	-2.4198786822	-16.9174273627
4.5711839318	-2.3430496190	-17.7439831292
