1.5573537976	2.9051807765	216.6776933290
1.4488568222	2.0426588655	217.1719446410
1.3400064340	1.7744352457	216.2147572597
0.7357478218	1.2975055774	216.8530437322
0.7892888212	1.1065108768	217.8331735123
0.3932862728	2.0002672905	217.6225044483
-0.2067561721	2.5745587820	218.1794051101
-0.9071621279	1.9735335352	218.5643728356
-0.1510745697	1.3562731561	218.3468384043
-1.0414798822	1.0100394919	218.0513716053
-1.0242994746	0.2354645630	217.4191228306
-1.0337612291	-0.0064853746	216.4488802306
-1.8652002348	-0.3035764181	216.9183971011
-2.1207752452	-0.3454775385	215.9525163061
-2.8429091051	-0.0264717309	216.5663224507
-2.9483655439	0.9573863470	216.4217464429
-3.0787701559	1.0517055829	217.4087107376
-2.6735174484	1.8981240435	217.7541756890
-1.6758318877	1.8310605244	217.7429504325
-1.2441807616	2.7291986535	217.6591339280
-1.2103448627	2.3776331201	216.7235823219
-1.5566362556	3.3156828530	216.7115419798
-2.1918742824	2.6842714126	217.1562803773
-2.1543393302	2.5383762578	216.1676926315
-2.8284235135	2.5089836632	215.4296231299
-3.4605654894	1.8147594800	215.7737877791
-3.0368880080	2.0413517918	216.6508016422
-2.1418312778	1.6264562653	216.8143105158
-2.0035449505	0.7774161643	217.3242201141
-1.8574856418	0.6696524284	216.3408312513
-1.1118185574	1.1231746557	216.8289892059
-0.2191902590	0.9790471298	217.2561214771
-0.6322961769	1.8475792165	217.5299745672
-0.2895281832	1.8282096555	216.5907541870
0.5532518408	2.3664558669	216.5871698931
-0.2070749378	2.7076497764	216.0344584803
-0.5708804339	3.5874651907	216.3403512683
-0.7350353052	3.7090641039	217.3192623381
-0.2779496707	2.8441170963	217.1120441034
0.6401942161	3.0249472049	217.4646235625
0.5568973912	3.4561272931	216.5662108675
1.2497234862	3.5951942973	215.8586429411
1.0773719996	2.6370601175	215.6300081697
0.4216729823	1.8828750604	215.5944596354
-0.5736712750	1.8030566235	215.5404334693
-1.4622327060	1.6456468908	215.9713403725
-2.4333991368	1.5696173282	215.7453862412
-2.6002928567	0.6181368979	215.4868683944
-1.7189757543	0.9681700037	215.1694459788
-1.7700032348	0.8368918889	214.1794145385
-2.4832429886	1.3963544781	214.6016593310
-2.6145524653	2.3653606479	214.3924109992
-2.1689578651	1.9013755908	213.6267979644
-1.5231745875	2.4327583556	213.0785313180
-0.9938862943	1.7393807008	213.5674907544
-1.1666517429	1.6409559796	214.5475237508
-1.8127861601	2.1601046511	215.1069832862
-1.2201609021	2.6891058183	215.7143983574
-0.7916866206	2.5537956261	214.8210334028
-0.1283413020	1.9849465578	214.3348403076
-0.2624533971	1.0730740613	213.9468937958
0.0096344580	1.1103034442	214.9084457560
-0.8288278869	0.5975454124	214.7238919779
-1.2782963039	-0.0289267542	215.3606892507
-0.8779222703	0.7802703249	215.7906900884
0.0496853696	0.9901911580	216.0996841177
0.9291677344	0.8462408744	215.6460442982
1.3784709398	1.5601645111	215.1089785009
0.9810843740	2.3230132381	214.5989336626
0.1864586416	2.7580888963	215.0223473103
0.1974432115	3.5866049828	215.5822048221
-0.7566523509	3.5114862095	215.2922758174
-1.5790596589	3.8545040252	215.7461315189
-2.4898722305	3.7807514955	215.3399529574
-1.8481294695	4.2515452084	214.7345444107
-0.8838607218	4.4895145348	214.8509762875
-0.6774026557	4.4861400680	215.8294259182
0.2816395132	4.4777747313	216.1125657061
0.2377018924	4.5307383167	215.1149363440
0.0116466310	4.6051030469	214.1436645459
-0.9237630903	4.5927473667	213.7903148742
-1.3204008204	3.8013547781	213.3251522341
-1.1092399431	3.5951635237	214.2806082773
-1.7632970335	3.1755037810	214.9099690823
-1.5565123876	2.5858928855	214.1292008055
-0.6389694051	2.7608901721	213.7721422320
0.3355757163	2.9119669786	213.9377852362
-0.0506819012	3.6256116918	214.5221791755
0.9150250234	3.4960345735	214.7471678555
1.3872468869	3.1253618811	213.9474127262
0.7671544232	3.8902799793	213.7730979547
0.5813451631	3.9530029797	212.7925161152
-0.0872113557	4.6506048427	213.0501666962
-0.2683463628	3.7630358744	213.4737365671
-0.1641750142	3.0221075520	212.8102808028
-0.0180028199	2.1124906682	213.1991648658
0.4976477561	1.2561310789	213.1717288084
0.7717761695	1.3717601001	214.1264452806
1.0393270084	2.1128154289	213.5106096303
0.8775617896	2.9450181237	212.9802600392
