0.8730195705	-4.8219712785	-207.4932184965
1.3516116442	-5.3040985626	-208.2270460708
1.8773116661	-4.7112957754	-208.8371479824
1.9621161043	-4.2954992990	-207.9316528153
1.0501508694	-4.1687353911	-208.3218454882
0.8750165513	-4.6427840079	-209.1847509752
0.2539987066	-5.0041737986	-208.4892409065
-0.5768237705	-4.5318234762	-208.1949295332
0.1599701614	-3.9920943493	-207.7877107082
-0.4369144635	-3.3283798760	-208.2385009504
-1.0561719514	-3.7648380217	-207.5857954650
-1.2263234767	-2.7862040627	-207.7012252391
-1.2702296948	-2.4727893788	-206.7526244380
-1.3539073936	-1.7373990521	-206.0801669226
-1.2711314030	-1.3398815473	-206.9940202855
-1.8867356142	-1.9667536593	-207.4715795074
-1.9065500443	-2.2285768167	-208.4364919503
-1.1087053024	-2.6781616414	-208.8381351417
-0.4518901942	-3.2339591330	-209.3477262150
0.0244959878	-4.0116660234	-208.9375699053
0.5801174181	-3.2382813532	-208.6323470716
0.6882075604	-3.4204710503	-209.6096512389
0.3360757165	-2.5042941764	-209.4182796099
0.6464716577	-1.7380854548	-208.8556264712
1.0827244048	-2.3323451115	-208.1799497726
1.5459962837	-3.2184411086	-208.1945460096
1.1862017372	-3.6690030996	-207.3775137112
0.4902015356	-4.0244928965	-206.7536461583
0.6350297469	-3.0404507308	-206.6502739887
0.3435309266	-2.9028147629	-207.5968915345
-0.3782733281	-3.2108895164	-206.9771427433
-0.2918157765	-2.4735506500	-206.3071752159
-0.3351981872	-2.1250060252	-207.2434628912
0.6166850550	-1.9985655216	-206.9643014823
0.3648081161	-1.5456167637	-207.8195180808
-0.4568916730	-1.0138964657	-207.6143767115
-0.9166468409	-1.7504908891	-208.1104148562
-0.1509688716	-2.3260791994	-208.3975304156
-0.4696754976	-1.8665193656	-209.2265242911
-0.2105941832	-1.0695634651	-208.6808704033
0.7159516737	-0.7100682620	-208.5700734088
1.2665083958	-0.7463204414	-209.4040836458
0.3910967703	-1.1126912544	-209.7194039802
0.3583855063	-1.9227999638	-210.3047704057
1.1187729529	-2.5711087592	-210.2659549843
1.2598940850	-1.7321010126	-209.7404544352
2.0853536756	-2.2874556038	-209.8414383059
1.8939012415	-3.2631414341	-209.9481300397
1.5861009649	-3.7375149188	-209.1233702038
1.4125478234	-2.7527251766	-209.1150954950
1.7955264706	-1.8699535461	-208.8429896258
2.7435531600	-1.7280124065	-209.1277669232
2.9287957012	-1.4322108495	-208.1906507939
2.2456881360	-2.1058569673	-207.9085781751
2.5698861128	-3.0403484139	-208.0556203735
2.5004614268	-2.9352662809	-209.0476576502
2.5733917660	-3.8919784281	-208.7659077025
3.0256071441	-4.0432708151	-207.8869242753
3.6301426630	-3.3237104468	-208.2286400676
3.3570515587	-2.4284349201	-208.5806386188
3.3057453406	-2.3490218897	-207.5851180301
3.2161091613	-3.2417618577	-207.1435518348
2.2623878528	-3.5395749358	-207.1850613078
1.6445244789	-3.3082387649	-206.4335771582
1.4774597545	-2.3388096659	-206.2538646101
0.5765141942	-2.1484446583	-205.8639181249
0.0201109752	-2.7985632324	-205.3464615593
0.5551145669	-3.5605970499	-205.7112568687
1.2711228681	-4.1948933532	-206.0028049990
1.6783043135	-4.4455153461	-206.8810941810
2.4005969411	-4.1631189774	-206.2497894597
2.7113784263	-3.2130137940	-206.2230498108
2.3732855424	-2.5546462207	-205.5505579222
2.3010423713	-1.6993796253	-206.0636855622
3.1775441085	-2.0911836457	-206.3433895383
2.7151266262	-1.5594048283	-207.0528832743
2.3367993428	-2.4744545537	-206.9130531390
1.4278007894	-2.6491887049	-207.2914571643
1.6032799362	-1.6736507027	-207.1590461557
1.3830113198	-1.2940637377	-208.0575980311
2.1783608383	-0.7924435414	-207.7173094447
2.1556356985	-0.8166160643	-208.7167589217
1.5509349814	-0.1080974733	-208.3529754025
1.0363454529	-0.4455882630	-207.5647510790
0.4131863891	-0.9369297070	-206.9562641304
-0.3367840059	-1.4084721450	-206.4923760665
-0.3069178076	-1.6682832720	-205.5271785797
0.3390957477	-0.9530933151	-205.7939552878
1.1706513919	-1.2790388285	-206.2437049213
1.9756231327	-0.8251797979	-206.6258468804
2.0729838794	0.0221462959	-206.1037746865
1.8213657158	0.1268000234	-207.0659263882
1.0513864787	-0.2098497434	-206.5238941853
1.1495900193	-0.2164325769	-205.5287496074
1.8593219399	-0.9158477134	-205.4444936419
1.5032735023	-1.8389580144	-205.2992459836
1.2378673724	-2.8030884682	-205.3027179188
0.7310927928	-2.8698729848	-204.4432300749
0.5369378862	-1.9596166394	-204.8089311246
0.9032426991	-1.0296675917	-204.8407988635
