-0.7768177067	-0.7267262450	236.6233240364
-0.8968271877	-1.4148716625	237.3389032486
-1.0070103519	-2.1625773837	237.9937282823
-0.5095353826	-2.4393655110	237.1715926563
-1.3008844546	-2.1600594389	236.6277592587
-1.0422463160	-2.0436981841	235.6688190251
-0.7456356833	-1.0924769281	235.5839647100
-0.8559561097	-0.6732942910	234.6827902983
-0.9874223885	-1.3205316417	233.9319238458
-1.4989743850	-1.5804195662	234.7509310628
-1.4352329689	-2.2948548093	234.0541389021
-1.5275235236	-3.2874944057	234.1325550055
-0.7490257694	-2.8740784429	234.6048139264
-0.4666357996	-1.9233422838	234.7327070884
0.0798256845	-1.8587230647	235.5676946350
-0.3042421546	-1.6770193234	236.4729435761
0.1616735083	-1.0829364198	237.1286783538
0.9810240205	-1.4163434359	236.6623045769
0.5913549245	-2.0486651189	237.3318770410
0.5768016555	-2.3440781013	236.3766182425
-0.3200981432	-2.7015508675	236.1162646896
-1.0558831414	-3.1001036810	235.5687465701
-1.7923643231	-2.6373426326	235.0753423938
-1.9582249045	-2.8072143014	236.0467505900
-1.8384394965	-3.7999927338	236.0402359690
-1.6426778076	-3.8386861688	235.0603481289
-0.8806509808	-4.1533462684	235.6263023116
-1.0897515062	-4.4252358792	236.5656387848
-1.5972652088	-3.8867321146	237.2382780173
-1.5535689348	-2.9021275108	237.4075246121
-1.0447365997	-3.2600758302	236.6246052961
-0.2437197585	-3.7863367191	236.3392607726
-0.1003916964	-4.3399152862	237.1596313210
0.7895268989	-4.0629211924	236.7972514570
1.2293584918	-3.2476122025	237.1738406508
0.2384979318	-3.1691558087	237.0641139686
-0.5577435248	-3.4051301442	237.6211738000
0.0407701702	-2.7520374090	238.0851255605
0.8588272473	-2.2438829765	238.3544983345
0.0802551382	-2.0184650937	238.9401708104
-0.0639856230	-1.6101563262	238.0387948882
0.7834351517	-1.0842966256	238.1119358883
1.1201378658	-0.5840445190	237.3142021531
1.0850024219	-0.4157379306	236.3290938378
0.3178141729	-0.9495141968	235.9734182999
0.1330359908	-0.9843605366	234.9912560139
1.1012845835	-0.8313419603	235.1889425794
1.2946994728	-1.6751682076	235.6894902245
2.1746706008	-1.9388432936	236.0846183845
2.2938746461	-1.5206848545	235.1840996921
1.9656432652	-0.8462980048	235.8455122242
2.0220979145	-1.1146445055	236.8071790210
1.5815562375	-1.5577027112	237.5879622541
1.5749733044	-2.2910322091	236.9081207194
2.2169256719	-3.0533525602	236.8258720703
1.8214891497	-3.8684073393	236.4024152675
1.4685393743	-4.8031459219	236.3613027597
1.0853238181	-4.1934152433	235.6674913032
1.0402760015	-4.5168479419	234.7223130217
0.1066924286	-4.3859938054	235.0559279306
-0.6808980390	-3.9636201959	234.6072612512
-0.7412400725	-4.9617392573	234.6180861444
-1.4497957570	-4.9790277239	235.3235292327
-0.5302707591	-5.1344202097	235.6845374785
0.2715276337	-4.7522355272	236.1439438409
0.8425242193	-5.2669869443	235.5044175492
0.1253240556	-5.5257313499	234.8573663474
0.2397511391	-4.8870026851	234.0964904473
1.0734728673	-5.4359320461	234.1563622827
1.2397007242	-4.6258095073	233.5941614540
1.2845562954	-3.7131571020	234.0004293027
1.2620695721	-2.7707003130	234.3340002068
0.2718361290	-2.6899194385	234.4476319736
0.7720226878	-2.5624210434	235.3041117256
0.8571670614	-1.7800545571	234.6871408052
1.6790185665	-1.3942723532	234.2679365653
2.2044433764	-2.2350437274	234.1374288435
2.2488122890	-3.2280890352	234.2464811993
1.8045020668	-2.9611421766	233.3913041409
2.1165859234	-3.9100596187	233.3448352850
1.3602225019	-3.6807854454	232.7321789963
0.4921864461	-3.9814086633	233.1273233833
0.5962398786	-3.0274368409	233.4085895299
0.8103862198	-2.0748201819	233.6246053757
0.1036291677	-1.4593066869	233.9733712094
-0.4151000989	-2.2496973224	233.6474838191
-0.5326254871	-3.2222893970	233.4468537125
-0.4841603272	-4.2110158730	233.5885261653
0.2136463550	-3.7507493348	234.1373617946
0.7882974236	-3.5247430103	234.9239349258
-0.1070415896	-3.3737280299	235.3429367481
0.6283558411	-3.3363784509	236.0195427101
1.5045343508	-2.8546551639	236.0036086601
1.8604161133	-2.4827510688	235.1462665376
2.8160592710	-2.6919490154	234.9389446276
2.8489784774	-3.6907699262	234.9746253521
2.5140060844	-3.2588161000	235.8120078143
1.7751114764	-3.5386194280	235.1990275079
2.0710085216	-4.4698206284	235.4118872341
2.0871608872	-4.3249902631	234.4225625825
