-0.5066544557	2.1457120921	-99.0865960470
-0.4179364108	1.4111207893	-98.4139113315
-0.0052234419	1.1029624948	-99.2710615347
0.4805550284	1.8611075325	-98.8360496043
0.4303988006	2.8347559914	-99.0585198970
-0.0161561896	2.6579440135	-98.1814074954
0.5813201505	3.4448553399	-98.0271590356
0.8118971120	2.7729165917	-97.3233603545
1.1063136196	2.5538321727	-98.2535866374
1.4503350693	1.6171589352	-98.3191037218
1.4221868459	2.1712437596	-99.1510879073
2.0653121918	1.4054980680	-99.1559175295
2.4216190737	2.0764483204	-98.5056320809
2.4576656165	3.0546970220	-98.7099116067
1.5184886618	3.2076123924	-99.0174234555
1.6671087071	3.4577142916	-98.0606783890
1.9795563520	2.6301768967	-97.5942469051
2.9681157035	2.6646207388	-97.7410938671
3.5233577029	3.1187258671	-98.4378684753
3.3825394270	2.6822037170	-99.3264733513
3.7011159157	2.0809766907	-98.5936465753
3.1725093189	1.6318973974	-97.8732974557
2.2240345109	1.6113651762	-97.5571108550
1.2960566813	1.8080317063	-97.2405995223
0.4606274717	1.7287732786	-97.7844525699
0.4616344093	0.8836696035	-97.2498510693
1.3594087507	0.8185337184	-97.6854639118
0.6827492681	0.8630422146	-98.4204135281
1.0938846553	1.1308053624	-99.2917748711
1.7779584049	0.6563592907	-99.8458001686
2.4406000505	1.3501287496	-100.1279171432
1.7658240284	1.1126812786	-100.8266989536
1.4695277018	1.8072668434	-100.1711385979
0.9421516573	2.6400840004	-100.0029420145
0.4497127629	1.7699752292	-99.9825787762
0.7327744444	0.8731478230	-100.3225444920
1.2844952521	0.1238824541	-100.6888852587
1.3073214975	-0.5916128598	-99.9906407324
2.2559144877	-0.4446289293	-99.7103425642
2.9387507771	-0.9913978289	-99.2258032239
3.6050582996	-1.7331999872	-99.3017232046
3.8859040225	-0.9025969382	-99.7825810369
4.2637828470	0.0185657141	-99.8756775564
3.2849143297	-0.0809216554	-100.0543355793
2.5322832936	0.3606442360	-100.5427678540
2.9918710582	1.0764828625	-101.0684618215
3.7728326073	1.6845926704	-100.9259784175
3.1541330381	2.1745711462	-100.3118677302
2.3938625270	2.0310983954	-100.9454325017
1.4742450719	2.4042011139	-101.0683068182
1.9499025691	2.8739891964	-100.3246341060
2.3653704906	2.3492994958	-99.5816084507
3.0590812473	1.6704284158	-99.3409854202
3.9882240443	1.8242795614	-99.6771750804
4.7389309949	1.2509103588	-100.0053317987
4.2350038473	0.7113695863	-100.6798339743
3.4384488816	0.9626552370	-100.1299651642
4.0124545036	0.8510969090	-99.3187486176
3.7679500775	0.9293460358	-98.3522628910
4.3783527782	1.5724841551	-97.8898973404
4.6600433308	1.5436466216	-98.8489691986
4.9137958519	0.7028815586	-98.3707184622
5.1062497019	0.4961641292	-99.3300043528
4.5600906450	-0.1880921090	-98.8467821625
3.8896557567	-0.9016148599	-98.6433065022
3.5005853527	-0.0241832795	-98.9239095000
2.8147838241	0.6212727688	-99.2601575530
2.5369976342	0.9309754329	-98.3508066348
1.7031409614	0.5138688618	-98.7123383175
0.9561231021	0.0929091315	-99.2268839649
1.4695766978	-0.6539744798	-98.8043555325
1.8605788983	-1.3676898483	-99.3854989330
1.8432188229	-1.4721522845	-100.3798762393
2.1728542524	-0.6233928090	-100.7933346247
2.8856311836	-1.1138403302	-100.2919263327
2.6516106577	-1.9601833277	-99.8134517524
2.6156926852	-2.0444124497	-98.8176529001
3.1735294591	-1.5357637385	-98.1618369027
2.2768302641	-1.1341220405	-98.3478866275
1.4784771264	-1.0333290992	-97.7541922191
0.6387181983	-0.8870425813	-97.2313105907
0.4859838419	-0.9271275414	-98.2187645959
1.0055979505	-0.0955885567	-98.0224380949
1.3710399629	-0.1106116374	-97.0917252269
2.0799885286	-0.0336795364	-97.7927768533
2.4439649230	-0.1850578631	-98.7118012200
3.0796402662	-0.4643717112	-97.9921480866
3.0287511126	0.4328432265	-97.5534960039
2.2358673931	0.6804429227	-96.9966928090
1.3361161111	0.8833702819	-96.6103404862
2.0115254581	1.5973296771	-96.4257214298
2.7314299379	2.1984107489	-96.7727647773
3.1628023558	1.3000748428	-96.8558938145
3.9632710879	0.8326755280	-97.2311106711
4.0470263190	0.0545389933	-97.8535964899
3.6134476020	-0.3393091589	-97.0431070518
2.6264078146	-0.3135376378	-96.8847142275
2.4840242524	-1.2038252816	-97.3172819478
2.1487473176	-2.0236960039	-97.7813954852
1.4801262855	-1.8714946913	-98.5092558262
