2.9542796365	1.4523040408	148.6697267615
2.2087484350	0.8353224393	148.9217524171
2.0753869275	1.5485222458	149.6099099167
1.8746719281	1.9088723510	148.6989426886
2.2808151968	1.5112996124	147.8761525801
2.3780701965	0.5166393355	147.8416214552
1.5582531251	0.2849433568	147.3179641791
1.3234268294	0.7550795738	146.4671830391
2.0257261282	0.9760524774	145.7904654682
2.2760070639	0.2562056467	146.4379065802
3.0737232556	0.4942582577	146.9919641872
3.4183533577	0.8904942001	147.8429795635
3.2724181894	1.7612484886	147.3734160474
3.3018203572	2.3747468729	146.5842676171
2.8939230333	1.6152553830	146.0775206883
2.6163743566	2.4875380879	145.6749171429
2.6199157563	3.4872428603	145.6989551630
2.1291841674	4.1162109066	146.3019325294
1.2645426913	4.5623470002	146.5329253948
0.3572605988	4.2942529027	146.2089427419
-0.1950301126	3.5601280037	145.8139293208
-0.7954251078	2.8565686276	146.1941004061
-0.8702505225	2.0413250362	145.6198364913
-0.5498708726	2.8128275228	145.0701631401
0.3871678125	2.4646702311	145.0974578807
0.6522574643	3.4250141802	145.1838695461
1.6270349140	3.2206274214	145.2735075759
1.4221871873	4.1708396970	145.5083139648
1.1268242114	3.4810783181	146.1693661207
1.0509070644	2.5151423535	145.9219710945
1.8118842492	1.9362220304	146.2148276870
1.0236655330	1.4758024768	145.8065078489
0.2207602872	1.3946840436	145.2159462806
-0.4315843777	0.9996820915	145.8628001250
0.3083062002	1.0122316578	146.5354102953
0.6470144901	0.8387364956	147.4601676272
-0.3312392588	1.0399439949	147.4098174036
-0.0715657157	1.8669408855	147.9084613588
-0.4210425893	2.4629100133	147.1854906032
-0.7263331188	1.6625677149	146.6694965160
-1.4927038345	2.2213343213	146.9864441549
-1.2321142961	3.1121169540	147.3587335503
-1.0110224162	4.0502182656	147.6253499598
-0.1946331942	4.5436672971	147.3253221420
-0.3911782409	3.6906950043	146.8417848505
0.2877053414	2.9916870226	146.6170518460
0.0786913600	2.1179653106	146.1778212397
0.5153787067	1.9474277302	147.0611224878
1.4353427837	1.5677098198	147.1584898620
2.3218651038	1.2127796364	146.8616688034
2.3350157105	2.1896788043	147.0749645542
1.7599013921	2.5548173224	147.8070283378
1.2956628627	2.6460856159	146.9260330561
2.1096806258	3.0208154225	146.4822395756
1.6349308036	3.6098403224	147.1361984991
0.6669369566	3.8568228753	147.1807802292
-0.0274850797	3.5476135824	147.8305245240
0.5888569877	2.7763352318	147.6716152357
0.0779489265	2.7796532606	148.5312441927
0.4457645543	3.6299579660	148.9076662589
0.1152361941	3.9761944838	149.7856590134
-0.5177103426	3.3615499654	149.3149246958
-0.4744032950	4.0949087412	148.6364636390
-1.1885748690	3.4213198415	148.4461035666
-0.9085875951	2.4760422469	148.2786001468
-1.1268052433	1.5797786927	147.8924749087
-0.8921463460	0.6849911906	148.2723308391
-0.6116364889	1.4523107882	148.8489891912
-0.4688113676	2.2878579679	149.3795190163
0.3839646758	2.7724236455	149.5743756914
1.0260799401	3.4121590194	149.9967814665
1.9477110214	3.7919442133	149.9170358930
1.4721820073	3.7478007905	149.0384441136
1.1547299244	3.4978174224	148.1237132839
1.1195606025	2.6751489697	148.6911458665
1.0082137484	1.8821585675	148.0921733294
1.4314712796	0.9774591965	148.1408776459
1.1193230544	1.0557978671	149.0876756910
0.3196322318	0.9350143166	148.4995380182
0.3940863066	1.8245242609	148.9503469020
1.1681848600	2.0301958170	149.5490710794
1.7824297901	2.8188614153	149.5224301340
2.2148958153	3.0583481179	148.6531665052
2.7729821195	2.3986515819	148.1498374305
3.3601006136	2.9026754702	148.7832818195
2.7322660845	2.3092146417	149.2868968006
2.8473533896	3.1775937131	149.7692583875
2.7636634259	3.8956164019	149.0782884834
2.2020234522	4.6613465883	149.3916857099
1.2462550399	4.5915352535	149.6774008121
0.4535868165	4.7164166229	149.0806749696
0.5583663710	4.4128903722	148.1336305883
1.3847431178	4.5695629218	147.5927468811
1.5013724980	4.7120658727	148.5756459078
2.1400991565	4.0457234026	148.1909174733
2.4951753894	4.2874084994	147.2878620027
2.9902297369	3.6252153612	146.7253485000
2.5105249966	3.2210465996	147.5041494850
3.2099490960	3.7002700051	148.0343860896
3.5115261835	2.8926068270	147.5276993509
