-2.2414759726	0.5367329200	-87.0725922912
-3.0075068655	0.8464837262	-86.5093418059
-2.9819704156	-0.1336352896	-86.7061020777
-3.4310210277	-0.7326602455	-86.0431370334
-3.0894111252	-1.4052923677	-86.6995429312
-2.2281997748	-0.9106132589	-86.8161945030
-1.9471982371	-1.8579793993	-86.6627815579
-1.8431591593	-2.0442417330	-85.6858055022
-2.4610895482	-1.2664863410	-85.8009514294
-2.2334477314	-0.3097598405	-85.9822070680
-1.9685970051	0.6544447770	-85.9694184642
-2.0719105171	0.2655177779	-85.0539611426
-1.7775341212	-0.6884669176	-85.1110202186
-1.4256881015	-1.0852564219	-85.9588188195
-1.1597976158	-1.0334401072	-86.9214284595
-1.4544552547	-0.1127721213	-86.6654063205
-1.1229716970	-0.0041872974	-85.7282147781
-1.0302081014	0.7763898817	-85.1100771051
-0.5447864938	0.8201439977	-84.2368924510
-0.7506929341	1.0797722987	-83.2933906316
-0.9165076959	2.0361424632	-83.5339349585
-1.2997836756	1.5853937561	-84.3401142974
-1.6941801703	1.5578527466	-85.2586418679
-2.4731194648	2.1595687551	-85.0820309380
-2.7337743958	1.3258103829	-85.5687608259
-3.6805627646	1.5173016761	-85.8274553743
-3.4619805748	1.5311063238	-84.8517344828
-3.9396747791	0.6991961979	-85.1341062051
-4.7029520631	0.1877199072	-85.5288210284
-3.8854471991	0.3058374882	-86.0925000455
-2.9982748578	0.2953402900	-85.6311812342
-2.8476251375	-0.5546337045	-85.1263556501
-3.8223231880	-0.3320638599	-85.1470044946
-3.6677907183	-0.0490401724	-84.2004225868
-2.9919057794	0.5654718759	-84.6073064668
-2.3510615590	1.3081140100	-84.4128807847
-3.1056123857	1.3708060729	-83.7596405875
-2.5258874410	0.5715013314	-83.6014289610
-1.6366769921	0.4699394889	-84.0475118789
-0.9721591404	-0.0575193137	-83.5181696113
-1.9145106574	-0.3399484750	-83.3387054442
-2.4153182122	-0.3261696320	-84.2041544239
-3.0484675870	-0.4077702412	-83.4344381062
-2.4882649776	-1.2173836324	-83.6096499587
-2.6754500265	-2.1258935149	-83.9832427196
-2.3586272438	-1.4794762629	-84.6773378577
-1.8687913242	-2.3511767525	-84.6632301204
-1.2153806023	-1.6253941472	-84.8783906149
-0.5906527412	-0.8938235236	-85.1513732559
-0.9913283340	-0.1511718068	-84.6147844964
-1.4224529416	-0.8746928322	-84.0756658652
-1.5701392777	-1.7910043640	-83.7034267984
-2.1899430268	-2.0839106537	-82.9753820071
-2.5827049974	-1.8134851014	-82.0964007473
-2.1315604691	-1.0780381075	-82.6019562179
-1.4197632151	-1.6936593210	-82.2637917743
-1.1221665129	-1.0318520131	-82.9518668357
-1.4109788553	-0.2887495968	-82.3482227106
-0.9279541469	0.5747008304	-82.2028250115
-1.6121901100	0.5750332325	-82.9320856208
-1.4596299087	1.4879192988	-82.5534506847
-1.8747339172	1.4432035442	-83.4621250837
-2.5830333939	2.0625684264	-83.1234526843
-2.1786349020	2.3210533927	-84.0007481772
-3.1260985434	2.4535457168	-84.2918811919
-3.9474921306	1.9864817438	-83.9645223367
-4.5991773010	1.6854986107	-84.6607375277
-4.1860291518	0.9321933532	-84.1490346884
-4.6804508819	0.0882752454	-84.3572398280
-4.3208075968	0.2175553980	-83.4331492753
-3.4484251853	0.5551855147	-83.0796597673
-3.8016353037	-0.2461367165	-82.5968292648
-3.3584199900	0.3194011903	-81.9013243679
-3.5123747640	-0.6203442141	-81.5960761043
-2.5244651286	-0.5816250072	-81.7461939755
-2.5818449611	0.0042048093	-82.5545942359
-2.0610452513	0.5442031850	-81.8934063530
-2.5149128883	1.0550753533	-82.6234842911
-3.4100526214	1.4941410612	-82.5463729271
-4.1805028633	1.3306891746	-83.1625627563
-4.3673943432	0.6947686651	-82.4137792893
-5.2480311531	1.0322407277	-82.7463321663
-5.1668305781	1.0908704346	-83.7413040373
-5.4382875674	0.1807320426	-83.4283196760
-4.9120280039	-0.2653519443	-82.7043998266
-4.6034921595	-0.5666255906	-81.8021582720
-4.0914471138	-1.2281701785	-82.3500347448
-3.1449148178	-1.0504410079	-82.6192724735
-3.4155733089	-1.8045523690	-83.2176536533
-3.9732833272	-1.0007229240	-83.4245781777
-4.9037195762	-0.7577902736	-83.6989358164
-4.2975272249	-1.0061109439	-84.4544936752
-3.3123342620	-1.0500036500	-84.2887581745
-3.4450567080	-1.4092953875	-85.2124974233
-3.8652346356	-1.7855755135	-86.0382478553
-4.4426125073	-1.1152240258	-85.5721323372
-4.3893230732	-1.9607289120	-85.0408304233
-3.6323919808	-2.0750236120	-84.3974082889
-2.9438273859	-2.3890691012	-85.0510551579
-2.8759345860	-2.2647758746	-86.0409752362
