0.7589709058	3.9069392732	-15.0258467433
-0.1638240451	4.2887112874	-15.0778044922
-1.1136722881	4.3135936144	-14.7660847699
-0.7412726942	4.3087133076	-13.8380251139
0.0820618403	3.7795226403	-14.0431530787
-0.1998743534	3.2459424110	-14.8405263424
-0.7814623806	3.5585390384	-15.5915514519
-0.2962000112	2.6928697373	-15.7145843502
0.6532117590	2.8485322682	-15.4418455244
0.2753976005	3.5659864259	-16.0270941838
0.3887496215	2.7221749251	-16.5516258516
1.0011447684	1.9441286421	-16.6916835737
0.4052027880	1.8738963913	-15.8917332084
1.2519559593	1.7760419929	-15.3688244365
1.5575739079	2.5749992731	-14.8508814532
0.7189198559	2.7944332251	-14.3523755639
0.7610356597	1.7954191517	-14.3664162271
0.5536906223	0.8531673539	-14.1034151150
1.0940933374	0.7805931638	-14.9416858902
0.8792368498	0.8880817866	-15.9123984561
0.2189237951	1.0934691271	-16.6347575843
-0.6044993857	1.1469421175	-17.1996601464
0.0740626571	1.8693334601	-17.3327176605
-0.5061967736	2.6753354074	-17.4495930382
-0.6800980543	3.1910445285	-16.6106636926
-1.2519244316	2.5980747883	-16.0437408748
-1.1514745840	2.6342684071	-15.0494572885
-1.6853871043	3.4771409350	-14.9823504907
-2.3247855128	4.1762344470	-14.6622912203
-1.7915579740	3.8438171483	-13.8843663323
-1.0005392988	3.2761739035	-14.1125561701
-0.2418892644	2.6729477334	-13.8664498659
-0.3125058687	2.6074032211	-12.8711020814
-0.4312622919	3.5747572802	-13.0949838273
-0.4721637517	3.4227533240	-12.1074506037
0.4601612312	3.1164994784	-12.2997490911
0.5521199051	3.1178672821	-13.2955109760
0.6428735943	2.1235223449	-13.3506645231
0.0837040663	1.4484031548	-12.8694748327
-0.3434347462	1.8801010645	-12.0750005728
-1.1242348135	2.5038122611	-12.1115464091
-1.8633921871	3.1773033358	-12.1040531160
-1.4662215068	3.7120043442	-12.8499420369
-1.3215296707	2.7846659042	-13.1950618571
-1.9908488263	2.2732424455	-12.6561203818
-2.3068267635	1.5664300717	-12.0232110585
-1.3356181819	1.3898130413	-12.1830869965
-1.0036051370	1.7914723903	-13.0365722661
-0.7731304153	0.8248406777	-13.1483959437
-0.9951565121	0.2306988914	-13.9215065116
-1.4307581693	1.1308079879	-13.9141030862
-1.7405408115	1.6290861971	-14.7238891943
-1.0251507689	2.0654066692	-14.1781405960
-0.2544189305	1.4937486746	-13.8967519495
-0.7122971256	1.0374284322	-14.6597194422
0.1602868887	1.2300301479	-15.1086088686
-0.1398080449	2.1371739503	-14.8135950510
-0.7841597529	1.7455444028	-15.4704338241
-0.4915929903	1.8814439186	-16.4169727885
-1.2947851700	2.0636461661	-16.9841453051
-1.5780111430	1.1590738645	-16.6655044423
-2.3636476054	1.7242758996	-16.9171430889
-2.0587086523	2.3328249093	-17.6497277855
-1.5419694247	3.0828320037	-17.2368477437
-2.2096374448	2.7545948058	-16.5686563364
-1.6979444343	3.5226226289	-16.1835543683
-1.8117933665	4.3423668976	-15.6222543107
-2.5694471573	3.6918655125	-15.5692573171
-2.8140174467	3.1572287683	-14.7603389497
-2.0063083918	2.7333171873	-14.3505767575
-1.9714206555	2.0034380453	-13.6678914098
-1.9317194642	1.2256619583	-13.0406050526
-2.8204984447	1.6839513322	-13.0340648928
-2.9383535147	0.6949567094	-12.9446231872
-2.1864670993	0.4109317034	-12.3496470412
-1.4395534237	0.0458647613	-12.9053862687
-2.0889831018	0.3354411668	-13.6085125721
-2.5045778254	1.1397545394	-14.0332018990
-3.4014711416	1.1263699840	-14.4752462780
-3.6560359178	1.7819177758	-13.7642934895
-2.9272411575	2.4600523830	-13.8591178106
-2.3556829278	3.0727200793	-13.3132611591
-2.9219817327	3.7329347704	-13.8066395386
-3.6977552501	3.1654444248	-14.0825564778
-3.6295383648	2.4286032859	-14.7551719643
-2.7215621585	2.0165480060	-14.8312617473
-2.5344516683	1.0827484673	-15.1362340181
-3.2548719974	0.4026481336	-15.2720945548
-2.6720010269	0.1847626445	-14.4892872059
-1.7290697174	0.4603242532	-14.6762266222
-0.9762320721	0.1383405975	-15.2503015348
-0.6467166980	0.7857469376	-15.9375312264
-1.5683125097	0.9258477858	-15.5755465413
-1.9587027639	1.7964812260	-15.8748672092
-2.1419002671	2.6726293243	-15.4289937018
-3.1060275427	2.6900574242	-15.6938613251
-3.0084016912	1.7178273196	-15.9065531606
-2.5107299381	0.9018731940	-16.2007328522
-1.8415862724	0.1803669387	-16.3787089131
-2.2463288602	0.0220415106	-15.4780888510
