0.6516999144	3.7125532127	132.8337787528
1.5765377414	3.5917712262	132.4731034065
1.8103176941	4.2124851843	131.7247310955
2.6366105082	3.6791359160	131.9057801034
2.3630203694	2.8052959234	132.3077155502
2.1755862298	2.8891377627	133.2864080399
1.2085516456	2.7740992557	133.0592291351
1.1973114850	2.6176552517	132.0716062656
1.7639974772	3.1736944870	131.4635870595
1.6260868928	2.6006278309	130.6557657436
0.7036936923	2.8940660909	130.9069325633
0.8135191354	1.9923644199	131.3251101195
1.4853590311	1.4709423874	130.7990395743
2.4816485521	1.5065286325	130.8774028911
1.9539673852	2.0216480133	131.5528320950
2.6013770866	2.6308040390	131.0948041322
2.8647408765	2.3971005921	130.1588435491
3.8229646859	2.6803435445	130.1985998203
3.2332214422	3.3587314982	130.6367695260
2.3792742219	3.8428752207	130.8275023259
2.2577690740	3.2419954898	130.0374516642
1.9060629510	2.4691665408	129.5092109817
2.1252695809	3.2706830245	128.9528659631
2.9994010371	2.8403752189	129.1780978205
3.8465929284	2.3097218051	129.1521583954
3.8004239045	1.3561582518	128.8545261206
3.3170750341	1.9881587136	128.2487627298
2.4034451026	2.3376755880	128.4564122006
2.6016103853	2.3583028505	127.4764606524
1.8718493701	1.7097091521	127.6927361131
1.3800325289	2.4185653478	128.1983437559
0.3897864389	2.4996022194	128.3116826577
0.1149003494	3.3079818326	128.8322208780
1.0442747975	2.9978218578	129.0323806275
1.1915616174	3.2952462727	129.9756967516
1.2572374873	3.8393736597	130.8121249116
0.8041366811	3.6319978573	131.6791283349
0.1656482439	3.0070396252	132.1283050525
-0.0873977925	2.0777681438	131.8591912898
-0.4717198805	1.4288640891	131.2025178090
0.3413690679	1.0243136454	131.6211170214
0.8973143739	0.5533736325	130.9361788336
1.0272230896	0.0393182687	131.7840413275
0.7706876427	0.6435615974	132.5384149512
-0.0819754662	1.1658476193	132.5519402642
0.6746572813	1.8194318743	132.5702297970
1.3080623460	1.3122038762	131.9858345695
1.8186662604	0.6906144505	131.3917720909
1.8427939057	0.5962761213	130.3965243146
1.9451113077	0.6540913027	129.4034540481
2.0748787672	1.5095215034	129.9048516730
2.8233873467	1.7846391645	129.3014901073
3.5345922439	1.5976111528	129.9791390702
2.8845967979	0.8573544117	130.1509700261
3.0300738400	0.7065194160	129.1731739153
2.5242332903	1.1164969378	128.4141984414
1.7966299606	1.6019272199	128.8989157155
0.8792871124	1.9518842205	129.0886845134
1.0185419721	2.0592477346	130.0731037127
1.0378591169	1.1075244493	129.7667548328
0.3753020137	1.3312997645	130.4815573882
-0.0693599838	2.2204879079	130.5893542047
0.1652488249	2.8142915672	129.8197075838
-0.1726287737	2.0167179431	129.3199926224
-0.2088784498	1.0739503570	129.6514669646
0.4133895317	1.0120985796	128.8711100482
0.8125467538	1.4581554254	128.0700440070
1.4452143187	0.7299438570	128.3335580748
1.0542910273	0.1514960995	129.0495030253
1.0535085901	-0.0437212711	130.0302627135
1.5372591047	-0.3525157738	130.8491835856
2.0739260057	-0.4241295419	130.0084338574
2.4776058674	-0.2816984586	129.1046883424
3.0906230539	-0.1600731557	129.8853401309
3.6221956396	0.0047561242	130.7161601443
2.6365144757	0.0750260777	130.8694402042
2.8341770228	0.7668153210	131.5639595777
2.3410010994	1.2526203539	132.2856042123
1.8133258770	2.0003141224	132.6887330853
1.5289528925	1.1605969177	133.1513420149
2.4986534343	0.9804596727	133.3163615052
2.2267280675	1.8733193886	133.6753296412
2.8670381057	2.0293262719	132.9232226625
2.9477622845	2.0253802103	131.9264939956
3.3953274839	2.8848725076	131.6795964799
4.2456962131	2.5973882388	131.2388858950
3.4949668833	1.9985078905	130.9600529667
3.6190890526	1.0081328772	130.8988073944
4.5324220248	0.6576585521	130.6914655769
3.9513519619	0.5702791718	129.8823163781
4.5579971325	1.2976381948	129.5614885603
4.4982046771	1.8202038638	130.4119884039
4.5161518369	1.5249339311	131.3672336951
3.9787788670	1.8995563927	132.1228052023
3.3826400428	1.1776238800	132.4741340359
2.8459714811	0.3362389482	132.5378384438
1.8476271487	0.3438205262	132.4808199061
2.2403185092	-0.2432820263	131.7729328471
3.2396535960	-0.2475803971	131.7367263799
3.9279685237	0.4778302174	131.7381408401
