3.4848056989	2.1593903624	-242.2354835514
3.0981543168	2.5377730527	-243.0765110470
3.9826254386	2.0874878823	-243.1987980048
3.6512490460	1.1907139840	-242.9055638634
4.4971409929	0.6708221125	-243.0246405449
4.1179962927	0.5961051996	-242.1023246125
3.2392874332	0.2254014608	-242.4030728096
2.3626731679	-0.2377107611	-242.2724033796
2.2598538644	0.7547435422	-242.3392064246
2.6807437791	1.5764942892	-242.7233644512
3.0938859301	1.1980299025	-241.8950660322
2.7322716531	0.3854185392	-241.4380125486
1.7341625025	0.3288990877	-241.4621719188
1.1430142783	-0.1154075093	-242.1353252630
1.1280800632	0.8818170057	-242.2082652107
0.6103023924	1.5950920780	-242.6806474233
1.0664630122	1.7722810103	-243.5527263022
1.1934899264	2.6333942671	-243.0604376449
2.0935856351	2.8971437944	-242.7136467829
2.4390560202	2.3203431996	-241.9734094650
1.9322163149	1.5152951857	-241.6651705828
1.6193018340	1.7193863054	-242.5927649675
2.0971474843	2.1001535154	-243.3843961103
2.5693641691	2.6536282990	-244.0704551941
1.5726588510	2.6428441507	-244.1508430723
0.5794066403	2.5268902123	-244.1486681873
0.9623075534	2.6556156049	-245.0634450257
0.8598637108	1.9221879881	-245.7354488874
1.4414244774	1.1236467811	-245.5801459075
1.0704968281	0.3385054698	-246.0760953003
1.1910305798	-0.5651335966	-245.6651110520
2.1209132126	-0.7792289892	-245.9642455571
1.5971472580	-0.3711787250	-246.7120183881
1.9246783355	0.5657229001	-246.8342425190
2.1458285741	1.4064683312	-246.3400363960
3.0428194969	1.7102229811	-246.0188816092
2.9312635816	2.2711180900	-245.1985451205
1.9510596353	2.1286005428	-245.3359822786
2.4686925494	1.2779571958	-245.2439928096
3.1216836901	0.5212642844	-245.2759053159
3.0477270402	0.6449988826	-246.2654608541
2.1964472273	0.3496868881	-245.8317403150
2.3408775447	-0.2487732328	-245.0437140673
1.5354476591	-0.6719506262	-244.6287398595
0.7570379544	-0.9016050386	-244.0444991707
0.8438258071	-0.5284352203	-243.1208043318
1.7705874073	-0.7800507763	-243.3997354136
2.1725926922	-0.0627523508	-243.9688353342
1.1837223033	0.0851760040	-243.9529433291
0.8146327103	0.6253864847	-243.1966725384
1.6966177829	0.1901370368	-243.0159510685
1.7895036467	1.0005250828	-243.5944348030
2.6932940583	0.6928458348	-243.2969514046
2.7805387370	0.7641615446	-244.2905823399
1.8506639298	0.7072829429	-244.6540347681
1.0486340588	0.2151608404	-244.9925076953
0.4373769974	0.9840708083	-245.1799704015
0.6629388936	0.9911904405	-244.2057675778
1.2738489463	1.6546434423	-244.6377618160
2.2178795590	1.6658198401	-244.3080933607
3.0338085971	1.6818015635	-243.7301622322
3.6380322130	2.3089605710	-244.2216756108
3.4375393244	1.4727362951	-244.7320985355
4.0321757599	1.2698589148	-243.9541214933
3.8946293161	0.4678340736	-244.5353590781
4.2555407153	0.9803348866	-245.3145162371
4.0752548269	0.7558387132	-246.2721688185
4.8646627635	0.2567934738	-245.9146930031
4.4181445442	-0.4634527213	-246.4456043875
3.6430021119	-0.0306760332	-246.9058853320
2.6715580304	-0.2425913447	-246.7991693664
3.0895857411	-0.3551571268	-245.8977361865
3.9596857453	-0.0946818301	-245.4793122358
4.1441267256	-0.5729910388	-244.6207076552
4.8667557890	0.0990908161	-244.7823034999
4.6601634428	-0.0360656550	-243.8132563747
4.5267607794	-1.0089070267	-243.6240913808
3.9884570935	-1.8490186090	-243.5574455167
3.6472066399	-1.3081332319	-242.7886860375
4.0096253293	-0.3810583183	-242.8845233902
3.6210823089	0.2653513738	-243.5411730923
2.8863938807	-0.3436292456	-243.2422157062
3.4559625929	-0.9439338153	-243.8036655309
3.1305751575	-0.2026014409	-244.3906487739
3.1379103845	-0.9822167946	-245.0168644674
2.2379807275	-1.4125095255	-245.0873965758
1.2491506234	-1.5574823025	-245.1220075444
1.5933449994	-1.5973833353	-244.1839573650
2.4407423321	-1.0672012367	-244.1552397234
2.7413233959	-1.6660557275	-243.4129295976
3.0429792074	-1.9280081264	-244.3296545902
3.9469106484	-1.5837817787	-244.5834580015
3.4424096494	-2.0182172059	-245.3296112041
2.8436443559	-1.5503948248	-245.9797053073
3.4732356520	-1.0910561465	-246.6063014919
3.9557500328	-1.1355898515	-245.7315463139
4.8423026070	-0.7716717523	-245.4459099188
5.1745933734	-0.9409066876	-244.5180401094
4.8938131952	-1.8690645231	-244.2737339001
4.7268710849	-1.8199089515	-245.2584745063
