0.0746507705	-3.2595690568	-18.5750783634
-0.9025115080	-3.2477176476	-18.3629146870
-0.5666655320	-2.3159671684	-18.5009310806
-1.1540786060	-2.4103048475	-17.6971610371
-1.7084475128	-3.0190720205	-17.1296421879
-2.1326615490	-2.9965847472	-16.2243594839
-2.7339786536	-2.6194706794	-16.9287760650
-3.1266658982	-2.8843798475	-17.8094688949
-2.1675716074	-2.7434175952	-18.0549638742
-1.5703216211	-2.3838976485	-18.7719282121
-1.4062942452	-1.5483723716	-18.2475309089
-2.3514328288	-1.7228324416	-18.5237133519
-2.6406457649	-2.4810242590	-19.1080942600
-2.0135235299	-1.8876378315	-19.6126834493
-1.4051340145	-1.3472823675	-20.1939563371
-2.1565976885	-0.7410066106	-19.9337025124
-1.6265472649	-0.9946132170	-19.1245484866
-0.9572006617	-1.7217941767	-19.2768080570
-0.5516982181	-0.9039385176	-19.6850725413
-1.1507994329	-0.1033782393	-19.6716198338
-1.4753967896	0.7308912549	-19.2259394920
-2.4583527688	0.8986123094	-19.1506587454
-2.1711739214	-0.0583900907	-19.1097354529
-1.8505031965	0.4137570760	-18.2886097992
-1.0958375231	-0.1526644351	-18.6197387667
-0.5323807969	-0.9787638398	-18.6110042769
0.1669959076	-1.5940910133	-18.9746589134
0.4618887429	-2.0786561791	-18.1511087838
0.3534808254	-1.1014215329	-17.9687350745
-0.4826824408	-1.5943344481	-17.7281777003
0.1605043516	-2.0513537235	-17.1138128803
-0.1820416584	-2.8366915186	-17.6294743764
-0.7095732613	-2.7642030305	-16.7830372393
-1.1234810665	-2.6724597882	-15.8773532402
-1.5973469794	-2.1129809744	-16.5573786467
-0.6747796817	-1.7579140075	-16.4063917918
-0.3422352760	-0.9782058870	-16.9369287509
-0.8738400186	-0.5573007795	-17.6719357496
-1.4067928653	-1.2423053024	-17.1752164457
-2.1652463199	-1.8387157716	-17.4379766202
-3.1195486173	-1.8153572860	-17.7359053136
-2.8237273839	-0.9024738148	-17.4545984243
-2.3039803289	-1.0821397973	-16.6193840006
-1.4572980304	-1.0904840985	-16.0873506764
-1.8988997105	-0.1934932593	-16.1072351077
-1.0239711810	-0.1987578914	-16.5914585602
-1.8379255457	-0.1901427600	-17.1723234943
-1.9045272303	-0.6428396928	-18.0614971009
-2.7847267303	-0.7453938837	-18.5248883806
-3.1118756443	0.1836290068	-18.6977757920
-2.7120182494	0.1132378766	-17.7839053676
-2.8131980318	-0.0155089045	-16.7974030016
-3.2904888115	-0.6525765945	-16.1921441562
-4.1205096518	-1.1662380284	-15.9748486523
-4.1054885919	-0.2347411906	-15.6114095115
-3.8466330980	0.2280709650	-16.4592295053
-3.7213781277	0.0738055660	-17.4392873500
-4.0942780556	0.1586481064	-18.3632718667
-4.6794210513	-0.3955847411	-17.7712975215
-4.8123695155	-1.3187043393	-17.4104999145
-4.4523780553	-1.8759446313	-16.6622423348
-3.8147103165	-2.4513519760	-17.1743812249
-4.1705406673	-2.0396804242	-18.0133754411
-3.5128087072	-1.8418093212	-18.7401736905
-2.9515975950	-1.3198481987	-19.3825121326
-3.1282023137	-0.3699949806	-19.6405618125
-3.8029933845	-0.7171972189	-18.9893263585
-3.7528554046	-0.9804246438	-18.0258962854
-3.8985931079	-0.8840079655	-17.0412824799
-3.2971253605	-1.6148534682	-16.7186349943
-3.4946006718	-2.3768300726	-16.1018731637
-2.5824174969	-1.9733673262	-16.0301816883
-1.8044321762	-2.0039156737	-15.4026423356
-1.4040671714	-1.1833914103	-14.9946621937
-2.2957325772	-1.1454981468	-14.5435558819
-2.1123579500	-0.2320084641	-14.9067505206
-2.4607018130	-0.9138116346	-15.5500241714
-3.3064567625	-1.3308143959	-15.2171469232
-3.2411511130	-0.3622872616	-14.9769587424
-2.7927746530	0.1561991973	-15.7050592451
-3.5667299764	0.7224189054	-15.4215307641
-3.4751419206	1.3244685331	-16.2147191868
-3.2429715566	0.9591529474	-17.1161854618
-2.5051651501	0.9343177507	-16.4416301122
-1.5308793294	0.7369652734	-16.5503459764
-1.2384233777	1.4350138750	-17.2039495766
-0.4765842500	0.8711875327	-16.8850436357
-1.0780745095	0.4376015646	-17.5560225295
-0.9999061233	1.0583150679	-18.3361535763
-1.8856995787	1.5069963783	-18.2175996392
-2.8172446228	1.1640785579	-18.0966401445
-2.1522922280	0.8660167085	-17.4118062620
-2.4931464589	1.7864800479	-17.2205848354
-1.9279642016	1.8259226970	-16.3965622062
-0.9881845340	1.6047991128	-16.1359503552
-0.7219034706	0.6840097629	-15.8509216401
-1.1378521614	-0.0991175780	-15.3886465548
-1.7850419474	0.6545395516	-15.5033039224
-2.5427205709	1.3063137985	-15.4699357555
-2.7237925034	0.6347337094	-14.7514699322
