-1.3982312274	1.0682291626	-174.1188430811
-1.0269331185	0.2373716362	-174.5333469835
-1.9373629650	0.1132788094	-174.1387351932
-2.7023960363	-0.5060351733	-173.9621719166
-2.5783539618	-1.2971449441	-173.3632070643
-3.0126246119	-0.5060966147	-172.9323340633
-3.2599621132	-1.0537903428	-172.1330495453
-2.2863637073	-0.9926388966	-172.3529737250
-1.5656069857	-1.3235260902	-172.9620906376
-1.6393651258	-0.9050515354	-173.8673192185
-0.6811877924	-0.7473803863	-173.6284970955
-0.9747585380	-0.5041716727	-172.7040157604
-1.6898161761	-0.0533428690	-172.1697443275
-1.9393593037	-0.2297103849	-173.1219117113
-1.1295246948	0.2589276184	-173.4465666173
-0.7953510249	0.5640722385	-172.5548184918
-1.0338906646	1.3324562700	-173.1486912226
-0.9198469597	1.7969500075	-172.2704887396
-1.0023853741	1.5501579836	-171.3049416889
-1.0943990163	0.5709274193	-171.4856098697
-0.9856748398	-0.4171836943	-171.3769108331
-1.9024535243	-0.1813444189	-171.0545807542
-2.4096447360	-1.0099177978	-171.2916951371
-2.7555206213	-0.1882712361	-171.7447589291
-2.5781868691	0.3877830827	-172.5427026378
-2.9540623219	0.4735180997	-173.4653982273
-2.5018292456	0.9975480508	-174.1871169086
-2.0430605720	0.9512413711	-173.2997686142
-1.6933977450	1.0239881480	-172.3657216058
-2.2016699391	0.7345548727	-171.5546188035
-1.7361255168	0.8505530440	-170.6772290298
-0.7540212787	0.8073277174	-170.4939182646
-1.1824030439	-0.0531257424	-170.2180398369
-2.1484189922	0.0860357748	-170.0002159177
-2.8382079918	-0.4994923308	-170.4260656254
-3.5038380343	-0.8796977983	-171.0682341773
-3.8251619431	-0.0708866557	-170.5757146535
-4.5199957585	0.5928461477	-170.2988306802
-4.7508909515	0.0549202600	-171.1095853590
-5.0237207497	1.0016316084	-171.2807622381
-5.0941961468	1.9977069431	-171.3343079765
-4.7015542944	1.6879045219	-170.4683663875
-4.5507301745	2.6524357415	-170.6850034374
-3.7591536146	2.7324399247	-170.0791933348
-3.0111860633	2.2568111383	-169.6162443097
-2.1619806360	1.8768051307	-169.2495760994
-1.7303983020	1.0315432702	-169.5646460539
-1.2775282779	1.6852575749	-170.1709185580
-1.1124858632	2.5144915382	-170.7048961189
-1.6641858571	3.3477242282	-170.6681483172
-2.4380338723	3.0608543740	-171.2328295868
-2.7377764160	3.2408568863	-170.2959445869
-2.1066620489	2.4727069199	-170.1880544354
-2.4537775090	1.5365188561	-170.2433967025
-1.9511408405	1.8601713682	-171.0450234429
-1.5513106413	2.4879392843	-171.7128881412
-2.4955312616	2.1926716731	-171.8587115205
-3.4422310632	1.9321751681	-172.0481872617
-3.9959661413	1.8706451458	-171.2177707880
-3.8716676352	0.8832648321	-171.1196382369
-3.3299209899	0.8283058692	-171.9583813947
-2.9271123019	1.3966480509	-171.2409329119
-2.9026167445	0.4936617321	-170.8119624284
-3.1232483929	0.7453164758	-169.8696293845
-3.5394258216	1.5534466742	-170.2864290128
-3.0515711678	2.3068062110	-170.7273907403
-3.6434714793	2.9525492267	-171.2097495060
-4.2220063819	2.6600449107	-171.9711551742
-4.4405049319	1.7139855702	-172.2103833245
-3.8089615369	1.2131185332	-172.8022322508
-3.8387303885	0.2140635922	-172.7705614392
-4.3839907142	0.6574189577	-172.0591352679
-3.7994557822	-0.0629307529	-171.6857518086
-4.5919211848	-0.4948387118	-172.1163956298
-4.7692632615	-0.3386021170	-173.0880642535
-4.0197445183	-0.9869347174	-172.9543238599
-3.7920204917	-0.3156604111	-173.6596837491
-3.3968480031	0.1828706728	-174.4312441567
-2.5687017437	0.0963502320	-174.9850383300
-1.8956200833	0.8332919085	-175.0473122716
-2.7560298960	1.3244544073	-175.1831590751
-3.4352070094	1.4120714127	-174.4544329888
-3.1078290407	1.5704859591	-173.5229135327
-2.7143539701	1.3982093838	-172.6198641706
-1.9065411526	1.9830297069	-172.6935095482
-1.9993411848	1.9082413639	-173.6863815730
-1.7935193372	1.8603082601	-174.6637964208
-2.7165843395	2.1981204971	-174.4798565015
-3.3845561059	2.6002930313	-173.8537007924
-3.3508206890	3.3171814571	-173.1573295504
-3.2138178982	3.0837766094	-172.1946497426
-2.2274926381	3.0995441289	-172.3587042051
-2.0809763316	2.9476263593	-173.3361774596
-2.8372715185	2.4184573737	-172.9514726702
-3.8285970854	2.2885021059	-172.9318449185
-4.2525904230	1.7488363373	-173.6591622550
-3.9236655843	0.8101510873	-173.7624988502
-4.7564225851	0.2945821319	-173.9642522389
-4.7925692701	0.7677350044	-173.0840137619
-5.3331454337	0.3067410370	-172.3802652462
