-1.3277807638	0.2340408180	110.4732022222
-1.6411581165	0.2091858810	111.4225055810
-1.2883023550	0.0644035700	112.3469139831
-1.7480732769	-0.6089279788	112.9259090822
-0.9712805064	-0.9343823943	113.4650495232
-0.9132529534	-1.0775992344	112.4770607885
-0.6929787342	-1.4716164254	111.5847437364
0.0671331786	-1.4507177164	112.2341997580
0.6045052264	-1.5389833593	111.3954861843
-0.0753696339	-1.0764093777	110.8264558811
0.0435226741	-1.9939407790	110.4469815781
-0.9175495719	-1.7213718731	110.4922179514
-1.6404039491	-1.4557106446	109.8543263767
-1.8076476808	-0.7142226874	110.5041149142
-0.8508006635	-0.6804012764	110.2154976975
-0.9044501829	-0.4743792887	111.1925732676
-1.6563543315	-0.7771139627	111.7782283440
-2.5681860796	-0.7091129336	111.3733348725
-2.7716112117	-1.3198533400	110.6080804235
-2.3027942705	-2.1332965710	110.2638119444
-1.5360844097	-2.7699905404	110.3461331358
-0.5766563598	-2.9341931334	110.5753389941
-1.0508495584	-2.4161963601	111.2872520178
-0.0653723774	-2.3260386825	111.4311489216
0.3128790832	-2.5396898809	112.3318591958
0.7626112823	-1.9191121333	112.9742175135
0.4038585977	-2.0532920434	113.8979557140
0.7528838944	-1.1370955160	114.0948446817
0.1760703181	-1.0300528445	113.2850126221
-0.4105469574	-1.8226271713	113.1185611020
-0.1536314806	-2.7689492337	113.3146962391
0.7921630303	-3.0637721607	113.1784898340
0.1476345153	-3.7920564476	112.9457131367
-0.1709898429	-3.8156778101	113.8932998344
-1.0217897331	-4.0599280408	114.3585754212
-1.8661730268	-3.9457779889	113.8351381098
-2.0498908061	-3.2060608304	113.1877848037
-1.7464468145	-3.8115071068	112.4520154442
-1.2847732885	-4.3326147877	111.7341684269
-0.3649397367	-4.1678566431	112.0902035246
-0.5397549265	-3.3012311418	111.6228707845
-1.4649876704	-3.3735570033	111.2504283872
-2.3971002665	-3.5658017730	111.5573616971
-2.4574144684	-3.2185258921	110.6215403148
-2.1075324627	-2.5239750121	111.2501750714
-1.7527564121	-1.6000470158	111.1070282527
-1.6157037353	-1.7947245229	112.0782734493
-1.6095689265	-2.7885680510	112.1888962574
-0.7113981032	-2.3562970480	112.2690894748
-0.8039830971	-3.2834844170	112.6320655094
-0.9807840657	-4.0907291172	113.1951795401
-1.0907789596	-3.2178790655	113.6706097774
-1.3187033206	-2.4090785750	113.1284914764
-1.8512072224	-1.5931489791	113.3536547264
-2.3942250429	-2.1330821927	112.7105343866
-2.8031845306	-3.0056135726	112.4432496535
-2.7838796916	-3.9879748787	112.6292431679
-3.1572646534	-3.4643689629	113.3950241517
-2.5845846780	-3.2172586652	114.1766725040
-2.6706469025	-2.3564411674	113.6750884840
-3.5271199743	-2.6514987050	114.0986388668
-3.5742392058	-2.4811670815	113.1143792893
-3.8869663623	-3.1185398096	112.4101366244
-3.4485051466	-3.7306353570	111.7520402764
-3.1793815870	-2.8223009033	111.4318824560
-3.3244827848	-2.3872604779	110.5432399685
-3.6651229395	-1.6082054872	111.0695835887
-3.5167000286	-0.9380194815	111.7967846319
-3.2942295410	-0.4317184202	112.6299509523
-2.4119593049	-0.1021337673	112.2938361103
-2.4615087589	-1.0992970968	112.3504942599
-2.7465091590	-1.7836097770	111.6793080506
-3.5965123472	-2.1150506222	112.0887485789
-3.3073561316	-1.4904181179	112.8141608186
-2.7271714878	-0.9452410108	113.4192787417
-2.4709459892	-1.4361977236	114.2519311302
-2.6929982394	-2.2687225529	114.7594695097
-1.9067301299	-1.8379622116	115.2024457937
-1.9046076618	-0.8466342664	115.0710517292
-2.8154059480	-1.2209416576	115.2452368567
-3.5693742236	-0.9930502684	114.6291221318
-3.4384060030	-1.6220952603	113.8628651754
-3.7934636407	-0.7325932982	113.5752537478
-3.1901765568	0.0621876537	113.6413440863
-2.2564731303	0.2320596248	113.3261593393
-1.2953728949	0.1419075438	113.5872320110
-1.9348577912	0.3147573892	114.3363528280
-2.6740258734	-0.3335404286	114.5189466002
-1.9043453113	-0.6345670560	113.9559414476
-1.0700880484	-0.4469148406	114.4744021167
-1.3667538848	-1.3954350527	114.3635022130
-0.8167684965	-1.4476516543	115.1970425535
-0.0555055838	-2.0212261469	114.8945676302
-0.2993804008	-1.3306973510	114.2136160492
-0.7702390433	-2.1931712996	114.0280605946
-1.7392508948	-2.3800224199	114.1896238654
-1.6382967870	-3.2355893301	114.6973772803
-1.0851202355	-2.4726732141	115.0319736083
-0.3982539167	-3.0354122006	114.5720393814
0.5529157039	-3.0388001879	114.2633892973
