-3.5261542800	-0.9699953018	119.4369935643
-3.4308419648	-1.7430988568	118.8099158531
-3.4046687910	-2.0918170624	119.7467779443
-2.8445626126	-2.8103155876	120.1591381488
-2.7309352725	-3.8021996487	120.2161893258
-3.0738180470	-3.5655750237	119.3071017669
-3.7545271601	-2.9008643885	118.9992140035
-3.7733198716	-3.4604080953	118.1706262447
-2.8430907315	-3.8166792262	118.2586298141
-2.0694664482	-4.0702071356	118.8393440875
-2.0158718152	-3.3064915453	119.4826683544
-1.7978210471	-3.2265155204	120.4553233281
-1.8926900338	-2.3441787829	119.9943658929
-1.0471656025	-2.1927104086	120.5063676193
-1.8461801192	-2.0434630260	121.0888631308
-1.7472754318	-1.3289292148	120.3962887338
-2.6671367784	-1.7161150493	120.4590759355
-3.3255736500	-0.9643780425	120.4958503680
-2.5027022903	-0.7090311048	119.9882278046
-1.6475046919	-0.7498907379	119.4715387704
-0.9302596644	-0.7042355971	118.7762149763
-0.1917294785	-1.2299145044	119.1983936717
0.5344157711	-1.3270307361	119.8790415351
0.0506080928	-2.0804993901	120.3242550995
0.3957334997	-2.9928930316	120.1041953430
-0.0660066025	-3.3997547065	119.3159950794
0.6273690827	-4.0227383784	118.9538880457
1.1394342316	-3.2448048743	119.3180428844
0.5654193304	-3.0272802767	118.5286190801
0.6407322054	-2.2799702767	119.1888127901
-0.3332040743	-2.3548679941	119.4029119610
-0.9487816013	-3.0201282751	119.8253963594
-1.0902998164	-3.5899412790	119.0158991479
-0.3651071092	-3.8163470386	118.3656407612
-0.5260969780	-2.8384009168	118.4986958059
0.1124674265	-2.0913417735	118.3139307181
0.2374100275	-2.6769565099	117.5130282727
0.5860647881	-2.3236931350	116.6449010666
0.6467596749	-1.3321647168	116.5300641105
0.6435872186	-1.6321222188	117.4840114007
1.1782418396	-2.1166242746	118.1764001602
0.7338142934	-1.3247098176	118.5951550396
-0.1078068919	-1.0544686450	118.1275617451
-0.5368552013	-1.7501576775	117.5514243325
-0.1903006933	-0.9671271916	117.0349330634
-0.8791563229	-0.5419801219	117.6220683890
-1.7501646827	-0.6429052782	118.1028578960
-1.5588609101	-1.5112829821	117.6453395576
-1.4381547367	-2.1473224562	116.8831822201
-0.7829349295	-2.8235251429	117.2199862147
-1.3245570527	-2.4551268632	117.9755841125
-0.8147902233	-1.8011361180	118.5345419685
-1.7367943694	-1.4598381322	118.7173643948
-2.5765978826	-1.7288689918	118.2458217607
-2.6751304795	-0.8901426565	117.7102571410
-2.6038127827	0.0179388703	118.1229334387
-1.8871491066	0.1100214015	118.8142466694
-1.1447607837	0.3088269667	118.1744530110
-1.7885492785	0.3213089810	117.4093513359
-2.0552693080	0.2484774209	116.4483331313
-2.8146820597	0.0126626576	117.0547023834
-3.6857248543	-0.2564273711	117.4656464265
-3.4889103873	-0.5887728844	118.3880403366
-3.6693445251	-1.3522375483	117.7679071018
-3.2534190093	-2.1008347738	117.2515659749
-3.2932626931	-3.1000197705	117.2450988897
-4.1809147602	-2.6422423550	117.1949626183
-3.9372558847	-2.3320055618	118.1138660324
-3.0124937672	-2.7076131222	118.1749723880
-2.6945948852	-2.5339239822	119.1070519895
-2.4970309500	-1.5969225364	119.3951436105
-2.5944600699	-0.7205851809	118.9234017255
-2.8171381539	0.1404443402	119.3806135305
-1.9558224342	0.2836417920	119.8680863202
-1.0327296262	0.1411048028	119.5108988698
-1.2087885037	-0.3324448451	120.3738901807
-0.6349371330	-1.1279613490	120.1793443090
-1.1467087594	-1.7091345778	119.5466299339
-1.4706669633	-2.5034193494	119.0326622464
-2.0704234997	-3.0537756905	118.4518008215
-1.3606866697	-3.4994380969	117.9062197994
-2.2389627218	-3.4443305403	117.4312520810
-2.2391723107	-2.4483976804	117.5213503320
-2.3543395367	-1.6441685310	116.9382963162
-3.1452042190	-1.0532867585	116.7789483162
-2.9065988726	-0.4469628231	116.0203715079
-2.0563113183	-0.9730066935	116.0373691947
-1.2432798000	-0.4744263833	115.7367075503
-1.1001289658	-0.1592021001	116.6748661136
-1.8846421081	-0.6687866717	117.0282252708
-1.1363696434	-1.2081587480	116.6420050202
-0.4519623284	-1.9212744163	116.4901739607
-0.9218894391	-2.7035430543	116.0812432958
-1.6697673915	-3.1206410595	116.5976809226
-2.5664262464	-2.6821733518	116.5364521120
-3.5096590738	-2.4922152790	116.2640043853
-2.8950787565	-1.7575906968	115.9765713377
-1.9292747359	-2.0090263779	115.9133045060
-1.0564548334	-1.6024214781	115.6433825300
-0.2965752577	-1.0148635362	115.9215168419
