-1.6368298438	-3.5559687175	-98.0962008412
-1.3053319034	-2.7983410193	-97.5339647819
-0.8181129653	-3.6252320225	-97.2531285747
-0.0779793638	-4.1562361745	-97.6657262510
0.8941035908	-4.3287172409	-97.5066507625
1.1543440562	-4.1106779717	-96.5660478829
2.1121313504	-4.2392901725	-96.3089440112
1.9606558154	-4.0977866302	-97.2872240886
1.8192728124	-3.3487615269	-97.9345047396
0.9259098368	-3.3153022947	-97.4864164966
0.9392863095	-2.5264373725	-98.1008375286
0.2169916522	-2.7096243099	-98.7677205574
0.4392502616	-3.6007539808	-98.3721336260
-0.5421405728	-3.4090339621	-98.3613881839
-0.7440843329	-2.4298495204	-98.3409787022
0.0028641928	-1.8445113804	-98.0256262615
0.2550279592	-1.1572453902	-97.3443928995
-0.5606114198	-0.8290290350	-97.8208448147
-1.3665616748	-0.6391326279	-97.2601456609
-1.3450407673	-1.5362283507	-97.7014574720
-0.6098237269	-1.9028554408	-97.1313342570
-0.8659939886	-1.9386447322	-96.1653653529
-1.5426918418	-1.2160731349	-96.3066816733
-1.6814019058	-2.0565041408	-96.8305473455
-1.9845494588	-2.1238182238	-95.8799841570
-2.1473195678	-3.0975234508	-95.7205977631
-2.5790099775	-3.7355876110	-96.3581850259
-1.9141311745	-3.8509983583	-97.0961664191
-2.2733593268	-2.9257451205	-96.9742583368
-1.4286096849	-3.1037013945	-96.4695508897
-1.5393725091	-4.0302892306	-96.1101533679
-1.0329798587	-4.6625102628	-95.5237549964
-1.4490855766	-5.2486441196	-96.2189550637
-1.7357344888	-4.9457041278	-97.1278333627
-1.0573078199	-4.5696747495	-97.7589745209
-0.6832943288	-5.2903715194	-97.1752707654
0.2680430773	-5.0464017087	-96.9870265852
1.2579243000	-5.1375579610	-96.8782805387
0.7701801007	-5.5769272554	-96.1239197370
1.3527424391	-4.8234403110	-95.8191599193
0.3992197852	-4.5983817132	-96.0195175400
-0.3283041201	-5.2736261848	-96.1409830532
-0.5577555452	-4.4114494143	-96.5926502536
0.1803832045	-3.7524053244	-96.7369141564
0.8656077893	-3.0751434373	-96.4689895315
1.8429353702	-3.2670744006	-96.5583948167
1.5598609317	-2.5200740201	-97.1599422328
2.1945383152	-1.7491920693	-97.1058530765
1.3080951531	-1.5443664418	-97.5209012456
1.5448277910	-0.9396931110	-96.7604225667
0.6211692233	-0.7390556606	-96.4339268334
1.2520783072	-0.9677869206	-95.6925526104
0.2976492680	-0.9699597687	-95.3941225720
-0.6819440020	-0.9267454322	-95.5904120178
-1.0241112283	-0.2441533722	-96.2361593901
-0.5259530533	-0.9846910490	-96.6872052658
0.1222624709	-1.6073236982	-96.2488615443
0.1938038359	-2.5324444745	-95.8759897400
0.8314404633	-1.9100630172	-95.4220504787
1.5347826429	-2.5267392312	-95.7756324711
1.1803357951	-1.8746064831	-96.4457744791
0.4551802616	-2.1996201550	-97.0528293081
-0.0185264661	-2.8676710121	-97.6266846804
-0.3728394258	-2.8286486393	-96.6923723231
-0.5783194183	-3.5035086264	-95.9836114534
0.3730657135	-3.5661148473	-95.6820375950
-0.2451089524	-4.0895273146	-95.0956081691
0.0055459096	-5.0575035038	-95.1095450682
0.0244498760	-4.6237162511	-94.2087280727
-0.9599255434	-4.5813113051	-94.3796282018
-0.7439222181	-3.6158963238	-94.2336265669
-1.2219224339	-3.5983144409	-95.1118103012
-1.0875567908	-2.6923537615	-95.5132839884
-1.0876336062	-2.6431856349	-94.5144934751
-0.5036338852	-2.0357205383	-93.9760415439
-0.8519500849	-1.1284788708	-93.7402696589
-1.0364290503	-0.6147228574	-94.5781373514
-1.1878731650	-1.5610096214	-94.8638050613
-0.3193017726	-1.9823237634	-95.1247229220
-0.1565042222	-2.9572179590	-94.9728076003
0.8373161418	-2.8934995793	-95.0636979316
1.7663998351	-3.1849043726	-94.8359113272
1.4274419751	-3.6593435358	-95.6483244299
2.0692463542	-4.2918809283	-95.2147536906
1.5692134279	-4.0967861724	-94.3710089965
0.8396563961	-4.3337470419	-95.0125665417
0.4665976439	-3.6442378615	-94.3917571849
-0.0060476188	-2.9682739727	-93.8263553130
0.3813990165	-2.2533456700	-93.2443221294
0.3133872791	-1.3071103122	-93.5605705305
-0.0949572762	-1.1693075515	-94.4629369325
0.8979291377	-1.2705785181	-94.5255529095
0.4909347643	-2.1717492723	-94.3763991240
1.1233285242	-2.8457206402	-93.9945081346
1.3184620930	-1.8934375071	-93.7598174344
1.5867783862	-2.1323959699	-94.6930404624
2.4349892676	-2.2181056964	-95.2157183206
2.1171155452	-1.6267141448	-95.9568069316
2.4723526199	-2.4899956660	-96.3153479138
2.4723275488	-3.2461026492	-95.6608998798
