-3.8951770454	0.3497200670	-182.2936810313
-3.4023608136	-0.0801907350	-183.0501920120
-4.3667542269	-0.2782697656	-183.2254348209
-3.9067412039	-0.6580443951	-184.0280301419
-2.9344141046	-0.4273572722	-184.0649552462
-2.2925971505	-0.3224013400	-183.3053137191
-1.5024486622	-0.9299360054	-183.3863507284
-0.9741970507	-0.6699803570	-184.1946658253
-1.9046934489	-0.9413377691	-184.4407178683
-2.1390545439	-1.1969295214	-185.3786665520
-2.5696111969	-0.3428922359	-185.0867054525
-3.2703201898	-1.0559551717	-185.0632927033
-3.6907600980	-0.5755520676	-185.8329959845
-2.8438209974	-0.7651076247	-186.3297482874
-2.0777323139	-0.7224010734	-186.9710627809
-2.5182738464	0.1599107537	-186.8053853899
-2.0098763327	-0.1410627761	-185.9985725849
-1.1453991718	-0.2066059657	-186.4969532914
-1.2652143931	0.7624280470	-186.7128639095
-2.0474449175	0.9403852171	-186.1158323758
-2.3584111529	1.8896606349	-186.0691828155
-1.7480184486	1.7992652771	-186.8561068435
-2.2402015887	1.0387886477	-187.2796998707
-2.8269905255	1.8316322651	-187.1151467120
-3.3709372126	2.0653128031	-186.3092215246
-3.1617620119	3.0117768660	-186.0633526303
-3.8097025619	3.0770106965	-185.3044602856
-4.2550887322	2.5565413158	-186.0329812414
-4.5911585920	1.6288998086	-186.1958869917
-4.1321301257	0.9618647753	-186.7827064967
-3.6250441018	0.1008393360	-186.7439901287
-3.2716440447	0.7813291491	-187.3858951169
-3.0980533540	1.0466928694	-186.4375025989
-2.9787338511	0.2701044348	-185.8188966989
-3.9007776821	0.6521103580	-185.7563935116
-4.8670096312	0.5323581161	-185.9845496446
-4.8923944024	1.1953482267	-185.2363519925
-4.9195568379	2.1943058147	-185.1996649433
-5.2323289125	2.0843062688	-184.2562277545
-5.6250004028	1.1890566019	-184.4667916037
-4.6760551605	1.1925856582	-184.1513704996
-4.9364479110	0.2606848685	-183.8988699380
-4.6882332505	0.2439567530	-184.8674305465
-4.4146502981	-0.7066904617	-185.0137939349
-3.6510324888	-0.0711338552	-184.8999710843
-2.9272346893	0.5560036961	-184.6121947176
-2.7774372705	0.6512155749	-183.6280730628
-2.5336554740	0.4652913523	-182.6762313642
-3.2812948199	1.1117375429	-182.8283587161
-4.0672557538	1.5206212325	-182.3645920304
-3.5331617434	2.2183352658	-182.8420213087
-4.0741900092	2.7201939480	-183.5168740917
-4.6666898879	1.9482067702	-183.2867009155
-3.8114828385	1.5883222091	-183.6596674090
-4.3335901160	0.8748019980	-183.1924491528
-3.8324317955	0.3976633650	-183.9143764778
-3.8789784637	0.9433839438	-184.7510499251
-3.9392663371	1.7305703689	-185.3648112016
-3.0490967973	1.2781685743	-185.4189481269
-3.0641998133	1.6106796851	-184.4759697284
-2.3320672146	2.2890648619	-184.4145253654
-3.0153996087	2.6328600671	-183.7704277826
-2.6834763566	1.7285335700	-183.5020613515
-1.6979298495	1.8974603553	-183.4893403588
-1.4094259090	2.2257797814	-182.5899117453
-2.3669116954	2.4566224593	-182.7629222271
-2.3077934061	1.4844736244	-182.5361367102
-1.5444401821	0.8966802930	-182.2681985551
-1.4917856268	-0.0702670371	-182.5176787321
-0.9870501296	0.0624396678	-183.3706916325
-1.7508641901	0.7078321353	-183.3782178530
-1.9537813994	0.1698868947	-184.1964106936
-2.0183869003	0.5719141018	-185.1097563313
-1.1884041774	0.5068296861	-185.6637353007
-1.3789207773	-0.3327508764	-185.1550036383
-0.9893193504	0.3928343800	-184.5877851937
-0.5279028605	0.9281373704	-183.8802927688
-0.8541107845	1.3096789721	-183.0154145134
-0.4754461330	2.0115109751	-183.6187758656
-1.1379923768	2.6340669787	-184.0352569544
-1.9813774526	2.9672775183	-183.6137449733
-1.8890220752	3.2841381625	-184.5577099178
-2.8840594137	3.2802019863	-184.6571342692
-3.7882845235	3.4879716298	-184.2840274131
-4.5908607546	2.9342563027	-184.5059975231
-3.7528172934	2.3886931644	-184.5126322303
-3.0327198091	2.3252609936	-185.2035996484
-2.1815634186	2.7794895870	-185.4666760324
-1.3637737220	2.3760792488	-185.0562127440
-2.0419698828	1.6478151864	-185.1546069655
-2.1140387611	1.2179631436	-184.2545884668
-1.1885749750	1.5395051934	-184.4549069403
-0.3305672512	1.9952719113	-184.6917601538
-0.4555579113	1.1173361877	-185.1539356616
-0.3118556813	0.9886907014	-186.1351593915
-0.6888788203	1.7134312232	-186.7118783254
-1.2185918931	1.5873755725	-185.8731208912
-0.5203812963	2.2893307014	-185.7325472115
-1.3619716816	2.5885126135	-186.1822313304
-2.2122652738	2.7734065921	-186.6749939749
