-1.9880146144	-3.0466666049	111.3642758495
-2.5514303048	-2.4880740434	110.7555582547
-2.1677912301	-1.7784213282	110.1646148698
-1.2228000916	-1.5243479278	110.3706208292
-1.5957106908	-0.7517556819	109.8567736666
-1.2844700926	-0.3007513813	109.0202783523
-1.2857902349	-1.0953873321	108.4131935453
-0.3384170431	-0.9869285538	108.1119947257
0.2142244269	-0.9960922307	107.2786260002
-0.7563934354	-0.8712982792	107.0728896763
-1.5209479884	-1.4072063791	107.4310221155
-2.3434623432	-1.4093732865	107.9997623380
-3.2176571250	-1.6218724696	108.4363715232
-3.6919106026	-2.0661626720	109.1964306361
-3.3023313995	-2.0476792775	110.1172381125
-3.0688412520	-2.9395689397	109.7299201792
-3.3280380297	-3.5318080907	108.9669851764
-3.2329777420	-2.7025213801	108.4163064195
-2.4823252407	-2.5127241298	107.7834574437
-1.7848947317	-3.2220528875	107.8856503917
-1.2532139965	-2.4786820416	107.4797989641
-1.0183222174	-1.9525314306	106.6624915638
-0.4454691373	-1.8103189164	107.4697182664
0.0605308272	-1.8279925690	106.6073658571
-0.2768293896	-2.7177790847	106.9147223937
0.0593268779	-3.6223165993	107.1770406136
-0.9261643961	-3.5547199069	107.3327250257
-1.2390322117	-4.3667878195	107.8253297711
-0.2424538842	-4.4431376083	107.7936699079
0.7430422841	-4.2927615322	107.7150293466
1.1666671385	-3.5753256101	107.1620124569
1.7883660439	-4.2165020543	107.6118827031
2.3855608304	-3.6061686063	108.1323166270
1.9473408050	-3.8060815713	109.0086715869
1.3121085436	-4.5050175171	108.6800859546
0.3124035454	-4.5019277886	108.7041768263
-0.1303452240	-3.8354330651	109.3039753848
-0.8555944786	-4.4827481507	109.0694616354
-0.3968339814	-5.3664544206	109.1622087910
0.2655059393	-4.8500724355	109.7050305619
1.1339486088	-4.3612553096	109.7878867451
0.8767667713	-3.6254243098	109.1614601793
1.2600497445	-3.5125300805	108.2447546347
0.2606576021	-3.5214855811	108.2784465431
-0.7268614337	-3.6409176591	108.3811214316
-1.2697111882	-3.0146384268	108.9406645195
-1.7533331830	-3.8566364527	108.7016057601
-2.3442666242	-3.0572811483	108.8103658877
-2.6063226555	-2.1379421922	109.1038663480
-2.9654166699	-1.2912267399	109.4964531941
-2.2077446858	-0.9366851672	108.9485175795
-1.6489416999	-1.7040217523	109.2630549989
-1.6823261378	-2.1891518055	108.3892504951
-0.7635516558	-1.9617726106	108.7119766220
0.1670696654	-1.8881306773	108.3534786136
-0.3347271943	-2.6948477505	108.0413769068
0.5679734901	-2.7920186256	107.6222238378
0.9006620865	-2.5784717788	106.7036836688
0.9373519093	-1.8164634616	107.3502106839
1.5833245361	-2.5578012252	107.5322482777
1.8901422788	-2.7191486419	108.4702407531
1.4712807751	-1.8242290595	108.3163772366
0.8411120686	-1.0571287027	108.1961921961
1.2806377619	-0.8527923781	109.0708714695
0.7326103369	-0.9531099858	109.9012944454
0.2077867623	-1.0040594751	109.0516095832
-0.7279771072	-1.1323823806	109.3800592940
-0.3100469719	-0.9516178376	110.2703730488
0.3279253082	-1.5492434505	110.7560015040
-0.5452026416	-1.5369036582	111.2433364121
0.0405678478	-2.3239204000	111.4369276872
-0.3809834645	-2.3422825938	110.5303090678
-0.9263991222	-2.3332943108	109.6921915515
-0.0490209513	-1.8537726611	109.6758657231
0.8548296981	-1.8255832185	109.2489472781
0.7893131448	-2.6609948628	108.7032413446
-0.1382763693	-2.7953164053	109.0518606450
0.4098639158	-2.9209142832	109.8787629372
1.0481521543	-2.2341838159	110.2265982286
1.5152650648	-2.7010678598	109.4757155358
1.3392163258	-3.3823781643	110.1862245861
0.7358980269	-3.0462565943	110.9094322466
1.0580628434	-3.9903807176	110.9789985518
0.2867528320	-3.9172022991	110.3467598426
-0.5877177826	-4.3656842910	110.1619219485
-1.1953268292	-5.1219766002	109.9193664094
-1.8503063952	-4.4780565050	110.3148012068
-1.3279141581	-3.7214566407	110.7080733721
-1.4058203740	-3.7100868567	109.7111775152
-0.5946723396	-3.2571624740	110.0811753122
-0.3496193732	-3.2925730070	111.0500381187
-0.9790910045	-2.6371024072	111.4673195086
-1.6940482913	-1.9628317089	111.2824003278
-1.4520770694	-2.6036769682	110.5538625585
-1.9803872801	-2.7649912662	109.7202763191
-2.3119652436	-3.4509946969	110.3679300439
-2.4543687050	-3.9107359842	109.4913690346
-1.9937996016	-4.7531338497	109.2116514322
-2.6808325570	-4.4277497006	108.5619508290
-2.7869360594	-3.6207941189	107.9809476140
