2.2612432576	-3.4784396110	203.4555303124
1.4792859878	-2.8805274262	203.6317229552
0.9890278774	-2.0334342113	203.8368572296
0.0210558295	-2.2465175725	203.7040958060
0.6609950282	-2.5981423582	203.0208404862
0.5246811359	-3.5541506269	203.2805840386
-0.1928352347	-3.2140068289	202.6727415799
0.6829362430	-3.2765586584	202.1940855578
0.7048849423	-4.2218183930	201.8685056310
-0.1735476049	-3.7688523960	201.7162621896
-0.5341239946	-2.8614359228	201.5004381606
-0.6731709366	-1.8714359338	201.5242282762
-0.3593194773	-0.9885851815	201.8736160418
-0.2852261041	-1.1183493345	200.8848433497
0.4587440331	-1.6534503644	201.2850624431
0.7108176795	-0.7073825344	201.0815568218
1.6583533568	-0.5592474266	200.7983040547
1.4373358755	-1.5320862062	200.7294855843
2.1181770454	-1.9980319755	201.2945960526
1.2568910224	-2.3563367479	201.6548793810
0.4647493986	-2.7372489778	201.1779962497
0.2230338887	-2.3472181582	202.0665059975
0.0779603827	-1.6556821605	202.7741299384
0.7411884399	-1.1088175189	203.2850776929
1.4859200211	-0.7113256626	202.7490039141
0.6248872584	-0.8410575444	202.2572801904
1.2862109589	-0.2341265779	201.8165016007
1.4797418143	-1.2115184405	201.7313490618
1.1558223443	-1.7549398031	202.5057968648
1.8331168488	-1.6290719780	203.2306619866
2.1102349424	-2.0793769560	204.0794440488
2.4953852372	-2.4610895645	203.2392329236
2.3411432629	-2.0634863768	202.3347324435
1.6347763111	-2.7278047070	202.5791232889
1.4995012889	-3.7045940411	202.7452053927
1.7668995267	-4.1774947671	201.9056441467
2.5862785955	-4.1839618165	202.4788597421
2.7361971563	-3.1955297980	202.5018068541
3.3549348474	-2.4123647660	202.5635822711
3.2895545600	-1.5448798009	202.0704339635
2.9716530566	-1.4890636835	203.0169133321
2.4339258729	-0.9880884932	202.3387737192
2.5084826359	-1.0207516112	201.3420920198
3.0938670734	-1.7159247569	200.9248878040
3.6307827152	-2.5425916699	200.7565327964
3.0310031224	-2.6080215471	201.5540184522
2.9010549529	-3.5952787041	201.4621665107
2.0608314776	-3.0977675582	201.6778217244
1.1966492530	-3.4455537316	201.3141819846
2.0229061495	-3.7992105031	200.8757456394
2.5236129667	-4.5898819272	201.2280684776
2.0800176783	-5.1601649992	200.5366927203
1.3345989908	-4.6402370542	200.9538568515
1.4574809921	-4.2763128970	200.0305696689
2.4574353078	-4.2849319615	200.0264370648
2.4819227926	-3.8707617805	199.1165670608
1.9378138992	-4.7095962178	199.1339538037
0.9432267950	-4.7965148765	199.0770184104
1.2451694936	-5.3407514057	199.8597298560
0.4566510744	-4.8130390992	200.1755754262
-0.3620182709	-4.2627373017	200.0114156424
-0.7473182620	-3.4488476326	199.5765276991
-0.7232366300	-2.8775961064	198.7561059972
-0.0787775879	-3.6358653538	198.6576159392
0.8532915726	-3.4096116295	198.3746736618
1.4089920258	-3.7950632963	199.1113038396
0.5266820876	-3.9614026330	199.5515996471
0.9467215262	-3.3611940040	200.2322731898
0.3774478275	-3.9350182870	200.8210457676
-0.1034438933	-3.1646475747	200.4023906369
-0.8719014610	-3.6827858402	200.7778978999
-1.0852039751	-2.7395040598	200.5234936543
-1.1102905728	-1.7457271146	200.4149669487
-0.2007467767	-2.1263430325	200.5818849100
-0.5286537131	-2.3966841553	199.6766817735
-0.4100934468	-1.7494752293	198.9236452078
0.4950249787	-1.9549536319	199.2958538347
0.2706932586	-2.5374299500	198.5145749996
0.3356683073	-2.9642174228	199.4165897977
1.2884905639	-2.6708810092	199.3385930296
1.2775328893	-2.4016142349	198.3755897411
1.9305620045	-3.1589437981	198.3778050038
2.3935589966	-2.7621087782	199.1703677789
1.9820656490	-3.3066436000	199.9012268985
2.9810858081	-3.3476333824	199.9179169966
2.5777284826	-2.8509640494	200.6864366395
1.5920076668	-2.6933360463	200.7456640485
0.8135850505	-2.2910818749	200.2637410131
0.4851126919	-1.3480219900	200.2113581633
0.9765109970	-0.5039457090	199.9967353832
1.9403658097	-0.5020391981	199.7303141655
2.3798127659	-1.1876751350	200.3106500464
2.7745965627	-1.3834949230	199.4129862093
3.0313044959	-2.2102479611	199.9135663238
2.0352166259	-2.1408972769	199.9683334473
1.3819832130	-1.4427947446	199.6751799676
1.9569080037	-1.7611768409	198.9214596443
1.1061900340	-1.3242461612	198.6292773089
0.3728359397	-0.9549310742	199.2000646063
-0.4441508661	-1.0993130138	199.7583534336
