1.1675745282	-4.2890755439	226.5921465346
0.9350879815	-3.3177971223	226.6428242749
1.6467325326	-2.8104986725	226.1568095472
0.7940970360	-2.3155699148	226.3243154714
-0.1025379663	-2.0493436736	226.6781081523
-0.7851411718	-2.3736782308	227.3329821546
-0.2828747580	-3.0368273115	227.8879251665
-1.0658188954	-3.6337399735	227.7127288437
-0.3315733243	-4.1217770547	228.1846432944
-0.3760926949	-5.0486311284	227.8118705062
-0.5848815260	-4.3550309772	227.1224315646
-0.7997455652	-4.6931244710	226.2061749226
-0.3080100132	-4.7911340729	225.3409638126
0.6548516122	-4.6533043662	225.5731285433
0.2195443161	-3.8460068559	225.1746586100
1.0168065980	-3.6412891946	224.6067998836
1.2037645705	-3.6334111894	225.5891362077
1.0001265971	-2.7138112612	225.2531785498
0.4740787691	-2.7020650710	224.4028046852
-0.0369186136	-3.5270590082	224.1614197677
-0.7269101567	-3.9792944396	224.7265700000
-1.3118531514	-3.1938039197	224.9286747654
-0.3534950017	-2.9419330872	225.0632509177
0.1980858098	-3.0697843226	225.8875158448
0.1293981188	-3.9865534316	226.2809829996
0.2904138203	-4.8827655685	226.6943566194
0.6361968428	-4.6832825352	227.6112211791
0.3197080327	-3.7695043061	227.3565759727
-0.2725372137	-3.1595025529	226.8301318359
-1.2668693943	-3.2435334874	226.7649987677
-1.6577139244	-4.1500427274	226.6053693495
-1.6250544355	-4.0440627219	225.6115375749
-0.7388715019	-3.6369817919	225.8328177694
-0.7977930745	-2.6496081579	225.9798604680
-1.0365699724	-2.1305324397	225.1591619900
-0.3325688192	-1.9218338206	224.4803193995
0.2339312195	-1.1284915200	224.2574165056
0.7332206017	-1.7390759920	224.8721495496
0.0664600614	-2.0728135074	225.5385200566
-0.3156628015	-1.1833150559	225.2879714140
0.5723591375	-0.7404970727	225.1641599864
1.5248512506	-1.0143894744	225.0309619124
1.4859765448	-1.8217018024	225.6198044740
0.7189476872	-1.3159182524	226.0145825536
-0.1403399957	-0.9693611741	226.3907778082
-0.8507869231	-1.6049915033	226.0887194564
-1.1824573872	-1.4787281006	227.0236270756
-1.6639197869	-2.2282194008	226.5692519567
-1.8176276629	-2.9388406262	225.8826724909
-2.2859440965	-3.2235747011	226.7190971586
-2.1735309067	-3.7718685853	227.5477931772
-1.5553793046	-4.5384132670	227.7218559468
-1.3633728640	-4.1410989921	228.6192270483
-1.4273119135	-3.1444159820	228.5688804955
-1.7296502469	-2.7852042336	227.6859544216
-2.0256309732	-1.8453190688	227.5156274221
-2.2082596864	-1.0854205939	226.8917676133
-1.8980583870	-1.3984685213	225.9941172643
-1.3561705936	-0.6606397279	226.3965676229
-1.0396593303	-0.4478336901	227.3209778189
-1.7313075957	-0.8613447493	227.9131190866
-1.6938930769	-1.0892496690	228.8860833724
-1.6812728000	-2.0364886674	228.5658037938
-0.9765136876	-1.5660748651	228.0347431118
-0.6336100418	-2.3225421191	228.5916761269
-1.0536999653	-2.6720834711	229.4291397377
-0.9073493131	-1.6838787510	229.3840518464
-0.0844507176	-2.2231243882	229.5630826939
-0.0291138861	-3.1568427732	229.9167885217
0.5558929154	-3.7552621229	229.3693752189
0.6366145857	-3.7031976937	228.3739992562
1.3836180835	-4.2733469400	228.7159285049
1.5799127779	-3.4679769731	229.2752563242
0.9491661470	-2.7611582092	229.5955154734
1.0467004229	-1.7670988709	229.6438176146
0.5150865332	-1.7182484409	228.7982407063
-0.2405265200	-1.1019377153	228.5764074279
-0.9420550062	-0.3958494323	228.4799858562
-0.8066384268	-0.6344693216	229.4416109903
0.0849172770	-1.0629412922	229.5883767809
0.8272588314	-0.6912685210	229.0308928190
0.7607317344	-0.9554509947	228.0687172809
1.5947081519	-1.3837838369	227.7208461680
1.5660925069	-1.4124133474	228.7200265801
1.7267875564	-2.3705544843	228.9569710101
2.1350102538	-2.3053649934	228.0464192216
1.6444326906	-3.1583306664	228.2246976982
1.3846659497	-3.8519406024	227.5528148981
1.9957807083	-3.5417685762	226.8245758810
1.5910786034	-2.7148543131	227.2149974581
1.6064664596	-1.8250673808	226.7588807746
0.7175790335	-1.5125582064	227.0938690724
-0.1170082520	-1.0819071000	227.4373857204
0.0578573536	-1.9555214973	227.8915001386
0.5174070461	-2.6569269228	227.3466657517
1.0695461101	-2.2691248224	228.0847389086
0.3955838048	-2.7481734205	228.6471331223
-0.3679280182	-3.3402696358	228.9049543163
-0.3904730605	-4.2846867599	229.2329299506
0.3898468563	-4.6913876985	228.7578560890
