0.3633136894	1.0473741054	-227.8866354678
-0.2601477351	1.1460820217	-227.1110372474
-1.0848410085	1.5144483685	-226.6818668392
-0.4841097690	0.9469849716	-226.1187440542
-0.9695597096	0.9494749800	-225.2444831349
-1.2284415797	1.8199362487	-225.6631445220
-0.9817361200	2.4926243521	-224.9655578739
-0.6335028131	3.4063232908	-224.7560636892
-0.7202736818	2.8264119123	-223.9460182525
-0.6146790513	1.8504134075	-224.1364826655
0.2791702569	2.0305564383	-223.7258953998
1.0305350989	2.6867574640	-223.6562456465
1.5062357940	1.8424092773	-223.9027917646
1.9888500279	1.7166402030	-224.7695475787
2.0701250967	2.6720010782	-224.4855053964
1.9612710140	2.5894302173	-225.4761278480
2.0879883131	2.8075503668	-226.4437880810
2.2223906879	1.8459518521	-226.2044884819
1.9987452404	2.0357357352	-227.1605035401
1.4850158636	1.2350459833	-226.8523184517
0.6243520941	1.3335223480	-226.3527583636
1.2120019226	2.1425135996	-226.3385867760
1.2629620976	1.6321422874	-225.4801438925
0.7076059126	1.6320408591	-224.6485313039
-0.0527214690	1.0043281125	-224.4815613050
0.3655864930	0.9495513130	-225.3882133613
-0.2120664399	1.7509493132	-225.2330414105
0.5338323824	2.3265774466	-225.5681342317
1.0351750399	2.6410334461	-224.7620492708
0.0431053850	2.5691510091	-224.6589439118
0.3773019314	3.4148572131	-224.2428986200
0.4741482530	3.4174114781	-225.2381946894
1.1446450224	3.1241608881	-225.9196916987
1.3954338879	3.6952937372	-226.7013004331
1.7755009020	4.6147478409	-226.6005372649
1.1597232867	4.6444292158	-227.3878980110
1.4195203436	3.7962459463	-227.8495154180
2.1090692732	3.1633396335	-227.4974474231
2.4774426735	3.7845573739	-226.8057903136
2.1351458545	3.7313269605	-225.8677074757
1.5855317787	3.5589311715	-225.0502699798
1.1014502459	4.2056820263	-225.6396581383
0.7113168397	4.6802152520	-226.4287171621
0.1747291110	5.0918960300	-225.6921083470
-0.2612444114	4.2393533058	-225.4038411252
0.1666493598	3.8175465212	-226.2032070971
-0.3522547216	3.3950403433	-226.9463269286
0.5190875586	3.7740247302	-227.2579893507
-0.1200192116	4.5172120337	-227.0599611500
-0.6810467300	4.8444102121	-226.2995734360
-1.3825277724	5.1638818663	-226.9366465946
-2.1539713651	4.5279689962	-226.9587736106
-1.6143381796	4.4203079079	-226.1237855177
-1.3774042399	4.0889761936	-225.2105048361
-1.7413930557	3.3435559682	-224.6520598259
-1.7355077153	2.4562425565	-224.1909304816
-1.5827988671	1.5850121421	-224.6574469043
-2.1755726027	2.1938780020	-225.1846106959
-1.6536393639	2.9025819708	-225.6592941471
-1.0517448952	2.7230531430	-226.4374281000
-0.8889419510	3.6306772864	-226.0504996625
-0.3313236977	2.8806032517	-225.6949004132
0.3049721541	2.7997782864	-226.4620998096
-0.2288992610	1.9757719885	-226.2723765025
-0.4377370069	2.3538793270	-227.1742754084
0.4784184631	1.9530869665	-227.1792391384
1.2089687514	1.7123095742	-227.8182403306
1.2903607549	2.6528269096	-228.1480925454
1.1243069186	2.8137159087	-227.1751892339
0.3010538606	2.8933635657	-227.7372485309
0.3964337294	3.6886461057	-228.3359374001
0.1970432929	4.6304203240	-228.0651888534
-0.7056821620	5.0201942498	-228.2472960742
-0.5331539180	4.1973982537	-228.7888131596
-0.5625596024	3.9112621893	-227.8310754824
-1.1355336884	4.1251379940	-227.0399005100
-1.5481703978	4.5399698489	-227.8508539478
-1.5802499668	4.4907873348	-228.8491284499
-1.4274580309	3.6127254133	-228.3956288509
-2.1574451595	3.6287109508	-227.7123549273
-2.3916294423	2.7880684106	-227.2240129966
-1.9754010937	2.1708336067	-226.5563490402
-2.6241728515	2.8200801755	-226.1593929984
-2.3563423370	3.7089410326	-225.7876495489
-1.8361129740	3.4674609525	-226.6068252205
-1.3114771023	3.1163526199	-227.3823767280
-0.7139510469	2.8068046622	-228.1220676601
-0.3795819906	3.1749501540	-228.9896310475
0.5585550484	2.8314413536	-228.9460351759
0.3371835398	2.0591777507	-228.3505491704
-0.5165202335	1.7061226488	-227.9677411735
-1.3479114866	2.0680896374	-227.5461151741
-1.4512893202	1.6780923775	-228.4611097974
-2.2789454567	1.6185865229	-227.9030377832
-1.5641052470	1.0232293765	-227.5362226489
-0.7808070346	0.7078088197	-228.0719033214
-0.2458449022	1.1208137684	-228.8089531360
-0.5468223855	2.0548468457	-229.0012933689
-1.3492414304	2.6515819029	-229.0068564390
-1.9529602246	2.6701106169	-228.2098744415
