-3.0688769967	2.0843947443	-90.1489704135
-3.4010636234	1.2587013321	-89.6930291519
-2.7304641948	0.5330650889	-89.5389238342
-3.3098504317	0.7219025894	-88.7460480641
-3.6680870915	1.4071974601	-88.1119838435
-4.2151415907	1.4921480738	-88.9447591842
-4.5208853967	0.7361396690	-88.3659915133
-3.7978228260	0.3388104564	-87.8009162832
-3.2187421999	0.0428924732	-87.0412465025
-2.5574058463	-0.6723201063	-86.8151819244
-1.5856646169	-0.7274650621	-87.0446988451
-2.0268914249	-0.2624276661	-87.8122007175
-2.9132874403	-0.1646811745	-88.2646913001
-2.1518895818	-0.3760156167	-88.8775624567
-1.3012940170	-0.7252718635	-88.4844883426
-1.2406078274	0.2439284622	-88.7231678665
-1.7094459512	0.8764994467	-89.3396455735
-2.2733851277	0.6201916035	-88.5546112465
-2.7102182974	0.7487800824	-87.6643069249
-3.0721713098	1.6132861068	-87.3155672646
-3.8212979178	1.0346344635	-86.9931209887
-4.5588615749	1.4642869389	-87.5140802982
-3.9441862645	2.2075834523	-87.2501019733
-3.9392124663	3.1294267447	-87.6376328825
-4.0626025386	2.4500773070	-88.3609994781
-3.3399219168	2.0979049930	-88.9557325107
-3.0365204595	2.9097806054	-89.4545366263
-3.4921862641	3.3374318714	-88.6738426599
-2.5067221024	3.2033796814	-88.5694855985
-1.9665864652	2.7013286977	-87.8940610630
-1.1081838262	2.4390594868	-88.3349235931
-1.9297155603	2.3840362266	-88.9024251797
-2.4524152526	1.6428525863	-89.3236517729
-2.6578164570	1.5904599845	-88.3463773179
-3.0175627303	2.4452462499	-87.9723144098
-2.6993185000	2.5763990725	-87.0334216858
-3.2839489907	3.3124228859	-86.6921356833
-2.5219653393	3.7826409590	-86.2468538864
-2.1277674108	3.4589019658	-87.1069707723
-1.1351833949	3.5639117566	-87.1682073239
-0.6836749566	3.0004694410	-86.4763454251
-0.5652855098	2.6777807544	-87.4154172809
-1.4582973699	2.4735750033	-87.0143813362
-1.9908005738	2.8478357371	-86.2551914779
-2.9032078946	2.5696774466	-85.9549568255
-3.3677203782	1.7498229924	-86.2897206623
-2.8146288977	0.9549790899	-86.5393463521
-2.2818937575	1.7964288734	-86.4490383671
-1.4286992964	1.3530001245	-86.7236838768
-0.9774684473	1.6855342138	-87.5518214260
-0.1803994370	1.8592728653	-88.1301776083
0.2602622078	1.7225605903	-87.2429757887
-0.5069975827	1.9301732794	-86.6361731971
-1.2548770464	2.1498225757	-86.0097304669
-2.0760962206	2.1057046401	-85.4408256630
-2.6386443283	1.2816767653	-85.5080394114
-3.3566953623	1.9118268954	-85.2125507888
-2.7839874059	2.5643489531	-84.7163446212
-2.3388516648	3.2471393839	-85.2956989166
-1.3580913698	3.0800976206	-85.3967251175
-1.4294710241	3.7893392558	-86.0980675787
-1.7558112259	4.4256673487	-86.7970587309
-2.6929706274	4.3501020867	-87.1376789700
-2.9938863597	3.5833230673	-87.7046883681
-3.3458884023	4.3792632747	-88.1972061324
-2.6672201977	4.2069030318	-88.9111398932
-2.1406019601	4.1032524606	-88.0673805728
-1.3559567981	3.5089600587	-88.2438699800
-1.5105573580	3.2947967240	-89.2083557149
-2.2800514546	3.6029956823	-89.7677234271
-2.0683276741	2.6424059846	-89.9478358184
-1.5442428382	1.7933371309	-89.8813740515
-0.9091250147	2.3871497758	-89.3873984519
-0.8270352730	1.4622292388	-89.0162067568
-1.6101951795	1.5012618037	-88.3956126707
-2.0259407818	1.6716846156	-87.5022417178
-1.6444226544	0.7571742841	-87.6368328475
-2.1192049741	0.2745624192	-86.9008521842
-1.1476528963	0.2266639092	-86.6689205289
-0.9848932521	-0.0116765791	-87.6263666683
-0.6378029682	0.8169826348	-88.0655161211
-0.4544937985	0.9209978016	-87.0879791175
-0.6051249061	0.9910780802	-86.1018761696
-1.2222422326	1.3154490946	-85.3849733516
-1.8341062562	0.7786909307	-85.9659321196
-1.1146669191	0.2260435751	-85.5452327727
-1.8331951065	-0.3261544786	-85.9680738223
-2.7553774262	0.0602056272	-85.9855563285
-3.4932404334	0.6983486650	-85.7657117338
-3.4773846829	0.9538162778	-84.7990241452
-2.8232781735	0.2100185255	-84.9365362471
-2.6578495141	0.6378811590	-84.0479604622
-2.4338852953	1.4951590625	-84.5115493153
-1.8869527211	0.7355349124	-84.8634525828
-0.9858134066	0.5479266543	-84.4726187596
-1.2856039759	1.4894639468	-84.3188880165
-1.7355559439	2.3704900517	-84.4649572777
-0.8662032900	2.2844103942	-84.9515949825
-0.2293800592	1.8856785276	-85.6114957866
-0.2069496447	1.0346473226	-85.0868599465
