-2.1992755207	-0.2241230240	-207.8799611972
-3.1595553454	-0.0219813181	-208.0723186480
-3.4629245150	0.6623279351	-208.7354083801
-2.7527895319	1.0689832547	-209.3101602891
-2.9963918799	1.6278838179	-208.5175140524
-2.4176885590	0.8329192841	-208.3354869767
-2.4276191563	0.0453569089	-208.9516418991
-1.4911715992	0.1324574195	-208.6118191898
-0.8891967135	0.4493364579	-207.8788704112
-1.0821969217	-0.5164365621	-207.7055689586
-1.6548267286	-0.2485598967	-206.9307546606
-2.1557128304	0.4399621398	-206.4063020714
-2.7839146632	0.8747556529	-205.7610757095
-1.8507786113	0.9138228953	-205.4036811668
-2.4796820733	1.3708034536	-204.7746746448
-2.0955419317	2.2926187296	-204.7227810172
-1.3725199598	1.6201934582	-204.5644033592
-0.7872383150	0.8933980330	-204.9238665785
-0.6672519496	0.8314991750	-205.9147105639
-0.9613225690	0.5924156584	-206.8401086096
-1.7794257041	0.7786062237	-207.3842044961
-2.7689967587	0.6369715205	-207.3579606645
-3.2444450324	0.2601194539	-206.5630194975
-3.9121293559	0.3689220441	-207.2994702023
-3.6731612465	1.1860183929	-207.8241108406
-3.5751511203	1.3429770016	-206.8413809640
-2.5903806330	1.3707846636	-206.6697598077
-1.6198339222	1.3801973973	-206.4290307429
-1.1590001791	1.7069161809	-205.6038719111
-0.2202301576	1.8355374571	-205.2842355335
-0.4955047752	2.5671500400	-205.9079076536
-1.2311456921	2.6890841761	-205.2416010366
-1.2659352945	3.3923236519	-205.9517023838
-1.0130086205	4.2178329842	-205.4471605721
-0.4477653758	3.4301505806	-205.2020962837
-0.2475540782	3.6063481231	-206.1658752325
-0.6921081186	4.3834734312	-206.6113502157
-1.1697668608	3.6024009872	-207.0135540984
-1.5232148135	4.1486070388	-207.7729838147
-1.4319400038	5.1322249197	-207.9284340428
-1.9901487826	4.9242950032	-207.1252104693
-1.7469585511	4.2945647735	-206.3874446872
-2.1617903893	3.8509448982	-205.5930166211
-2.2152654044	2.8535727714	-205.6418967155
-2.2531472259	1.8568117018	-205.7128356871
-3.1232709568	2.2579620454	-205.9991276618
-3.0964935211	3.2468731686	-206.1452021606
-2.8385045874	4.1913554185	-206.3486597477
-3.4935830701	3.7684218971	-206.9747583166
-3.9347389494	3.2199047334	-207.6850472798
-4.1342893688	2.2508679403	-207.8304684738
-4.5412126819	1.7701939781	-207.0537021258
-4.2609800086	2.0989926980	-206.1518368085
-3.9292883438	2.7495555612	-205.4686467907
-4.1783716273	3.2610897637	-206.2910154899
-3.6770277568	2.5905270190	-206.8378243494
-3.1404333535	2.0426127512	-207.4795847420
-2.2361751608	1.6808397849	-207.7063829824
-1.4753722061	2.1662582532	-207.2756304145
-1.4813354394	2.4355265751	-206.3125836811
-2.3818833047	2.3879758572	-206.7447323495
-2.1343194136	3.3472658272	-206.6088100436
-2.4695196429	3.9539445596	-207.3296302167
-2.8821232444	3.0486299736	-207.4304457335
-1.9034168863	3.1092305366	-207.6265616082
-1.6535960499	3.4001126608	-208.5501292233
-1.7957292653	2.8766881817	-209.3902631195
-2.7586731771	3.0930655273	-209.2292666378
-3.5772085228	3.5357938120	-208.8632180702
-3.3291052542	2.6957774719	-208.3807066024
-2.3459070467	2.5132502344	-208.3784499789
-2.0744717490	1.8759660983	-209.0996932173
-1.0968157942	1.8511385024	-209.3084333056
-1.5786696144	0.9755616347	-209.2740524286
-1.4583693374	1.2685681457	-208.3255404214
-0.5845721932	1.0316230444	-208.7501997788
0.0654994358	1.0758110754	-207.9916127403
-0.7245160944	1.4447702692	-207.5019755527
-0.6418565188	1.7133979058	-206.5422846715
0.0410354540	1.0196532656	-206.7711447330
0.2089801442	1.9077042005	-207.1991168326
0.3948735469	1.9872534430	-206.2197723780
0.5215508094	2.8536112455	-205.7366812590
0.4019595984	2.9038598288	-206.7282320757
-0.5470144035	2.6840795725	-206.9543846409
-0.8309040353	3.0194293264	-207.8526870507
-1.3463449800	2.3211788561	-208.3494434430
-0.7398447343	2.8374203983	-208.9541352010
-0.2840115626	2.1648503757	-208.3711551977
0.2281326437	2.8368169367	-207.8362073004
-0.1183133548	3.6361414060	-207.3452332045
-0.5322356114	4.4805522407	-207.6852901229
-0.6670351905	3.8960909676	-208.4854364181
-1.1190315265	3.7740855635	-209.3690732177
-1.5804588606	4.4642244004	-208.8115849209
-2.3772748615	4.6856777544	-208.2494081936
-2.7074102190	4.2142532508	-209.0671915286
-2.6566223757	3.5681599617	-208.3056246853
-3.3839600407	4.1741807494	-207.9835707675
-3.1087440110	4.8560062788	-207.3058023081
