0.7470182482	-0.9270876631	-20.6005768864
1.5159606423	-1.3902067774	-21.0413129532
2.3449023200	-1.5558958687	-20.5070818984
3.2390541341	-1.1593852389	-20.7151007771
2.7932476872	-0.4907482350	-20.1199695572
2.2883514873	0.3426357413	-20.3448049978
2.3016341667	0.4240169492	-21.3413995339
1.5343570358	1.0569528928	-21.4447334376
0.7622872972	0.6132123912	-21.8997089159
-0.0667800112	1.0962147786	-21.6180067827
0.5402085820	0.8968918433	-20.8486985122
1.3595221395	1.0091553931	-20.2864510668
1.3041779372	0.1914381081	-19.7134977868
2.2127344963	0.2294231339	-19.2974663977
2.2852298882	1.1614266042	-19.6525916565
2.9186835439	1.8393095399	-20.0257018166
3.5551802016	1.2649461081	-19.5109410442
3.2793378279	0.3041588271	-19.5392038382
3.2432709319	0.7731023994	-20.4216952574
3.8774196516	1.5373447090	-20.5391222286
4.4704731548	2.3065811573	-20.7769516398
4.0291739947	1.9016122984	-21.5777358021
3.4085164280	1.7025583209	-22.3361299601
3.4221912307	1.8352988475	-23.3271864431
3.4633218446	0.8784019378	-23.0396858748
3.2778385776	-0.0939852853	-22.8980559134
3.9374779703	-0.0890068213	-22.1464901569
3.1714502650	0.5330121351	-21.9843359941
2.6585998803	-0.3185587867	-22.0930164802
1.8091683044	-0.8374539594	-21.9970279516
0.9747131196	-0.4801260993	-21.5775028093
1.3600940038	0.0968784859	-20.8574005368
1.7346212869	-0.5997893848	-20.2455319299
2.3232129380	-0.6643944950	-21.0513768580
2.6557323173	-1.4058287250	-21.6342200144
3.4482492712	-1.0703416317	-22.1434991991
2.6679466637	-1.1863110579	-22.7580550818
2.0498405507	-0.4433957971	-23.0150020576
2.5213831858	0.2031775599	-23.6146606582
2.4662100733	0.6634232069	-22.7285851128
1.7139117325	0.2399434920	-22.2238949728
1.0325402733	-0.3536455092	-22.6521297592
1.1877773043	0.3981619311	-23.2929784441
0.4969477918	0.9985196572	-22.8900824459
1.4614922026	1.1938852325	-22.7126384506
1.9857490839	1.1973263402	-23.5641916674
1.0725592763	1.5861257271	-23.6863367118
1.3980429034	2.2465187186	-23.0096229575
1.1210306925	3.2067756965	-22.9754064209
0.5192303587	2.6039777996	-22.4515065701
0.7616775843	1.7413669596	-22.0075224695
1.7139532661	2.0462224151	-21.9922196242
2.0272561648	2.3148075906	-21.0813391177
1.1195502317	1.9178196310	-20.9454329037
1.7498227130	1.9550391248	-20.1699515638
2.2929528312	1.3473273688	-20.7493444325
3.1409741125	1.3836776981	-21.2780584950
2.4021250397	1.2987727027	-21.9465591976
2.4350454226	1.7857518374	-22.8193521689
2.9253726646	2.6567877380	-22.8489436484
3.1415891499	2.9704437497	-23.7735356329
2.5530657199	2.1642900415	-23.8348248742
2.0786355974	2.9588693800	-23.4559321009
2.5466802382	3.7149310317	-22.9984334745
3.5305989382	3.5757811499	-22.8864455196
3.7462668340	3.9961024599	-22.0050730926
2.8723806765	4.2209067172	-21.5740440570
2.0307176590	3.9242173307	-22.0252411014
1.9830441501	2.9719461675	-22.3267487600
1.2636660734	2.9231983281	-21.6338426833
0.5243370691	2.7962230731	-20.9725788117
1.3813379719	2.9598940629	-20.4839467827
2.3601212794	2.9398415622	-20.2800322561
2.1668927515	3.3231782373	-21.1832020792
3.1394631326	3.3501586521	-20.9521633139
3.3034026038	2.3649423052	-20.9024380735
2.8000182030	2.3603990360	-21.7664887108
2.9340482880	3.3180039030	-22.0214962695
3.7198866779	2.7279177413	-22.2065809711
4.1249013804	3.1564012151	-21.3988898152
4.8184618333	2.5986667167	-21.8548570591
4.5598003366	3.2854760068	-22.5341119664
4.1011668951	2.6893267130	-23.1930970845
4.4020784364	1.9104692486	-22.6427941730
5.0527798135	1.5615357566	-21.9683809940
4.7673021824	1.2549221674	-21.0603663305
3.9512764796	0.6903758984	-21.1844210063
4.1288014258	0.9803873535	-22.1248348776
4.8957311451	0.4103019376	-21.8301801235
4.8709774120	-0.5892875835	-21.8446037894
4.0400947603	-0.7159146722	-21.3027554715
3.2380302978	-0.1350561931	-21.1638453382
3.8386294511	-0.2258466140	-20.3694664887
4.6975121441	0.0466961163	-20.8031034103
4.3298231915	0.6652834754	-20.1087299421
4.7024683088	1.5694564372	-19.8999073576
4.0294912925	2.2978695698	-19.7713918187
3.3375480656	3.0146515190	-19.8576368658
4.1662864415	3.2992184377	-20.3395231316
3.8991349848	4.0929558991	-20.8859761868
