-2.0538952678	0.4533927502	236.8998647757
-2.4177848816	1.1822107805	236.3198573381
-1.9009552543	1.4363137361	235.5023496474
-1.3110377078	1.0169178577	236.1923528253
-0.4157334493	1.1166059649	236.6265101310
0.0301995554	1.1835923644	237.5190663352
0.8474060047	0.7224696104	237.1733215956
0.6182033627	1.5815049064	236.7155831231
-0.0438143874	1.9375404982	236.0560596922
-1.0283321630	2.0300282486	235.9071611847
-1.5396540075	2.4388273379	235.1512291270
-2.1322657411	2.4185640346	235.9564624669
-2.4039016630	2.6430514996	236.8923146476
-2.3094358530	3.4452101104	236.3027234554
-2.3297805311	3.2811371761	235.3164850632
-1.3811064219	3.3700544704	235.6199832498
-1.1870878682	3.8636014359	236.4677852277
-1.3737605685	2.8954495356	236.6346240746
-1.3600737620	2.6486767007	237.6036007716
-1.7551266981	3.1814919851	238.3519596765
-1.3347370170	3.3425431372	239.2448958682
-1.3443194612	4.2801678698	238.8973789080
-1.9883394964	4.2025075016	238.1363223652
-1.7919789367	3.6685419906	237.3139335498
-2.6587266804	3.3619571743	237.7073215251
-2.4639996330	2.4119464884	237.9513729001
-2.4549034605	1.6113129950	237.3522875398
-1.7009180396	1.8684753822	236.7478262163
-1.2974524523	1.1237293600	237.2793983019
-0.9562569009	0.2588283771	236.9112517475
-1.4768649905	-0.0237849680	237.7169172577
-0.7788787291	0.6292375439	238.0108165223
-1.4988780889	0.5036835285	238.6933391308
-2.1261409783	0.7905227216	237.9692779836
-2.6932901520	1.4663507694	238.4400202323
-2.3029478172	1.0136165189	239.2416838525
-1.5555205306	1.5225436623	239.6687033064
-1.6238903659	2.5011112951	239.8629478783
-0.6549504458	2.4251917933	240.0983022079
-0.6560682089	1.4554715780	240.3425182079
-0.7139377481	0.8013740568	239.5883248977
-0.9490253976	1.3854855164	238.8114416377
-0.0309242673	1.0237899399	238.6493718239
0.8436375211	1.2300081104	238.2104917214
1.8084253715	1.3392861517	237.9712372261
1.7778283889	1.2528241070	236.9754520387
1.3702140168	0.8371287813	236.1624035039
1.0948402247	1.7121529824	235.7642805054
0.4458680866	1.4413411079	235.0532980214
0.3254224186	0.9251499451	235.9012600043
-0.5167579339	1.1717972602	235.4217838779
-0.4207994113	2.0926804162	235.0439397633
-0.6125559928	3.0696735005	234.9505913485
0.2889446880	3.2407181380	235.3481341190
0.9759732788	3.7664300366	235.8497502224
1.1536553981	2.7863003635	235.7615748948
0.4424277636	2.7841603953	236.4645334088
-0.4654732654	2.9290863901	236.0711987199
-0.1469565468	3.8761884455	236.1105026222
0.5402322686	3.8159433341	236.8344791815
0.8014422671	3.0842266688	237.4640505106
1.5843672944	3.0980646246	238.0860126579
2.0973253137	2.6754795653	237.3388206223
1.5616340300	3.2311356893	236.7029895753
1.5139574636	2.2380641665	236.5955842883
1.1478062194	2.0407657224	237.5049833153
0.1792308634	2.2602505535	237.3879867834
-0.6932714929	2.1086040246	236.9235053859
-0.7094418016	1.8375661511	237.8859382367
-1.6746053360	1.7342026864	238.1263032635
-2.0161913572	2.2482073498	238.9131439057
-1.0610573247	2.4352435376	238.6834997364
-0.3054777027	2.8622294523	239.1802717802
-0.5110307459	3.5272325986	239.8982681325
0.4047424560	3.6516212800	239.5163166975
1.1420185736	3.2623085626	240.0684575621
0.2515681756	2.9429480736	240.3926596082
0.4021072279	1.9645343156	240.2510809658
0.2747119986	1.0052282900	239.9990841309
0.7495439105	1.4643170040	239.2482364711
-0.1761640290	1.8233374467	239.3672706363
0.1863195517	2.0417946397	238.4612451904
1.1631369574	2.2322926129	238.5589092985
0.6878231908	2.5118936130	239.3931155704
1.6255516758	2.2232810947	239.5864238805
1.5903401409	3.1196910050	239.1445987787
1.1772404871	3.9368133472	238.7425294389
0.3412421201	4.4855221219	238.7475703507
-0.4150752203	3.8326086387	238.7886564069
-0.9614757904	3.7784074102	237.9528881114
-0.6406178093	4.7221424886	238.0329771736
-1.2892605535	4.6471464400	237.2755881169
-0.4169106782	4.1886403650	237.1059476906
-0.3562045366	3.1904891516	237.1089342538
-0.3543205936	2.9092571939	238.0685722255
0.5032422783	3.1267166757	238.5347238045
0.1574494916	3.8282419705	237.9115949178
0.3961142217	4.7400513421	237.5774649783
1.1879716040	4.1354152945	237.6633552342
2.1169965937	3.8504349331	237.4273493824
