2.8632257253	-0.3926191258	-44.7091812104
2.1811947226	0.3068873379	-44.4958166900
2.4962527521	-0.0364090592	-43.6110082238
2.1808827387	-0.8727117702	-44.0594940431
1.4054685262	-0.2593086178	-43.9095961721
1.1053886757	0.1743526805	-44.7592372502
1.7779434292	-0.5191772826	-45.0174741452
2.3837735122	-1.3147178543	-45.0266996137
2.4031390212	-1.8730923074	-45.8560625904
2.1784513568	-2.4940457559	-45.1051083519
2.6744690790	-3.2953519495	-45.4395852619
2.0159216690	-3.9334063852	-45.8385863219
1.1041067769	-3.6524516844	-46.1380158773
1.7255486088	-2.8789685469	-46.0133808674
1.4541808309	-3.3116774402	-45.1536585036
1.2409930630	-2.4827113859	-44.6365837929
1.4087439090	-1.4969277994	-44.6460903261
0.6793223198	-0.8294484640	-44.4963723176
0.9040163312	-0.9914120352	-45.4572471288
1.3171524980	-1.8893558646	-45.6089553587
0.6947674628	-2.6720649092	-45.6071061701
0.0032377977	-3.1665200539	-46.1336997820
-0.4008217423	-2.7557534485	-45.3163830233
0.2647048207	-2.7618905673	-44.5700340903
0.4728479111	-1.9305518743	-44.0547162938
0.3480458795	-1.7997228879	-45.0382345850
-0.2712691820	-1.0179773841	-45.1111922565
-0.3825951498	-1.0981684469	-44.1206490104
-0.5782468551	-2.0007915106	-44.5040443875
-0.5335953025	-2.7858769800	-43.8862685021
-0.3705413058	-1.9286008943	-43.3979129891
-1.2258227353	-2.2974850047	-43.0340198874
-0.5717632768	-2.9992129557	-42.7515590799
-1.2785724563	-3.0184002432	-42.0444150833
-0.3821678240	-2.9113563564	-41.6142984228
-0.4211896784	-3.8298518005	-42.0077999020
-1.0728157619	-4.1089989484	-42.7131085699
-0.9081901795	-4.2396628587	-43.6907717840
-1.3134105368	-3.3560908911	-43.4560441971
-1.5396669960	-2.5928280582	-44.0612200911
-1.1425680206	-3.2754442528	-44.6746917975
-0.2674410446	-3.7138459299	-44.4698583400
-0.5295099040	-3.9056149527	-45.4156619955
0.4269019869	-3.6359026163	-45.3037175869
0.3361513546	-4.5428880989	-44.8924492352
1.3108890354	-4.3845667555	-45.0499954372
2.1832502332	-3.9953821885	-44.7541554242
3.0605426783	-3.8787129593	-44.2885952705
3.6848987126	-3.1150958972	-44.1240701207
3.2527250623	-3.3184192541	-43.2454999479
3.3272084768	-2.9148050722	-42.3336075128
2.4690911022	-2.4013680440	-42.3294856750
2.2143351506	-2.7879469390	-41.4431132007
2.0708415060	-1.8087833209	-41.5868079565
2.4684501219	-1.2613479980	-42.3231651768
2.3377814724	-1.6329212187	-43.2423273202
2.2017314538	-1.9837692924	-44.1688239589
3.0683276930	-2.0948476360	-44.6553139998
3.1587733058	-1.2839930234	-44.0770974414
3.0326197888	-0.8439502440	-43.1880262167
3.3059294901	-1.7272587825	-42.8071485028
3.0985982943	-2.3166888674	-43.5879083573
2.6309978330	-2.9257185341	-44.2285585533
1.6928817855	-3.2527689000	-44.1146448163
0.8015510849	-3.6623546641	-44.3089875137
1.0226981791	-3.7939252135	-43.3426629548
0.5688734244	-3.7212224061	-42.4545428087
0.2825014232	-4.6094402718	-42.8137921650
0.2731370717	-4.4939158032	-43.8070526575
-0.0848061470	-3.6612160694	-43.3845744858
0.5042696482	-2.8592263042	-43.4835801616
1.3590944869	-2.3572908916	-43.6152438873
2.2018984592	-2.7621206013	-43.2605688664
1.3616819156	-2.9644014935	-42.7574599313
1.2986789559	-2.4614994231	-41.8954157708
1.5335595870	-1.7475651652	-42.5550588292
1.0215193818	-0.8888982460	-42.5325654944
1.8767178277	-0.6746659049	-43.0045190113
1.3557737434	-1.3065702748	-43.5783779908
0.4070332465	-1.0241192049	-43.4365581666
0.6209685720	-1.8936913671	-42.9915009441
0.3529159625	-2.6211207446	-42.3598409887
-0.4367473492	-2.0126900023	-42.2808227251
-0.0685506090	-1.1046677419	-42.4806394788
0.5790786982	-1.6442955609	-41.9427007301
0.4501305852	-2.2825733074	-41.1837712851
0.6436846042	-3.2160477831	-41.4857021461
1.5206697596	-3.5532873942	-41.8279980442
2.2837385429	-3.4420886348	-42.4646776088
2.2252377116	-3.8107111343	-43.3924141584
1.6100174531	-4.3406174879	-43.9761121026
1.1798276879	-4.9979584540	-43.3573717531
1.0304384169	-5.1678388797	-44.3314474620
1.9929367785	-5.3167735030	-44.1046978601
2.2493018759	-4.8790793588	-43.2428969707
3.1303371019	-4.4114702228	-43.3144415467
3.3586731345	-4.0248674370	-42.4209087032
2.7821183643	-3.7987052456	-41.6357747910
2.4369814163	-4.5353856403	-42.2173093843
1.5422603792	-4.2992371896	-42.5963979953
