3.4948706941	-3.4780652361	205.6576651506
3.3221073370	-2.7686063114	206.3409080479
2.7422657911	-3.0544542984	207.1038462564
2.7987295335	-3.8621979315	206.5170225444
2.1513061493	-4.0904204980	207.2441796263
1.5291026593	-4.3361866071	207.9874573917
0.5617031610	-4.2000359329	207.7739130063
0.6804010746	-5.0739126339	207.3024786877
1.6722420895	-5.1117340747	207.1807374059
2.1442116792	-4.7600083084	206.3723230990
1.2314201831	-5.1197647316	206.1789659148
0.3413924136	-4.6829871330	206.3096406977
-0.2301183771	-4.5479737918	207.1190520973
-0.6421030314	-3.6467846751	207.2536879784
-0.4971508917	-3.9348087794	206.3070988424
-1.1064523804	-4.4074232558	205.6703985576
-0.2133050172	-4.2720793397	205.2414815353
-0.3584611910	-3.3055055989	205.4528222292
-0.5542778784	-2.3458031965	205.6543839409
-1.1547873227	-2.9840209290	206.1361167851
-0.2035884116	-2.8920215368	206.4306617621
0.4731682182	-2.6650094035	205.7303290159
1.3804788922	-3.0671442552	205.6075491243
1.6157572411	-3.9766613865	205.9502190624
1.1795854114	-4.2315677420	206.8132236307
0.3593488088	-3.6682479748	206.9126356798
0.5676944464	-3.6854461996	205.9347316373
0.8681564250	-4.4175400605	205.3233715322
1.7790650389	-4.8087672118	205.1922730458
1.8697004591	-3.8385946397	204.9674388827
2.6500276869	-4.1555338139	205.5065483126
2.4291990840	-3.2127569769	205.7563613701
2.3420130668	-2.3320107748	206.2218554366
1.8487811704	-2.3690097546	207.0909661154
1.8239460895	-3.2381080539	206.5969505642
1.2947889004	-3.3707679881	207.4350400648
0.6920506969	-3.2437699870	208.2228079023
0.0642711673	-2.8910941077	207.5288968227
0.2109351059	-2.0705164167	206.9765002784
0.8761559739	-2.7543199067	206.6766770241
1.2901049374	-2.0379977643	206.1149574820
1.8964614624	-1.4123176709	206.6057284932
1.0881561002	-1.5260105644	207.1834103845
1.0144002330	-2.3603931236	207.7296391066
0.2614189227	-1.7900106453	208.0577899483
-0.3150469270	-1.1929229864	207.4999607166
0.2475149014	-0.9470804602	206.7106029767
1.0638234896	-0.7876041617	206.1554384974
1.5081677700	-1.2511261542	205.3888189549
0.9373920089	-1.9870438581	205.0246209818
1.6517448051	-1.7287428128	204.3742513542
1.9637618728	-2.2747817923	205.1517388347
2.5499485998	-1.5449983286	205.5035928061
3.0265857587	-2.4048596699	205.3206843797
2.6305080791	-3.1127237114	204.7358331418
2.2261353247	-3.5947429061	203.9585685978
2.0949789013	-2.6038606544	203.9277407559
1.3602769048	-2.8863330040	204.5445246306
0.8279402054	-2.2818268576	203.9519118080
1.2951697628	-1.6119724440	203.3748575599
1.4312298073	-2.5121675637	202.9611711925
1.2735762602	-3.2799800576	203.5821456955
1.1043543900	-4.0129929898	204.2409749600
0.5303662136	-3.5043172081	204.8826809071
0.1391037343	-2.5985882888	204.7196815300
-0.8597625348	-2.6445916413	204.7074394724
-1.3397546664	-3.4383021035	205.0811121311
-1.7506543454	-2.5476675618	205.2758724119
-1.1946724503	-1.7290387493	205.1318897753
-1.0256100411	-1.6416542040	204.1501658614
-0.2372825541	-2.1836327349	203.8589631049
-0.5813578186	-1.8038924434	203.0002375822
0.3890203574	-2.0435562787	202.9697836570
0.4918901466	-3.0363259164	202.9079269439
0.2444477824	-3.2337970363	203.8564929317
-0.5136924469	-3.6074248122	204.3909325239
0.1161430874	-4.3319393225	204.1109576606
0.6239022340	-4.1199424708	203.2759498858
-0.3366504947	-3.8480732337	203.2174214876
-0.5509281566	-2.8796602183	203.0899016258
-1.3107898497	-2.6804477576	203.7087106455
-1.9326172043	-3.2037075243	204.2914026375
-2.6906794780	-2.6601181731	204.6517527540
-1.9750572738	-2.0195632822	204.3732311346
-2.2549736206	-1.5478438794	205.2093696660
-1.6866820102	-0.8637193929	204.7521844382
-0.7015818084	-0.7464404507	204.6263939690
-0.2076011058	-1.0184749710	203.8005729925
0.6821888803	-1.1789997214	204.2277797166
0.5099796316	-0.8744840153	205.1645903482
-0.1106035574	-1.5948477885	204.8548282784
-0.4337002298	-1.0390789022	205.6208109710
0.2741560213	-1.6753999014	205.9274624244
-0.5712699296	-1.6565420905	206.4612220562
-1.3151330837	-1.4497952521	207.0967717024
-0.8642107362	-0.6515895965	206.6973511622
-1.4603775903	-0.9961352559	205.9721798922
-1.5442843218	-1.9766532868	206.1497863438
-1.8070799811	-2.4699155664	206.9790213919
-0.8218844003	-2.4446990246	207.1485908278
