-4.1738248031	1.5643486901	156.7866481866
-4.0291615131	0.5766508487	156.7272722087
-3.7977556937	0.8918291375	157.6476601666
-3.0877169074	0.3165298546	157.2416113308
-2.3975829789	0.3054954879	156.5180137883
-2.3168707543	1.1665628932	156.0159695071
-2.3778723479	2.1621380380	155.9444926812
-2.2218092540	3.1378306699	156.0983374042
-3.1693428822	2.8887587492	155.8979797196
-3.7298174932	2.5134659629	156.6362368123
-3.4010519052	1.7984319988	156.0192768312
-3.0714814413	1.2526117664	156.7896427075
-3.2803810127	0.6982230066	155.9840286113
-2.9398353714	1.1554760605	155.1624762327
-2.8493071280	2.1400127518	155.0125024324
-2.1023208891	2.7973774109	155.1119170374
-2.8371098913	3.4748574488	155.0786616544
-2.6899260477	4.0704218481	155.8683704377
-1.7518564932	4.4012707362	155.9711543092
-1.8705204030	3.9023262488	155.1126828332
-1.2357430981	3.4216358929	155.7176576714
-1.4393559222	3.5864987353	156.6827286849
-2.2491704993	4.1343787435	156.8925568227
-3.0221984852	3.5109444084	156.7752650378
-3.3521994573	2.9320621662	157.5209155645
-3.3289152390	3.1787697939	158.4897257583
-2.6953430228	2.7657131702	159.1439202803
-2.7290568549	2.2638107358	158.2796533517
-2.4205761531	1.5880258181	158.9490967036
-2.0778140933	0.7506228369	158.5233380659
-2.6091241870	1.2542335374	157.8420996005
-3.1711942031	0.8470686511	158.5620260220
-3.6503629118	1.7242480187	158.5311438970
-3.4225900964	1.8753741116	157.5692289067
-2.7257517624	2.2722456533	156.9718100288
-2.2022522836	3.0738285816	157.2606232984
-2.6787256506	3.7688419754	157.7990743295
-2.5153009910	3.8543127145	158.7819207740
-2.0260045294	3.1025487335	158.3398349346
-1.6906747686	2.3782897233	158.9423321028
-1.5665318947	1.8235151474	159.7650189915
-0.7343580299	2.0932628284	159.2805369512
-1.2473412540	1.3471029314	158.8561625647
-0.3882944288	1.0464298053	159.2704501741
-1.2167941967	0.6708339600	159.6858005028
-1.1016050356	0.2426781608	158.7894668212
-1.7848514495	-0.3160577136	158.3193726174
-2.7506490699	-0.0962114659	158.1818859490
-2.3446762653	-0.5125006370	157.3683200893
-1.9513504629	0.3938254826	157.5228120893
-0.9743004451	0.2622899879	157.6903581319
-0.4988788382	0.9756221209	158.2052674091
-1.3461960191	1.2621787905	157.7581221640
-1.9919859581	1.4658310333	157.0222681577
-1.8422929680	2.1811198183	157.7048763636
-1.1579676710	2.8749089678	157.4804760430
-1.5418495650	3.7655378967	157.7242275606
-1.0616230019	4.4747067637	157.2080280196
-0.8485369148	4.3930822607	158.1816458912
-1.8168462721	4.5932899312	158.3309572348
-1.4331086079	4.0004264635	159.0389532191
-1.1375570020	3.1536768887	159.4812929140
-0.9900669476	3.2082322726	158.4937351213
-0.2161133255	2.8230690194	157.9910970218
-0.9176125937	2.1471743374	158.2170730281
-0.1391755342	1.7880411846	157.7022340989
-0.4094141774	1.0214739589	157.1197001821
-0.9410167115	1.8654304030	157.0480324343
-1.6450453816	2.4374101378	156.6271015436
-0.7332273733	2.8210189380	156.4807041112
0.0927483267	2.5701928604	156.9855312320
0.2576438765	3.3175318292	156.3418745507
-0.5163127340	3.9476244069	156.2788308467
-0.3848094849	3.5954688115	157.2054879203
0.5673681561	3.4008203122	157.4410079869
0.1028261278	3.8306021941	158.2152742447
-0.3562638302	3.8637334522	159.1030460229
-0.0946105729	2.9003804676	159.0439816510
0.1520402155	1.9964594256	158.6945676581
0.4917281394	1.0570587539	158.6483238238
0.4935231335	0.8771337345	157.6646451337
0.7328967351	1.6992903528	157.1481581796
0.7634663986	2.4247517727	157.8357417919
1.2427464449	1.5870711847	158.0976231958
1.6786376366	2.1199374157	157.3723284634
1.1325017335	2.6599046839	156.7318825839
0.8152451875	1.9584273851	156.0936993161
1.3989813874	1.2035362202	156.3926832257
0.4262099976	0.9779616444	156.4458991435
-0.2029046386	1.7436249224	156.3118300603
-0.1731070192	2.4723465434	155.6276686020
-1.1656273084	2.3948533517	155.5333379033
-1.7145853546	1.6218372220	155.2153895950
-1.3262377351	1.5351692603	156.1328179524
-1.3475950554	0.6848292026	156.6586179630
-1.5034767928	0.5520196791	155.6798112843
-0.5739041661	0.8086740409	155.9444303885
-0.6585758861	1.5053955817	155.2321033608
0.3065896784	1.3072719893	155.4029906783
0.9048074827	0.5223749101	155.5644590457
