4.9987454004	-2.8814237212	9.6573205843
5.1928005706	-2.0376913542	9.1568625103
4.3187697498	-2.4213502677	8.8587417926
3.9034184290	-2.8261344673	9.6733785412
4.1639699357	-1.8714533691	9.8172427585
4.4739848389	-2.4639278920	10.5607914789
3.5719241160	-2.6828335373	10.9327683204
2.6504263580	-2.3384986473	11.1124217799
1.9154344540	-1.6638516892	11.1805274561
1.0465080589	-1.2990228375	10.8460624673
0.7102878664	-1.2126802110	9.9082453566
1.5715172502	-1.7033695934	10.0405626967
2.1859132616	-2.4816085581	10.1704151317
3.1426145504	-2.2194152352	10.0440137649
2.5573324899	-1.4466294277	10.2894664188
3.3382389477	-1.1134081932	9.7611211594
3.6435540396	-0.6560345347	8.9259014092
4.3846241043	-1.3238949989	8.9950213013
4.8657240858	-1.6488438967	8.1808032582
5.1653176644	-0.7743806047	8.5623234263
4.2846227764	-0.7125142505	8.0926969062
3.6262261940	-1.4611893789	8.1701532964
3.3663360442	-1.9282260833	9.0153360144
2.3980046485	-1.8796372034	9.2602307449
1.5184900306	-1.4747028806	9.0102662855
2.0981822882	-0.8447390705	9.5270858714
2.7015623226	-0.1416656828	9.1507610840
2.7012827872	-1.0213359308	8.6751770464
3.1395550092	-0.3381539463	8.0910710326
2.4760027585	-0.9064559003	7.6045206244
2.0838490126	0.0102223395	7.6814390512
1.8102110400	-0.5006590509	8.4963761438
1.1668443847	-0.4091571656	9.2564463720
0.8493893578	0.5390925302	9.2631411719
1.7803002324	0.4515307454	8.9085458005
1.1258681500	0.3925455240	8.1547292491
1.7230887622	1.1873279005	8.0468009661
2.6189433317	1.6153358101	7.9274116045
1.9641979405	2.1817732577	8.4278684864
2.9050348582	2.3119212696	8.7407380908
3.3600646950	1.9796344399	9.5668938330
4.1050485108	1.9946298865	8.8999798575
3.3894176094	1.3716357788	8.5841464287
3.6159266051	1.2933327599	7.6132899450
3.0135028542	0.5222736351	7.4070050685
2.6482598794	0.6140401332	8.3333832198
2.4052220275	1.3391622741	8.9776894229
2.9182789196	0.8286745329	9.6677436900
3.8915132815	1.0399876800	9.5774019467
4.8715871536	0.8969204352	9.4396087371
4.4108797120	1.0140593734	8.5598206249
4.0312185247	0.3473467605	7.9184535890
3.5744666788	0.3865687352	8.8071826748
4.4754398728	-0.0162465283	8.9683880322
5.2337347972	-0.1140535595	9.6129208803
5.1992931762	-1.1087544685	9.7097912901
4.3111294657	-0.6692160732	9.8438480783
3.5870073562	0.0149953683	9.7572347199
3.4682327428	0.5071950689	10.6195757464
3.9873439242	1.0705601198	11.2623380670
3.8686182263	1.6558785840	10.4602741642
4.6251445761	1.8306387257	9.8300942097
4.8892151171	1.1843882349	10.5460739947
4.4725949032	0.3366241003	10.2178613053
4.5794025949	0.2373377473	11.2071713362
5.0431176961	-0.4247336004	10.6184185566
5.7194420948	-1.1612764780	10.6278999686
5.3617580645	-2.0115876016	10.2418518790
5.2094008456	-1.9115190082	11.2250983153
4.2796365018	-1.9638334667	11.5895176649
3.4314270191	-2.3501382239	11.9518839272
2.6762387853	-1.6978818858	12.0170943628
3.5534599384	-1.2180896781	12.0339016803
2.7555277102	-0.6243820283	12.1378987272
2.7813895041	-0.9785355935	11.2030691064
3.5065473618	-1.6036293335	10.9142717770
4.4401464082	-1.3368355801	10.6750774761
4.4829341745	-0.8511619350	11.5481698638
3.7067656469	-0.2261742842	11.6315536339
3.7156370876	-0.5275042664	10.6780749821
2.7985494519	-0.3474771535	10.3223496569
1.8856387501	-0.6881119269	10.5472096171
1.8772422934	0.1092722480	9.9437960134
1.7252614113	1.0860997337	9.7930980551
0.8906895692	1.6120762130	9.9569229119
0.8729350685	0.6793177550	10.3169874015
0.9434702338	-0.3172104564	10.3612176447
1.4976434244	0.2107536447	11.0047593937
0.9892356409	0.6604611588	11.7391194398
1.7232893001	0.1319157331	12.1655053665
1.7333079075	-0.6938878619	11.6016365432
2.4393698417	-0.0356355426	11.3405227190
3.1109107501	0.6350459490	11.6555134254
2.1882745002	1.0205842793	11.6656399354
1.5986862629	1.2984177044	10.9072242853
2.4008888749	0.7833492814	10.6052714927
2.9544195742	1.5248868009	10.9843834447
2.4910329877	1.8091296935	10.1450510616
1.7777170475	2.1373829394	9.5258336715
1.2399859329	1.5245214309	8.9468293367
