2.1247541647	1.7297196340	-21.6550713604
1.6080924376	2.1624264244	-20.9162713243
2.2572404376	2.7738333456	-21.3688069039
2.3692250514	3.2505295441	-20.4969008421
1.7290833410	3.8764447723	-20.0514250091
1.0388653643	4.3795741335	-19.5313673292
0.9270521148	5.0763837756	-20.2398545344
1.6048470616	4.6443362011	-20.8347737756
2.0465155957	3.8946979324	-21.3276950390
1.1037056479	4.0102489188	-21.6403567920
1.4833217894	4.4701832224	-22.4430721971
0.4849071506	4.5180410927	-22.4134439469
-0.5141055172	4.5615487214	-22.4044564058
-0.4817304449	5.1718880061	-21.6129781609
-0.0325135218	5.1969070019	-20.7199058201
0.6959453551	5.0250652329	-21.3830936299
0.0322616406	4.2833535232	-21.4799836027
-0.5684626660	4.2839122656	-20.6805275405
-1.2768090817	4.9897684351	-20.6840522231
-1.9009399946	4.2130335120	-20.7685712318
-1.1980042021	4.2691625478	-21.4776063530
-1.7793640215	4.3600653086	-22.2861590405
-1.1011377875	3.6415821901	-22.4404029511
-1.2159049891	3.1933194353	-23.3269067538
-2.2023600761	3.2483847480	-23.1723940597
-1.8826279890	2.3009411007	-23.1834361404
-0.9712693493	2.1949815394	-23.5811772637
-0.0298762239	2.2714596464	-23.9097044052
-0.3972908640	3.1814252998	-24.1019776271
-1.1375003359	3.8498931370	-24.1743702258
-1.2167449981	4.3389648446	-23.3057338529
-0.3100297748	3.9208408043	-23.2505995543
-0.1557536406	2.9460187852	-23.0895998477
-0.6918689577	2.6008821871	-22.3192355862
-0.2634989494	1.8912921427	-22.8786827285
0.6821267801	2.1170342343	-23.1128461068
0.8390762718	3.0061477366	-23.5427810287
0.7744434411	3.9900261146	-23.3760299137
1.0484658726	3.4445999173	-22.5839301913
1.9935489846	3.3758037352	-22.2644227629
1.6751645198	2.5159878999	-22.6636070085
1.1338484166	1.8597176282	-22.1379776648
1.2366649148	2.7642849940	-21.7242305823
0.3638489543	2.6108718338	-22.1875411708
0.0028003981	3.5418154245	-22.2422035071
-0.6139708080	3.4235685176	-21.4639934144
-1.2372303687	2.6437788038	-21.4050398549
-1.4080875289	1.9142012013	-22.0672515678
-1.7521744967	2.8253970146	-22.2938047590
-1.9378662956	3.4795561288	-21.5605964604
-2.2342190384	3.0185386592	-20.7241528313
-1.7645672776	2.7166978448	-19.8945026964
-1.9182058072	3.6916715072	-19.7338118139
-1.1636532091	4.3444406258	-19.8012125158
-1.0807880518	3.9678539511	-18.8785447305
-0.4610848833	4.7466638571	-18.9756174521
0.0074541662	4.5380150507	-19.8340677039
0.0180793125	3.7599227237	-19.2060076455
0.5322013543	3.2995907154	-18.4822860358
-0.3637996247	2.8967525918	-18.6691113336
-1.3468967480	2.8515513689	-18.8465286260
-0.8113329653	2.1672156113	-19.3413578951
-0.0265241378	2.6895941990	-19.6748181107
-0.1612886363	3.3264273763	-20.4339505328
-0.8270373019	3.3326093783	-19.6878000808
-1.2334317508	3.4158593156	-20.5976973277
-0.8540942021	2.5158302968	-20.3831028512
-0.2167615411	2.4866480050	-21.1531388718
-0.1993189817	1.7523515114	-21.8317436291
0.6053740547	1.7210852683	-21.2388764101
1.3640710223	1.0952744882	-21.0579350414
0.6596149291	0.7558130419	-21.6812387710
0.4900248555	1.1287968208	-22.5934461529
-0.4669332414	0.9103467110	-22.4023682887
-0.9979881026	0.6237633442	-21.6049658130
-1.8572395615	1.0944939610	-21.4047169258
-2.4063656438	1.5070648503	-22.1315221315
-2.3145583247	2.2912417449	-21.5178137202
-2.6758727669	1.6513245973	-20.8396117458
-1.7620012868	2.0186728671	-20.6667124500
-0.9426010755	1.6397982547	-21.0968720969
-0.1812508662	0.9929632997	-21.0527087675
0.5171251993	0.9979879418	-20.3369954002
-0.0430955727	1.8261013198	-20.3174782345
0.6429712501	2.5241208371	-20.5226149406
1.1358332903	1.8450725868	-19.9785740568
1.5743534677	2.7436559018	-19.9943246143
1.3282610006	3.2660876497	-20.8107213110
0.4342790771	3.3006211357	-21.2574916757
0.6231005172	4.0579789428	-20.6323871918
0.7648420687	3.4059854146	-19.8875289693
1.4073791518	3.3610177679	-19.1225949802
0.8849051550	2.5084436014	-19.1343513945
0.2386187271	1.7550316330	-19.2555300185
-0.3027509679	0.9955361658	-19.6162036780
-1.0378135181	1.4816202484	-20.0888613893
-1.9174904862	1.6396924438	-19.6403286561
-1.9198841680	0.9353742089	-20.3502089941
-1.0287106573	0.5083632238	-20.5034127550
-1.2942150708	0.5525598396	-19.5403166718
