-1.9446785905	-3.9053344575	-19.5250034801
-1.6712472360	-3.2207216002	-20.2006813101
-0.6895133691	-3.1633550354	-20.0192765370
-0.8699174942	-2.5305712134	-20.7722964480
-1.0264387624	-1.7835851781	-21.4184488724
-0.8899541461	-1.0942659573	-22.1299339119
-1.1284485199	-0.2138964983	-21.7199704387
-0.6402868261	-0.8195850308	-21.0916078345
-0.1115152096	-1.1294381241	-20.3014232750
-0.8816486178	-0.5455939556	-20.0444786886
-0.9174052871	-0.4377173917	-19.0509576231
-0.9623392976	0.4402637291	-18.5743759551
-1.8024324333	-0.1021404044	-18.5808008575
-1.9884082228	0.8381540993	-18.8658609423
-2.4114461436	0.6027241666	-17.9908685628
-1.7244747047	0.1297318147	-17.4391906883
-1.8083538418	-0.5066662544	-16.6724040244
-2.3632636754	-1.3385765431	-16.6718138628
-2.8767179262	-2.1655916701	-16.9007477221
-3.3676561695	-1.3000194452	-16.9995625222
-2.9201124190	-0.4294370382	-17.2039906610
-3.4778340831	0.1204076600	-17.8257762778
-4.3963528900	-0.1485971200	-18.1155341590
-4.0093103066	0.6197869748	-18.6252241840
-3.0420129991	0.5107527492	-18.8542382806
-3.4872485100	-0.3845352576	-18.8392474575
-2.7039387760	-0.4953723167	-18.2275767888
-2.0077020456	-0.9401226449	-17.6641483898
-2.7560494019	-1.5760256737	-17.8528374788
-1.9224618000	-2.0457786689	-17.5622108570
-1.9188886299	-2.8620098949	-16.9844965520
-1.0217925312	-2.4357038694	-17.1006075436
-1.3089900127	-1.5472017997	-16.7427225359
-0.7494690228	-0.7587660307	-16.9982715530
-0.0090877800	-1.2129076328	-17.4938429610
-0.9274753601	-1.5197017890	-17.7437261306
-1.0150188824	-0.5547857296	-17.9912602292
-1.5369572379	-1.1853676230	-18.5656702124
-1.1607231630	-2.1066481853	-18.6641082453
-0.8171531184	-2.8767955518	-18.1266767069
-0.1776737816	-2.1126333820	-18.2110707594
-0.2859159311	-1.1739840759	-18.5385171170
-0.7567717610	-1.4248424449	-19.3843095656
-0.2978956706	-2.1057329643	-19.9551167433
-0.3790575705	-2.6590506198	-19.1261099169
-1.3011344463	-3.0459833110	-19.1336814216
-1.3659117618	-2.2564305160	-19.7439356991
-1.2629255922	-1.5099102480	-20.4012798543
-1.8134893588	-1.0829862092	-19.6839128604
-2.3457932509	-1.9287483264	-19.7205053131
-3.3133436064	-2.1803219504	-19.7441066107
-3.3692960231	-1.9460156248	-20.7146579349
-4.3319630084	-2.0659245481	-20.4719768161
-4.3801017173	-1.6467876153	-19.5653308564
-4.2104224456	-2.3818853948	-18.9089466705
-4.4314018551	-2.7435366500	-18.0032003097
-3.6703078749	-3.2389737275	-18.4218625308
-3.1513427053	-2.4476875011	-18.7451909405
-2.1893852067	-2.2176595945	-18.5977971378
-2.5307610859	-1.3168038617	-18.8659789004
-3.5168337313	-1.4428880086	-18.9744386899
-4.3856459213	-1.0315060991	-18.6988841524
-4.7831434003	-1.7429080653	-18.1193127621
-4.4331462815	-1.1233757620	-17.4166878679
-3.6019563258	-0.9513298019	-17.9453876364
-3.7175046982	-1.9420253394	-18.0172967856
-4.0634926489	-2.1731765572	-17.1079775609
-3.6232417955	-3.0421259601	-17.3340441910
-2.7804921313	-2.7907446508	-17.8100488558
-1.8677940400	-3.0921684186	-18.0859580915
-2.6223568373	-3.5311256844	-18.5737608219
-2.3543620624	-2.9314870939	-19.3278247194
-3.2867943191	-3.2473007757	-19.5034145968
-3.6734357814	-3.0071596669	-20.3938305825
-2.6990517919	-2.7834036640	-20.3712675100
-1.9252813859	-2.2635638082	-20.7332701109
-2.3478005134	-1.3576614207	-20.7046615257
-2.4933710254	-0.4442146316	-20.3246296986
-3.0482646980	-1.1306290120	-19.8545995818
-3.9397612823	-1.0296424071	-20.2962278709
-3.2804549127	-0.9422566962	-21.0430068534
-3.2171099217	0.0489835212	-20.9271179258
-2.4162192208	-0.3078679386	-21.4079828974
-1.8380413991	-1.1043794908	-21.5848437287
-1.5823061663	-0.5559186414	-20.7887343219
-1.0911385248	0.3079799929	-20.6772287279
-2.0753842107	0.4811388697	-20.6415015211
-2.6517067642	0.6720110773	-19.8468820433
-3.4234032353	0.9614649621	-20.4131867360
-4.0820088802	0.7412290998	-19.6936488500
-3.4363827107	1.3929179841	-19.2955678942
-2.8527363732	1.4933466023	-18.4897943246
-2.4142711639	1.6734921929	-19.3703031698
-1.6893893218	1.1868742231	-19.8578985621
-0.8951511445	0.6325693059	-19.6090376041
-1.7105497780	0.0578182659	-19.6782207713
-2.5514367788	-0.3220728168	-19.2927446798
-3.3666949722	-0.0873910929	-19.8221580971
-4.3044126708	-0.3332657046	-19.5767376560
-4.2324302140	0.0369709448	-20.5028820018
