-1.2396641936	-3.5077398425	-72.8622925576
-1.5425942612	-2.7794085869	-73.4769200516
-1.1453496726	-2.2680954622	-74.2389932930
-2.0183404795	-1.8002984401	-74.3770258877
-1.9182813939	-0.8066184711	-74.3261505622
-2.0980648675	-0.8100266412	-75.3098508657
-2.5668123049	-1.6926421503	-75.3454275853
-2.9183508720	-1.2669874174	-74.5116178443
-2.7021448215	-1.2846271783	-73.5354294493
-2.5091233888	-0.9965304853	-72.5974832771
-2.2220966930	-1.4824776103	-71.7719706681
-2.1893020139	-2.4725921327	-71.6355971309
-1.4023993910	-3.0534552423	-71.8438813359
-1.5196732009	-2.2307139601	-72.4000680276
-1.3746802901	-1.2413678599	-72.3869779623
-0.7680475495	-0.7652458774	-73.0236133178
-1.7351409075	-0.7528340726	-73.2777321564
-1.8041418621	-1.7498524508	-73.3122752008
-2.4993537467	-2.4055952330	-73.6066929974
-2.5994123715	-2.0699253223	-72.6700425916
-2.2190497845	-2.9925150389	-72.6056025630
-2.2654003094	-3.7009683505	-73.3098365683
-2.3338732353	-4.1883246666	-74.1803509447
-2.6813192461	-3.7678843337	-75.0185103544
-1.9106666655	-4.3826572034	-75.1862867497
-1.6511888806	-3.4187714775	-75.2462499608
-2.0520650548	-3.0993899745	-74.3875918516
-2.9786108663	-3.2646385026	-74.0496483900
-2.9539428299	-2.3976117085	-74.5472988962
-2.4946950709	-2.7703121469	-75.3536399401
-1.5896533666	-2.3755579426	-75.1953091737
-1.2480676679	-1.4470088874	-75.0499961920
-1.2029112161	-1.7856267355	-75.9898359911
-0.6015318826	-1.2051458764	-76.5388213000
-1.1742334770	-0.6900818291	-75.9010737708
-1.0677874728	-0.4186274092	-74.9445269888
-0.9971642651	-0.3049164063	-73.9535263983
-1.0505288794	-1.3034471082	-73.9441107002
-0.2285123204	-1.8727458567	-73.9578114958
0.1285021497	-1.0153997353	-73.5870038686
-0.2110043606	-0.9627744895	-74.5261342712
-0.2005241695	-1.0669961043	-75.5206331503
0.2568784125	-1.8078791386	-76.0124412507
-0.4174711519	-2.4732140982	-76.3327255875
-0.6883192357	-3.1072586732	-75.6084129530
-0.5301483958	-2.2115799021	-75.1927911003
0.3364167012	-1.8128553581	-74.8926516814
0.8249797296	-2.1322742791	-74.0806924951
1.7996466818	-1.9298417943	-73.9855850743
2.0028675772	-1.6012698235	-74.9079416906
1.1320829987	-1.2110159680	-74.6088829236
1.1057837512	-1.2334366720	-75.6082855760
1.1808005741	-2.1944157634	-75.3420306941
1.2395311306	-2.1691018429	-76.3399835623
0.5705533819	-2.8960912307	-76.4947582432
0.3053675252	-2.8005792356	-75.5353032312
1.1558387282	-3.3152184971	-75.6441387189
1.7873856875	-3.1538368163	-76.4024950938
2.1486394615	-2.4673164503	-75.7714756822
2.2618359883	-3.4018547114	-75.4340963928
1.7698489828	-3.8291400942	-74.6755609698
1.4358370097	-4.6888798928	-74.2891887651
1.6238632488	-4.9138095722	-75.2452498368
1.6870434951	-4.1851050258	-75.9271574115
0.8321815433	-4.6805683562	-76.0811935487
0.2692728047	-3.8557609764	-76.0280283513
-0.6958363342	-4.1125924497	-75.9770190957
-0.0405032909	-4.7080062186	-75.5122384526
0.6383423767	-5.2893834772	-75.0637197320
0.2539054217	-4.6343012819	-74.4132771558
0.8520592764	-4.1838244502	-75.0760611254
-0.0160120911	-3.6975113858	-74.9763028956
-0.8602820003	-4.2239661230	-74.8760346053
-0.6394058044	-5.1893554634	-74.7373366329
-0.6386293745	-4.6726546682	-73.8811709449
-0.2093453398	-3.7695074454	-73.8875200802
0.3468331973	-4.4041453623	-73.3509568041
0.8574191126	-3.8540382717	-74.0117776664
1.2455818330	-3.7353579433	-73.0978604480
0.6940654012	-3.1594922198	-72.4943637256
-0.1334471996	-3.6258234128	-72.8070266656
-0.5126139156	-2.7800460054	-72.4316692644
0.1887348235	-2.3099680427	-71.8958179276
-0.6872565503	-1.8365748328	-71.8034167267
-0.1043909904	-1.3955403266	-72.4858801348
-0.7497316000	-1.9260842186	-73.0354787849
-0.5287650697	-2.7865201675	-73.4946342818
0.4430549295	-3.0207475850	-73.5211560865
0.3009873165	-2.1630355528	-73.0270438896
1.0014280906	-1.4549966217	-73.1168414059
1.1186444017	-1.9667918845	-72.2657679982
1.3649928779	-2.4881199668	-73.0827927585
1.6120705179	-3.0746247416	-73.8541323652
1.8848839298	-2.7097954547	-74.7443415730
0.9475519681	-3.0533594917	-74.6862679478
0.0064160027	-2.7860442839	-74.4793726256
-0.8938873597	-3.2139599807	-74.5590093763
-1.3225602648	-3.8340493023	-73.9019486685
-1.5909612434	-4.5953226151	-73.3116742765
-1.5970098660	-4.9518261304	-74.2459486782
