-0.6048064804	-0.8255340373	244.5249288152
-1.1219417267	-1.6597423156	244.7164168969
-1.5810645471	-2.0743759420	243.9307419058
-1.9422965637	-1.5214406500	243.1798930575
-1.3377721863	-1.0052061288	243.7865661130
-0.5919425482	-0.8649650194	243.1353590936
-0.7914798137	-1.2577939163	242.2376562823
-1.1362702766	-1.7342455968	241.4288835497
-1.7294404053	-1.9504863733	242.2043763769
-2.2885209048	-2.7785155091	242.1619883421
-2.0695524189	-2.6440157112	243.1284057501
-1.3093840808	-3.1209105190	243.5696714751
-0.6211075011	-2.6512315853	244.1225521576
-0.5282000372	-1.7096605809	243.7988049617
-1.0162649027	-2.0029259384	242.9767416325
-0.3916986145	-2.7739445848	243.1010283919
0.3824091478	-2.7553051549	242.4682490117
-0.4084917777	-2.2523114879	242.1197191032
-0.1124959645	-1.6034510870	241.4187435981
0.6655359326	-1.7579806756	242.0276663956
0.7862074909	-0.8508737515	241.6244351924
0.4830574299	-0.8509178882	242.5773780231
0.0652478839	-1.6993378622	242.9023683781
0.4076738382	-2.2228466927	243.6825497482
1.1576974668	-2.4620327707	243.0659018936
2.0789736121	-2.7718677926	242.8308433404
1.9729864478	-1.7785859971	242.7843891071
1.1462130927	-1.4376359372	243.2318249974
0.9570218875	-0.4777255673	243.4386552890
0.3354576020	-1.0810092943	243.9383617866
0.3993785995	-0.9740679630	244.9305702616
1.2122356661	-0.6485920639	244.4475290331
1.9776466107	-1.2815919021	244.5635345965
1.9666762951	-0.8768884459	243.6491524200
2.5784981955	-0.4883626917	242.9601519117
1.8250149062	0.1376273926	243.1611477998
1.1031403481	0.0427440868	242.4756594478
1.6024884523	-0.8235873532	242.4866733890
2.4761599054	-1.1412704222	242.1181959003
3.0781987129	-1.8334211652	242.5162871251
2.9539463198	-2.4509569326	243.2929536680
2.7871876011	-1.4868569769	243.4996002385
2.7242722787	-2.0976229038	244.2889079381
1.8451467101	-2.0379344470	243.8160702041
1.7985248026	-2.4422622235	244.7294953224
1.2190058209	-3.1377682235	245.1542648526
0.8636229063	-2.2205231331	245.3341660145
0.9902478996	-1.7926549410	244.4392386872
0.0346512905	-1.9320808200	244.6988452066
0.3608243786	-2.8652407460	244.5477701623
1.2235591394	-2.8930232265	244.0428772367
0.5170894919	-3.2781476616	243.4490929269
0.1980265912	-3.8007800769	242.6584892184
0.4783953770	-3.6765226638	241.7066733542
0.2884358242	-3.4473917714	240.7519930924
-0.5169238339	-3.9079842520	241.1251557752
-0.2713465519	-4.4217472664	241.9471894506
-0.2328519462	-5.3971182775	241.7300039172
-0.4712399779	-5.6627863626	242.6641300408
0.4321000378	-5.2603275272	242.8124664889
-0.3139903877	-4.6473968202	243.0725915080
-0.8673370834	-3.8331257545	242.8971775238
-1.8581538873	-3.7535191590	242.7878850209
-2.1855056823	-4.4374415375	242.1358950037
-2.2270018618	-3.6448680719	241.5275321442
-1.6088610943	-4.1200675069	240.9013632465
-1.1044202759	-4.8603120807	241.3458600761
-1.1897092656	-4.8009239271	242.3404448314
-1.2483584583	-3.9006490045	241.9090919178
-0.4650154987	-3.2837691867	241.9854666389
-1.2564207476	-2.9094962784	242.4687859145
-1.4226618465	-2.8913068404	241.4828685542
-1.1060670694	-3.1814332672	240.5797659002
-0.4507319204	-2.6157681926	241.0803244540
0.4819398457	-2.6036838829	241.4408481650
1.3487014881	-2.5509783987	241.9367779859
2.0085087505	-3.3016573567	241.9030811247
1.2134149437	-3.4289113812	242.4960670027
1.5996285769	-3.6352886531	243.3950928372
2.2638639456	-3.0407452899	243.8482038219
2.5717628465	-3.2086401581	244.7846917182
1.7856771364	-3.7499603730	244.4862931905
0.7978420100	-3.8418064195	244.3608098579
0.7259629962	-4.3366228941	243.4947901908
1.0463349186	-4.4570529805	242.5551847281
0.7705295142	-5.0183492964	241.7748784903
0.3526846544	-4.5233245604	241.0130673695
1.1909463122	-4.2000373263	240.5739742617
1.4119498542	-4.1531056081	241.5481173971
1.2974067654	-3.2603827420	241.1123126644
0.9297947121	-2.6094566830	240.4481164253
0.9009847639	-1.7402860342	240.9417887561
1.6229513110	-1.5265769037	241.5998865546
1.8615696793	-2.3069076825	241.0218336591
2.3534410343	-2.2669901988	241.8915860173
2.8330381394	-2.9375706825	241.3256280404
3.0143418442	-2.9764680521	242.3082856416
2.7614158069	-3.6081083065	243.0411287412
2.0741447084	-4.1403312680	242.5467633334
2.8195560568	-4.0103798621	241.8929479514
