-0.4952740374	-1.7981381170	-68.7059550915
-1.2051607915	-1.2313733508	-69.1240920264
-0.7460286383	-0.6678620015	-69.8108617294
-0.2287659807	-1.0207920025	-70.5905281692
0.6907321686	-1.0588519545	-70.9817756529
0.6297561088	-0.8299196232	-70.0102449494
0.1675270265	-1.0260959212	-69.1454564576
0.9995763641	-1.5642354713	-69.2799916737
1.1681183431	-2.4166833024	-68.7850913841
0.2860414047	-2.3342034833	-69.2489203980
0.4872298133	-3.2876582752	-69.0243158922
0.6095402082	-3.0801790649	-69.9948788961
0.5194723707	-4.0758809302	-69.9733015889
0.8320159684	-5.0093909469	-70.1490159829
0.9571307842	-4.4727803778	-70.9835190566
0.8574399588	-3.4783733928	-70.9486408756
0.1180476115	-3.9744522301	-71.4038383536
-0.0990323584	-4.7247469196	-70.7793912658
-0.2102574614	-5.6668598711	-71.0957014982
0.3311747350	-5.1011784012	-71.7176787094
0.8028403040	-4.2938199900	-72.0722262899
1.6034256545	-3.8710154232	-71.6476095275
2.2518105537	-4.1163916920	-70.9269240836
1.5876447319	-4.1523422176	-70.1802037070
1.2868852360	-4.3391032762	-69.2449689596
1.5563808330	-3.3836649580	-69.3654253553
1.5235866163	-2.4895646024	-69.8120897634
1.8021760420	-3.1874384001	-70.4719079916
2.1296691516	-2.3435059709	-70.8967918794
1.4986578895	-1.7220902153	-71.3611917565
1.4077282231	-1.5780807051	-70.3758019571
1.0687772120	-2.4503936316	-70.7281971477
0.3676669492	-1.8810679480	-70.2988806382
-0.4434456051	-1.6871186852	-69.7470834764
-1.2220121131	-1.4753868691	-70.3378489380
-1.1444451399	-0.8778874037	-71.1359577986
-1.2524755566	-0.6282879957	-72.0982620980
-1.0855417538	-1.6076531947	-71.9843458462
-0.5653117034	-1.8493275582	-71.1652279080
-1.0907616957	-2.5126107366	-70.6323510640
-0.4021147387	-2.7562545460	-69.9494139784
-0.2594866766	-3.5811992639	-70.4963357719
0.0114942551	-2.7035001238	-70.8915743759
0.4481244719	-2.0024759905	-71.4554176328
0.7488857898	-1.2547237063	-72.0473713059
-0.2044048110	-1.0700926997	-71.8083139452
-0.0910882488	-1.6495412990	-72.6154066768
0.1111487907	-2.5817366931	-72.9155931638
0.9037694864	-2.2713702316	-72.3907835867
1.4254766896	-2.8047910993	-71.7249879934
1.1212839200	-3.3326834698	-72.5179548301
0.4201866227	-3.0600718914	-71.8590576401
-0.3705995041	-2.4620774586	-71.9896714221
-0.9915006492	-2.7504582026	-72.7185872707
-1.7795749602	-2.1411102509	-72.6312147690
-2.1802549644	-1.4165056126	-72.0704976814
-3.0525978410	-1.8920591293	-72.1839294161
-2.4171538975	-2.5880617723	-71.8495773328
-1.4250350696	-2.6420868791	-71.7365219523
-0.7045189497	-3.2588111986	-71.4194925611
-0.9323950680	-4.2074732515	-71.2001462960
-1.3808890485	-3.5713104687	-70.5723325790
-1.9243246744	-3.6986173531	-71.4020739109
-2.7549483585	-4.2479449662	-71.3109505398
-2.8646244446	-3.5707514888	-72.0385356896
-2.0319320713	-3.2835800098	-72.5119867992
-1.1905433047	-3.7494947828	-72.2381467587
-0.2282972299	-3.6059596955	-72.4694045590
-0.4360269492	-4.5249888736	-72.1343915241
-0.8710671830	-5.4092622477	-71.9646841444
-1.6374501200	-4.7942830604	-71.7790560401
-1.2314292073	-5.2008562433	-70.9606152876
-1.9185747191	-4.5343680560	-70.6714362053
-2.4274935902	-3.7268428859	-70.3732673229
-2.9525320700	-3.1962130625	-71.0386744052
-2.0636227539	-2.7683296779	-70.8751016783
-1.7752758960	-1.8647284253	-71.1918995093
-2.1520500347	-1.9554921272	-70.2700518002
-2.3507878448	-2.7888926661	-69.7543514759
-3.1754327513	-2.4751858844	-70.2250412180
-3.0531200758	-1.4827024256	-70.2290653361
-2.8683880486	-1.9233982501	-71.1075078604
-3.0041222068	-1.0034030662	-71.4751831247
-2.2299804767	-0.9936229033	-70.8422463742
-1.6434344753	-0.3626555323	-70.3344629902
-2.1606748773	-0.9720815751	-69.7335784214
-2.2191617873	-1.8058594050	-69.1845849683
-1.3817673948	-2.2057051885	-69.5572697961
-1.2933318722	-3.2009236207	-69.5987358127
-0.5825888587	-3.0105951877	-68.9215213295
-0.3667306546	-3.8647166970	-69.3946827006
0.2741074033	-4.3708255411	-68.8174648722
-0.3473698927	-3.8266292957	-68.2538901947
-1.2467991202	-3.8242727967	-68.6909502726
-0.9441283939	-4.7143230753	-69.0318328523
-0.1867643695	-4.9011573581	-69.6575266155
-0.9278205361	-4.4550496438	-70.1593469672
-1.7233103302	-4.1750570443	-69.6219456910
-1.6218057811	-5.1581231271	-69.7745166689
-0.7946397973	-5.6050922042	-70.1151265328
