-3.0326141067	4.0850295457	121.8041710652
-3.0150161531	3.2326422470	121.2815562883
-2.1889279088	2.8729739065	120.8477165743
-1.9950621415	3.6232134329	121.4798215635
-2.0348201766	4.1597253136	122.3227772566
-2.3259341023	4.0776906003	123.2759419790
-1.6606618215	3.3614834382	123.0650863567
-0.9578140331	2.6505045539	123.0424145136
-0.3509526852	1.8613170430	122.9480621052
-0.5226289814	2.3014491789	122.0666933105
0.4345904688	2.0942741485	122.2687067532
0.0534323820	2.9170957425	122.6902315299
-0.6293125087	3.6474889109	122.6706041592
-1.2479643668	3.1423591682	122.0688452195
-1.4773496315	2.3260205282	121.5387757663
-2.4525253241	2.3702388489	121.7557483650
-3.4136641208	2.2574817652	121.5037601635
-2.8827710828	1.4120335926	121.4457087241
-2.0972959147	1.6985472659	120.8971299463
-1.1668852859	1.3853319864	121.0874776557
-1.2006726457	1.4503078529	122.0847923258
-0.5744077309	0.8596105486	122.5935839836
-0.1836669070	1.3056794181	121.7883857644
0.4992823602	0.9526517163	122.4278791109
0.7963806487	1.5907957699	123.1381641057
0.0808449764	0.9645772645	123.4477752896
0.1693347192	1.8067482705	123.9796752445
0.5592474470	1.1021233341	124.5725257853
-0.1347046302	1.3740289077	125.2392325226
-0.8177399648	0.6439313390	125.2187319888
-1.1877900406	1.5173298249	124.9021280941
-0.5362558035	1.0754395446	124.2854952065
-0.9127141985	1.9113196626	123.8860161643
-1.4817169925	1.6391034950	123.1100431116
-1.8572845046	2.4171709216	122.6064955731
-2.2499337100	1.5273927256	122.3738555866
-2.5824122230	1.9290767019	123.2271480462
-2.6400506336	2.9238292713	123.3116769718
-2.5164308969	3.2413701472	122.3715248815
-3.2310951278	3.7821549846	122.8151540022
-3.7071748246	3.2580785684	122.1089726995
-3.2433447491	2.4713857497	122.5163743073
-3.2803610021	1.4801079903	122.3898903138
-3.2458355605	1.0464709146	123.2903162577
-3.6919191287	1.9371734546	123.3778287448
-4.1295757370	2.7794397566	123.0631159080
-3.6689719393	3.4181618176	123.6794585645
-3.4597258035	2.6139901336	124.2358073377
-2.9188151110	3.3528287808	124.6377191144
-2.0662485384	3.4058802991	124.1178001057
-1.0796585240	3.4313947514	123.9565885792
-0.2929174219	2.8150999121	123.9216728321
-0.4086616139	2.2987283678	124.7701795853
-1.3636815619	2.5574234343	124.6252183438
-1.7688114932	2.4935405813	123.7131938267
-2.4282187751	2.3553068273	124.4521616649
-1.9498932514	1.5309441102	124.1494558604
-2.2930382957	0.7999102057	123.5596754699
-2.3685601706	-0.0649871191	124.0559103578
-2.8798239458	-0.1801758457	124.9075798414
-2.5825439023	0.7470042335	124.6796288017
-3.0853184280	1.4754395756	124.2142260421
-3.1631112337	1.8331364016	125.1448179291
-2.1904437176	1.6096423272	125.2078123881
-1.8360199555	0.7023361826	125.4340409381
-1.7861639497	-0.1795344242	124.9651927626
-1.5565071715	0.6007223069	124.3834220192
-1.1095422626	0.7617158963	123.5034768877
-1.7061079408	0.6769682720	122.7053996785
-2.6606677638	0.5510437688	122.4352912491
-3.6569874469	0.4911088759	122.4965684698
-4.2636094001	1.2280821952	122.7946961817
-4.1885657558	1.9615545753	122.1191321810
-3.9246643859	1.1820978855	121.5509743369
-3.3024970421	0.3995892804	121.5267239916
-3.0081018367	-0.4007048446	122.0490847640
-3.9762668201	-0.3843810615	121.7993046625
-3.8612694582	-0.5898664413	122.7711849872
-4.2121337808	0.1332528544	123.3661578532
-4.1773979884	0.9989003383	123.8656054064
-4.0667018026	1.7462419577	124.5207594787
-3.7163799749	0.8758086907	124.8666215102
-3.3932154821	0.2900465217	124.1233534618
-3.0844234697	-0.0124257545	123.2216007156
-2.1500843543	-0.3015783697	123.0132712108
-2.1389931714	-1.0554329371	123.6702189080
-1.9344599373	-1.8260727878	123.0666624676
-1.3129177234	-1.0427483549	123.0572758186
-1.3375922443	-0.2753694113	123.6979947312
-0.9669911721	-0.0802494059	122.7899291891
-1.0614898419	-0.6868118439	122.0005294106
-1.8853886188	-0.1203853941	122.0192879387
-1.9255462458	0.7939476929	121.6163209784
-0.9941549811	0.4458930959	121.7229432539
-1.4380898414	-0.0981256602	121.0109282028
-2.4342557754	-0.0142763796	121.0358827647
-2.1687732495	-0.9323674241	121.3302088805
-2.1782979098	-1.1151144252	122.3133227164
-2.9305584037	-1.0847624835	122.9714890396
-3.2206861155	-0.7969322796	123.8841662468
