3.0884250339	1.0131685398	-210.3294359569
2.6810071481	0.6008664524	-209.5145631723
2.1496282144	0.0932586144	-208.8363517660
1.4367611603	-0.1253093322	-208.1699820369
2.3718999618	-0.0993733495	-207.8166511060
3.1575072465	-0.3823195131	-207.2664123734
3.4463964169	-1.3223585736	-207.4477121579
2.5264454218	-1.1756412398	-207.8112560900
1.6205729640	-1.4236732854	-208.1545856612
0.7218491583	-0.9863222886	-208.1226540694
0.4585350029	-0.8968874359	-209.0832096705
1.4533657844	-0.8214095626	-209.0152773011
2.4312850316	-0.9692965630	-208.8676176212
3.0105928408	-0.4020255648	-209.4529432372
2.8005709130	-0.0061601877	-210.3469126959
3.1530844016	0.3403986394	-211.2161832060
2.2801186224	-0.1457301669	-211.2563021807
1.7319708474	-0.7316025552	-210.6594038968
1.9244474289	-0.2500589599	-209.8043784402
0.9499633785	-0.4160387778	-209.9554795172
0.9720736260	0.1530589940	-209.1335069732
1.6267212743	0.7620831545	-209.5813083002
1.9945233272	0.6647597227	-210.5061054669
1.0074171804	0.5468166197	-210.3978886501
1.0858362801	-0.0738397157	-211.1780400188
0.6008278450	-0.9167003436	-210.9449031922
0.5701366999	-1.4359630030	-210.0908397612
1.5453103219	-1.3997455210	-209.8723799229
1.0604185837	-1.8253933499	-209.1083747344
1.9071382080	-2.2984834323	-209.3517913563
1.2538611301	-3.0216783692	-209.1276973075
1.6345901415	-2.5118299625	-208.3562700445
2.4594687592	-1.9703337176	-208.5186186903
3.3833938895	-1.5962571650	-208.5988002735
3.8730175900	-0.8437052479	-209.0391799325
3.2481121504	-0.5723397230	-208.3071594797
4.1637130394	-0.1870994930	-208.1919857973
4.9166543527	-0.4686054625	-208.7868250764
4.5721725985	0.4162374255	-209.1004895225
4.3341853175	1.1249053510	-209.7646821342
3.4785895915	1.2938098003	-209.2753691050
2.7941759670	1.1282592336	-208.5653191064
3.2654827867	0.4610858428	-207.9884746315
3.5422247265	0.2974735157	-208.9353879882
3.7449116160	0.2580309920	-209.9138369200
4.4805328525	-0.4122616959	-209.8160150968
3.6436491303	-0.8825511217	-210.0961106011
3.1830643192	-0.7587035588	-210.9750437117
2.6084609199	-1.0389928607	-210.2061036355
2.8131382877	-1.7427304434	-209.5257650508
3.1422468145	-2.5701596886	-209.0707393133
2.6477172219	-3.0311024307	-208.3338727917
3.1648688174	-2.3485982840	-207.8174017693
4.1057656526	-2.1406600468	-207.5500539901
4.2738495732	-1.3177587837	-208.0928074394
4.6795493461	-1.5534177266	-208.9759113726
5.0314433329	-2.1680002802	-208.2698951497
4.1064470525	-2.3875582845	-208.5800179706
4.6114586045	-2.5644804664	-209.4248030757
4.3389776025	-2.3521333201	-210.3632394310
3.8395967053	-1.8629678659	-209.6481618983
4.6291096170	-1.4090117547	-210.0611912088
5.0048501722	-0.7294769762	-210.6913114512
4.6748561261	-0.8595969947	-211.6262834885
4.0698412101	-1.3050630704	-210.9663464257
3.3252871928	-1.8492267075	-210.5796614746
2.9366691798	-2.6548874696	-210.1325744849
3.7689185272	-3.1114711733	-209.8181029516
3.0190508783	-3.7154376031	-210.0881456534
3.8259338424	-4.2102158455	-209.7654470742
4.2381867911	-3.6605546528	-209.0388659848
3.2390857648	-3.6257879884	-209.0631233191
2.3238609292	-3.3047320811	-209.3066117270
1.9242315361	-3.0432186304	-210.1851941439
1.1770472545	-2.3812115218	-210.2440349258
1.3736154581	-1.6840368127	-210.9334610395
2.1546310467	-2.0100656531	-210.4008074508
2.4503042887	-1.4871697396	-211.2002805258
1.7463474994	-0.9956712101	-211.7129929543
2.0320898259	-1.8850600467	-212.0698386074
2.0018186505	-2.5376389347	-211.3127227305
2.9720173576	-2.3985124071	-211.5111119391
2.7448681538	-3.2361928513	-211.0144282241
3.6995501704	-2.9775179660	-210.8672224121
4.1455193172	-2.2710847201	-211.4168255319
4.9938615464	-1.8451482827	-211.1023519822
5.3917142274	-2.5935066506	-210.5716232404
5.4814001801	-2.0237252208	-209.7547355172
5.8423420274	-1.3957839629	-210.4442358867
5.4652707118	-0.9471277193	-209.6339737081
5.4963184172	0.0494046904	-209.5567778770
5.9079303175	-0.2322858625	-210.4235108671
5.4548048676	0.0923025847	-211.2537636398
4.9240004059	0.3835072145	-210.4578701249
4.0766063415	0.8137205562	-210.7690610314
4.0688458803	-0.1833614287	-210.8450037107
4.4341943415	0.2609583064	-211.6629893309
3.6844515281	-0.3666250410	-211.8728103397
2.7814683651	-0.7687035824	-212.0243169529
3.4782271783	-1.4576462763	-211.8246043577
