0.9634892190	1.7950639086	-4.4965594908
1.0964073027	1.7627478322	-3.5059594432
1.1029849792	2.3338915917	-2.6851357471
1.2263459700	2.8846838747	-3.5106113233
0.2743005338	2.6740314730	-3.2887215914
0.0572039840	1.9133558757	-3.9004745839
-0.2886773109	1.0456083994	-3.5435706091
0.5792246367	0.9052666467	-4.0200686698
-0.1008882940	1.2169010244	-4.6836426416
-0.9586260120	1.6161502092	-4.3597814126
-1.6166763895	2.1831760683	-4.8552119080
-1.0780533718	3.0250209410	-4.8208250612
-0.2834499025	2.4200091370	-4.7701689293
0.5509192383	2.7735915554	-4.3473124402
-0.1376577003	3.4983423474	-4.3717683030
0.4424043079	3.6717001605	-3.5758567908
0.2353111848	4.1358314423	-2.7146398659
0.9085957624	3.4071678684	-2.5891915753
1.0957154083	2.9677323119	-1.7106230636
0.3853989700	2.9312890930	-1.0076846245
-0.2839260810	3.2294688638	-0.3271754031
-0.5741540691	2.3440645089	0.0359042622
-0.3466311291	2.1298799451	-0.9140211477
-0.6592488028	2.9675857874	-1.3618147519
-1.3229613975	2.8659967058	-0.6207579051
-1.0888344241	3.8074496325	-0.8633500465
-2.0760526942	3.7060282324	-0.7404119044
-2.7531230650	3.0688296605	-0.3722357334
-3.4738068147	2.7100591812	-0.9654462156
-4.1962756931	2.0503732038	-1.1724561935
-4.0488741069	2.4349153928	-2.0837190959
-3.0770736586	2.6628325515	-2.1441976657
-2.7509525840	3.4024418063	-1.5554505256
-2.2233208001	4.2284798479	-1.7536066620
-1.6367498490	3.4198848827	-1.7076860615
-0.7672243419	3.8406694934	-1.9662700978
0.1890054160	3.7449467339	-1.6897528227
-0.0734328568	3.0578574573	-2.3672736555
-0.6130752277	3.5047155296	-3.0807888794
-1.4685285578	3.8925017073	-2.7375375424
-2.4128190040	3.5741644310	-2.6540095123
-1.7992492745	3.0099903514	-3.2064946207
-1.5963331525	2.2284087002	-3.7963718705
-0.7466754325	2.7539116431	-3.8402856021
-0.6543364933	2.0820707990	-3.1053683275
0.2220048071	1.6713764399	-2.8536620133
0.7181418275	0.8042478489	-2.8976627353
0.9395495230	1.3962104499	-2.1227053742
0.3893910640	2.1635600185	-1.7933115226
-0.5821339365	2.0221960554	-1.9834572651
-1.0744803633	2.7769866462	-2.4169156369
-2.0558548638	2.6768679630	-2.2529633905
-2.4045152514	1.7396898057	-2.2414292874
-1.5940309901	1.9050310125	-2.8033701628
-1.3434431318	1.1743033016	-3.4383841293
-0.8507421332	1.1476179958	-2.5685947178
-0.0460181098	1.0448709190	-1.9839048133
-0.5365689644	1.0312128091	-1.1125992899
0.3760803729	1.3200298596	-0.8233659959
-0.2817450799	1.2623922537	-0.0724042258
-0.8626996794	0.4762737934	-0.2833770197
-1.3320501684	1.1062986954	0.3353141320
-2.2920790637	0.8267529555	0.3494102124
-1.8141613196	0.0061752443	0.0359666774
-1.5892804535	-0.0689215028	-0.9355213949
-1.7823271229	0.8809662062	-0.6896630541
-1.2594307292	1.7275862163	-0.5905978230
-2.1939159752	1.8441321496	-0.2542135629
-3.1519737063	1.7043184282	-0.5043685291
-2.8181727497	0.7660664815	-0.5952542045
-3.5967481137	0.8595174333	-1.2158082491
-4.0079379892	1.3317096369	-1.9955244853
-3.2546586581	1.8494702015	-1.5899455818
-2.3902961532	1.4834701946	-1.2450956794
-2.4231644042	2.4801667839	-1.1708286806
-1.5025610702	2.2604569649	-1.4936554096
-1.4159422110	1.2763181178	-1.6484711157
-1.1000382181	0.3465972902	-1.8377430103
-1.8024129611	-0.2550280232	-2.2181594961
-1.2091163252	0.1515484572	-2.9129218062
-1.8622030968	0.8142021741	-2.5463597785
-2.1790741973	0.5287100341	-1.6418781902
-2.9742622560	0.8847412554	-2.1327118900
-3.7678426092	0.2771350655	-2.1650374354
-2.9318721566	-0.1889627877	-1.8753717772
-2.6606364890	0.1007722829	-2.7932414856
-2.0759363312	0.3513793455	-3.5648124970
-2.9611382507	0.6573342827	-3.9152538445
-3.4572258012	0.8214790476	-3.0626380821
-3.3207059980	1.7479644101	-2.7119427493
-2.6274351002	2.3279311767	-3.1397441188
-2.4467708680	1.3501071737	-3.2456717092
-2.1023377540	1.3804389191	-4.1839924514
-2.6151466559	2.2370093185	-4.2415613752
-3.3442156243	1.6800182582	-3.8437933547
-3.6978513885	2.4926954007	-3.3806544895
-3.4477517100	3.3433142874	-2.9181637756
-2.7607567866	3.2625136062	-3.6403197318
-2.0045254240	3.1051610540	-4.2754215351
-1.2853617133	3.6882125381	-3.8974605266
