-0.6454821659	0.9816918873	-147.7724554850
-1.0364258343	1.1227634482	-148.6819948535
-0.8336599594	2.0044917530	-148.2560357046
-1.5196821235	2.7199234602	-148.1236307845
-1.2516671643	2.2593416903	-147.2774437987
-0.3037230438	1.9467949430	-147.3384066979
0.3131916263	2.7054667961	-147.1290426391
0.7203477400	3.3915141425	-147.7320044436
1.2609760384	2.5550798872	-147.6420112231
1.1720876118	2.8153911435	-148.6034356338
0.5933183787	2.2424413518	-149.1837413387
-0.0289169075	2.8159580252	-149.7165657694
-1.0156780245	2.6888417964	-149.8172830084
-1.5268007023	2.2285556100	-149.0914109571
-1.5342483028	1.3975053995	-149.6475584922
-0.8596721589	1.7684885195	-150.2857736210
-0.2478178691	1.1917959678	-150.8271238117
0.1842428092	1.6284573241	-150.0380417943
-0.4805644575	0.9877268707	-149.6539899956
-0.5036645596	1.9091346065	-149.2660799936
0.0706919948	1.4702257378	-148.5750853820
0.6720593510	1.6432109097	-147.7950639507
1.2391571782	1.6516860884	-148.6186707900
0.8334077379	0.7554869823	-148.4392423814
0.5488626759	0.9149729417	-149.3845456854
0.6963833847	0.7408558721	-150.3581579729
0.6693095803	0.8223172997	-151.3544666826
0.8606901045	1.6789157236	-150.8752875563
0.9043755938	2.4315443488	-150.2182930885
1.2613440626	1.5737198880	-149.8485489787
1.8997244500	2.0896597194	-150.4197552211
1.7915105682	2.4147897325	-149.4802978084
1.1702752337	3.1904711728	-149.5915855539
0.6018889674	4.0084326299	-149.6803329868
-0.3775564881	3.8600802468	-149.5436648848
-1.2164735893	4.3812061597	-149.3866748205
-1.2831084212	3.6756574228	-150.0921964567
-1.9344076521	3.4696555281	-150.8225200364
-1.6651387211	2.5208309539	-150.6575164905
-1.8604062244	1.5414448209	-150.7092214690
-2.4055320838	2.0176890299	-150.0192727385
-2.7321870048	2.7672518841	-150.5949914982
-2.1667460425	3.0291889799	-149.8129010456
-2.1743898066	3.9425059567	-149.4057233535
-1.4851955300	3.3010661633	-149.0687274475
-1.0472467675	3.9117267454	-148.4089589011
-0.2080003876	3.9073188149	-147.8652254332
-0.5904316831	2.9982827187	-147.6996969460
0.1485202820	2.5306911510	-148.1847826281
-0.5521337926	2.9228129310	-148.7808735417
0.2906621653	3.4610434086	-148.7791629386
0.7141539892	4.2939564734	-148.4229179363
-0.2095009874	4.5462218165	-148.7114030846
-0.1359876169	4.8975931281	-149.6447486721
0.0804025582	5.1992440020	-150.5732862547
0.6493522467	5.0906867660	-151.3884620508
0.8188199783	4.4131584223	-150.6727553851
1.5941470609	4.0287095411	-150.1716895483
2.1516832105	3.1987137279	-150.1555528835
1.4310880246	3.1920518571	-150.8488769041
1.6924432710	2.4117956002	-151.4171141862
1.2103358306	1.6827907723	-151.9030404942
0.6790312836	2.3740583490	-152.3928002473
0.3801364388	3.3263232802	-152.4548757868
1.2488744704	3.3117460775	-151.9598184794
1.3657862513	4.2359706116	-151.5963069305
0.5857269618	4.3886106527	-152.2031088115
0.4280810266	3.7751188634	-151.4293029033
0.3894226122	3.3212617436	-150.5390674053
-0.5809223708	3.1958229357	-150.7456968306
-0.2632942772	4.1359129776	-150.6218295333
-1.1442887888	4.0789872350	-151.0915189310
-0.5396546117	3.8824268323	-151.8633877799
-0.4438146872	4.7937914055	-151.4631012282
-0.8135760245	5.6179314400	-151.0340677131
-1.0075698761	4.8981252648	-150.3675503047
-1.9221706691	4.5011244753	-150.2907664350
-2.7276251342	3.9095971445	-150.3273522474
-2.9480907670	3.5923510138	-151.2497132382
-2.3431957668	2.9340184969	-151.6977091488
-1.9536812933	3.8456935511	-151.8285795833
-1.2699171841	3.1417501352	-151.6364069780
-1.6067166806	2.6313441514	-152.4276413496
-1.8445555048	1.9916509001	-151.6967342160
-1.5906098191	1.3452873775	-152.4162658591
-1.1106722036	1.1546409132	-151.5599284192
-0.2983508330	0.9711531760	-152.1135223508
0.0902954305	1.7798915320	-151.6720516797
-0.7151887506	1.9770342688	-152.2309165786
-0.8994345373	2.1876319068	-151.2708633900
-0.0671351367	2.3193030213	-150.7324022258
0.6754836854	2.6280686289	-151.3266926300
-0.2190470460	2.8771349457	-151.6978809115
-0.5878270298	2.9839462147	-152.6212403628
-1.3304358082	3.6469504363	-152.7158849842
-0.4395123464	4.0671569942	-152.8881691507
-0.3401228094	4.9827930868	-152.4986408902
-1.2304704035	4.6056210884	-152.2436458994
-1.6041205091	4.9700372008	-151.3906590908
-2.5008715800	4.5787297559	-151.1839805952
