1.1002319773	2.3741158831	91.1378264576
0.4028986468	1.7549342589	91.4988532468
0.0885360167	2.6622613973	91.2196873448
-0.6182840811	3.1260285876	91.7538458817
-0.8131458265	2.1595955116	91.5864063110
-1.7250493539	2.1423945164	91.1763623103
-2.0284750498	3.0923508962	91.1020943928
-1.0791935655	2.9390436001	90.8275738353
-0.3134903835	2.8020913648	90.1991291502
0.0750773780	3.6039573043	89.7452281590
0.6678730568	4.2731621231	90.1932886388
-0.2851718021	4.5542245202	90.3060247282
-0.8883110096	3.7731982273	90.1440956509
-0.1993015454	3.6506929036	90.8584193897
0.3991229154	3.6283849041	91.6592879918
1.1664552854	3.7976991870	91.0407948977
0.6841841958	3.1492747291	90.4517615212
0.5527817881	2.1854150882	90.2200116563
1.2848209369	1.5294440704	90.0361075823
1.6004698916	2.4758500497	90.1045287761
1.6145987552	2.1489602543	89.1595719322
1.3329062590	1.6695681937	88.3284085368
0.8017727087	1.4199611881	87.5187212548
-0.1157178649	1.0376223841	87.6283938866
-0.2722255420	1.8318610029	87.0412905197
0.4839767295	2.4389190692	87.2855007338
0.5567484165	3.2067143217	86.6489516533
0.3021772087	4.0968862914	87.0268238071
1.2820419210	4.1134860383	87.2257951466
1.8046484802	4.3837914132	88.0343848996
2.1856205294	3.5314023078	87.6762046227
1.6508810721	3.1432603377	86.9256051797
1.5210901991	2.3486328203	87.5186662540
2.0571938192	2.6406342608	88.3107066994
1.5530183919	3.4751658354	88.5328872326
0.9443536872	3.2681358513	87.7669460710
0.8749361927	2.6276800693	88.5317974310
0.1857502959	2.6581021878	89.2557430742
0.6217934617	1.7648941236	89.1459901175
0.5439037970	0.8757262161	89.5968932472
1.3977387572	0.9158169520	89.0778955654
0.6117488117	0.8447228058	88.4637576102
-0.2954653694	1.1750464429	88.7242354869
0.1201121655	1.9148576941	88.1951092023
-0.1117040025	2.8875667900	88.2050227740
-0.3801086236	3.0585768000	87.2570172171
-1.3313619413	2.8844004767	87.0024985853
-0.7433392447	3.1645719423	86.2437276988
-0.7679459875	4.0215787440	86.7584449513
-0.7693264564	4.7697749406	87.4219210592
0.1776585968	5.0904781662	87.4411239238
1.1742772816	5.1380063397	87.5081483221
0.8564273646	5.1908877483	88.4548135147
0.1773589828	5.5427762143	89.0990499933
0.9554049932	5.1439652454	89.5844304798
1.2699400188	4.2747157869	89.2030211240
2.2414139115	4.0516515934	89.1225174518
2.1686558647	3.0923331535	89.3953074764
1.7588869256	3.6666674921	90.1039889875
1.1066690862	3.2316081222	89.4832352241
0.5064097323	3.5676188618	88.7574353269
0.6091159579	4.2556304534	88.0390402538
-0.3093814858	3.8918205724	87.8841053755
-0.5349207035	3.6564448982	88.8294785047
-1.2317687568	3.1183753684	88.3552591760
-2.0210272972	2.7370488499	87.8739473825
-2.1817396403	2.9739649165	88.8320926325
-2.6134155799	2.1005766652	88.6065957465
-1.6752629062	1.8442590344	88.3738494617
-0.9124088419	2.2236161899	87.8502639145
-0.7453472588	2.2085658663	88.8360955001
-0.3195080326	1.7936409367	89.6401466529
-1.1773999309	1.3364660351	89.4055990025
-2.1521677247	1.2427428777	89.2030065103
-1.9623647926	1.3395630312	90.1800432060
-1.2597005896	1.1926788793	90.8762386267
-0.3781475764	0.9245792240	91.2648089033
0.4243033069	1.0408599683	90.6795300224
-0.4542608455	0.9525558265	90.2101395573
-0.3513063318	1.8254346344	90.6870912894
-1.1904269357	2.0654824207	90.1989789329
-1.8049626761	2.2319748853	89.4278589144
-1.0550562537	2.8900033693	89.4959681778
-1.5165170893	3.7376696730	89.2342130731
-2.4900223801	3.8992017536	89.3960612605
-2.8787510488	3.5442045039	90.2462771006
-2.9375281744	2.8221307564	89.5569624028
-2.9484428443	1.8338961093	89.7095178101
-2.3770437054	2.3313641072	90.3622264857
-1.8971415719	3.1574087604	90.0666860094
-1.9000406370	4.1333201115	90.2848341934
-1.3657736412	4.9511276876	90.0709427592
-1.7830510706	4.7790671425	89.1786004954
-1.0212196690	5.3998002479	88.9933889208
-0.7198207794	4.5243462258	89.3711970263
0.2555583204	4.4907792216	89.1532317356
-0.2983919155	4.8357496565	88.3955150767
-1.1826595471	4.3689685241	88.3818721214
-1.4333842312	3.8227998026	87.5825994142
-2.1375567951	3.8792107302	88.2903838501
