-3.4804271647	-2.9445170203	-139.4868893657
-3.2051696302	-3.8995592024	-139.3767634368
-2.6603071584	-4.7232605666	-139.5337377957
-2.5239085662	-4.5332725160	-138.5614724180
-2.8426503631	-4.5284992875	-137.6136428536
-3.4102063312	-4.0427808984	-138.2784419733
-3.2738162768	-3.0640021383	-138.4313795156
-2.4960264518	-2.5863440468	-138.0228630096
-2.4288998586	-3.5680915112	-137.8449137571
-1.6412640345	-4.0004714651	-138.2838640779
-1.4062080614	-4.8524514313	-138.7517089524
-0.7386941318	-4.5641484834	-138.0651912440
-0.2462111156	-4.1864063945	-137.2811176549
-0.8469480268	-3.6379337298	-136.6994881340
-1.2011078450	-2.7186787780	-136.5276127235
-1.1454129729	-1.9378663276	-135.9053346518
-1.5885574911	-1.0459210166	-135.9950926501
-2.3707862304	-1.6304755703	-135.7796531613
-1.9424493297	-1.8764750651	-136.6491425218
-2.2056401870	-0.9525941257	-136.9269456578
-2.3736622481	-1.5894877357	-137.6793651661
-1.9055536184	-1.9159519756	-138.5005200911
-2.4614653725	-1.3904178880	-139.1445511808
-3.1978144161	-1.8290206989	-138.6293641661
-3.5326567782	-2.1653600090	-137.7491616547
-3.2162846396	-3.0060682238	-137.3097093051
-2.8002025826	-3.7751401886	-136.8245247684
-1.9214230021	-4.1795884103	-137.0778389701
-1.8695236160	-3.6098338565	-136.2576644752
-2.0006127125	-2.7049734495	-135.8526418923
-2.9166673797	-2.6817401259	-136.2530217859
-3.0024148633	-1.8946038452	-136.8638113115
-3.2820491955	-1.1197567312	-137.4307474545
-2.7846574556	-0.2849060124	-137.6665985398
-3.0374682823	-0.7716068668	-138.5027856984
-3.2535564413	-0.7803775584	-139.4791201609
-2.5542224630	-0.9916833193	-140.1619685058
-1.6433971323	-1.1056528477	-139.7652215289
-0.9595737608	-0.5987333079	-140.2900245174
-1.8646120730	-0.1744692951	-140.3201193809
-2.1388765187	-0.2822446020	-139.3645234950
-1.1516239277	-0.2729782431	-139.2056321604
-0.9032738808	-0.4437338913	-138.2521308428
-0.1791440032	-1.1146539873	-138.4118247535
-0.2678711628	-0.9715618017	-139.3975489125
-0.3773595680	-1.9521338331	-139.2347890265
-0.6211602132	-2.9107712550	-139.0879028843
-0.8009404723	-3.8878249824	-138.9736878586
-0.5718808412	-3.4295540380	-138.1148983461
-0.4838638427	-2.7677785670	-137.3703808957
-0.1671203020	-1.8752951301	-137.6915457199
-0.2583292145	-0.9424806830	-137.3429225112
0.7132076496	-1.1628600462	-137.4298078258
1.2672192631	-1.6172224168	-136.7322220115
0.6570354792	-0.9451437175	-136.3127151918
0.1956757199	-1.7380111236	-136.7108463873
-0.1875344742	-2.5685201468	-136.3066129035
0.2076040177	-3.4267994121	-136.6340610293
0.4255962418	-3.3463295413	-137.6066883938
0.3120443507	-4.1333496027	-138.2130755563
0.2714010111	-3.4154355662	-138.9080198383
0.0908401732	-2.5850067418	-138.3809659970
0.6561674326	-1.8126216091	-138.6704937100
0.5696092368	-1.7117680318	-139.6616224780
-0.2051847281	-1.6477657808	-140.2905883148
-0.5107125531	-1.9868763784	-141.1803392635
-0.0459098115	-2.8018416310	-140.8342322737
0.1569735821	-2.7344396905	-139.8573518783
-0.5165620542	-3.4507504381	-140.0396940276
-0.9138948781	-2.5489573637	-140.2096819034
-1.3160760064	-1.7013822848	-140.5558997910
-1.8483028080	-2.4791204215	-140.8903516148
-1.0735596646	-3.0437873729	-141.1748235747
-1.6166796097	-3.5296342959	-140.4900071813
-2.5000625466	-3.9619883137	-140.3091630766
-2.5096904929	-2.9858583554	-140.0921893289
-2.2155760600	-2.0358005459	-139.9878492163
-3.1715560410	-1.9371791609	-139.7114869572
-2.5929380298	-2.5144340568	-139.1353116521
-2.3885696757	-3.4653329037	-138.9028789545
-1.7990599238	-4.0616486869	-139.4477511772
-1.5913375653	-3.0847964726	-139.4988508170
-1.3895465456	-2.1113279721	-139.3909644740
-1.1307861494	-1.3049000643	-138.8592530044
-0.9019669767	-2.1267430049	-138.3375098039
-1.5032134729	-2.9207136532	-138.4275834429
-1.4609989795	-3.3182609339	-137.5109733316
-2.1923402571	-2.8643901847	-137.0019141222
-1.5615689188	-2.2990984334	-137.5334898504
-0.9438153382	-1.7599682471	-136.9610222480
-1.3117101986	-1.2833533470	-137.7594529642
-1.9497654066	-0.7953808283	-138.3550773196
-1.7280506286	-0.1654644290	-137.6107333889
-1.1805837462	-0.5794829434	-136.8834998071
-0.5159277234	-1.0165311285	-136.2775119729
-0.0969611215	-1.6921765543	-135.6709064626
0.7806694603	-2.1410180632	-135.8391499221
0.9300598159	-2.6433328859	-136.6908319875
0.8008499195	-2.2748502171	-137.6114433743
1.1382961177	-2.8165173784	-138.3813308658
