-3.5559827894	-3.4949883386	-227.6120317005
-2.7940088303	-3.8128318786	-227.0477878086
-1.9439699992	-4.3393851193	-227.0610418834
-1.1529962086	-4.0361010130	-226.5296482314
-0.5320953480	-4.7968888015	-226.7185504869
0.3111062076	-4.4632186298	-226.2970349437
0.7158891673	-4.6254389618	-227.1969434498
0.6208982848	-4.6436914099	-228.1922542457
-0.1466589904	-5.0836579957	-227.7261156045
-0.2269985827	-5.7966160794	-227.0295265429
-1.1876812737	-5.5472179025	-227.1515483298
-1.1091008035	-5.4865916057	-228.1466109218
-1.8708974876	-5.5192029520	-228.7936057534
-2.0663714503	-4.9288766744	-228.0104679520
-2.2993160978	-3.9565636783	-228.0290213542
-3.1563139194	-3.9272317648	-228.5435059241
-2.8380891527	-3.0253058373	-228.2515082886
-2.1346920250	-3.0704991086	-227.5421493886
-1.9685153713	-3.2949109953	-226.5819282553
-1.0664509796	-2.8962133399	-226.7472159219
-0.5971294416	-2.0356326378	-226.9450495620
-0.0697232416	-2.8682038265	-227.1143655861
-0.2466902513	-3.8523039521	-227.1295188142
-0.2744799775	-3.6103343093	-226.1596330358
-0.2565240233	-2.6203982544	-226.0192614185
-1.1640672343	-2.2102144674	-225.9291804496
-1.4298356654	-1.4813930037	-226.5602005881
-2.0213235856	-2.2386244264	-226.8372251588
-2.9222914926	-2.6381066763	-227.0065495884
-3.5916224617	-2.3847671462	-227.7049872279
-3.1450796187	-2.0504576195	-228.5349490522
-2.4617452421	-2.0924086623	-227.8060497177
-1.6645283641	-1.5172099372	-227.6227693970
-1.2722412615	-2.4295468563	-227.7400390656
-0.4404554042	-2.1094582514	-228.1935537541
0.2592347788	-1.7592841555	-228.8162990876
-0.3366033336	-1.0468722490	-228.4455616881
-0.6086533693	-1.1096311122	-227.4853272880
0.2107863469	-0.9709833427	-226.9291840085
0.5546547255	-0.8632584587	-227.8620022585
0.8089249753	-0.8467995529	-228.8289954045
1.2485767862	-1.6740724084	-229.1787466130
1.0363740661	-1.4311981299	-230.1253099180
0.1988722293	-1.1031537423	-229.6883001319
-0.7051468333	-0.7563885377	-229.9383069862
-1.4885475810	-0.8566221844	-229.3249257960
-1.4613403421	-0.6692214874	-228.3430191075
-2.2000475248	-1.2891073128	-228.6076948742
-1.2863088728	-1.6945780833	-228.5817116080
-0.6329652762	-1.7111883551	-229.3385908874
-0.7263660757	-1.8627907655	-230.3226096879
-0.8200265808	-1.7832198610	-231.3150290453
-0.5841286227	-0.8467345749	-231.0555151495
0.1811765248	-1.4443572442	-230.8164436618
0.8912642217	-2.1311701434	-230.9715678195
1.1575393384	-2.6150484443	-230.1379255988
0.2822521224	-2.1820781017	-229.9224981821
-0.0547627791	-2.5610079179	-230.7843758709
0.6610420825	-3.2425700627	-230.9363510099
-0.2129617877	-3.5962784526	-230.6031729649
0.3652288809	-3.3479454081	-229.8259817081
1.3031055897	-3.5943563838	-229.5817095031
1.3687630344	-4.0372080751	-228.6875218944
1.3911664963	-3.2038185873	-228.1352900169
0.6068871018	-3.6370303089	-227.6911803056
0.7833001020	-3.4906848917	-226.7178039795
1.0665683214	-2.6845747385	-227.2373668120
0.5624930103	-2.1717029762	-226.5424778740
1.1476819174	-1.5604758926	-227.0753525263
0.2878415482	-1.8342136080	-227.5063307190
1.0693980373	-1.9037425812	-228.1262784396
0.4501123527	-2.6889029435	-228.1233721768
-0.4400569240	-3.1410126794	-228.0668439047
-1.2108196464	-3.5514705746	-227.5795563694
-1.1024940871	-4.5450560084	-227.6120149430
-1.3792939398	-4.2809800027	-228.5359444342
-2.2473739308	-4.4762617646	-228.9923457520
-1.4458768597	-4.7906935332	-229.5010058625
-0.6602871787	-4.2509659362	-229.8035665575
-0.6501731919	-3.6274132246	-229.0218506737
-0.3209191617	-4.1280313726	-228.2212426213
-0.5225664884	-4.8908657787	-228.8355894488
0.2771387044	-4.4168928981	-229.2041288810
0.4622040186	-3.5472492803	-228.7464490720
0.9122427751	-2.7093871142	-229.0554023182
-0.0874866951	-2.6925409026	-229.0714395152
-0.6072309044	-2.8951997727	-229.9013764642
-1.1163189952	-2.6230693913	-229.0848139305
-1.6598068811	-3.2191474363	-228.4937878040
-2.1066802132	-2.3774838118	-228.7969487650
-2.6741820032	-2.0694340205	-229.5605239377
-2.3560561057	-1.1811474647	-229.8917986095
-1.6501279149	-1.8465751337	-229.6491643031
-1.8662761803	-2.8058997356	-229.8307579033
-2.4537526061	-3.3230662994	-229.2083350613
-1.5807347523	-3.7419318063	-229.4581179952
-1.2988986690	-3.6355309359	-230.4116625808
-1.1081777651	-2.7715884009	-230.8777407212
-1.8160762850	-2.0921217788	-230.6848552760
-1.5130743585	-1.1471556836	-230.5614497999
