1.7253478630	5.1162916313	-90.2843986025
2.2449445654	4.8280656452	-91.0887275450
1.9663770522	3.9636703118	-91.5073214393
1.8200609214	3.0331859840	-91.8431644167
0.8572759139	2.7708968576	-91.7779766607
0.9499413644	3.7563058216	-91.9207432115
1.1315145297	3.4183345826	-90.9972679128
0.2304456845	3.3949816661	-90.5642210591
-0.6108673057	2.9212216866	-90.8244977089
0.1691578609	2.3683366092	-91.1175486102
-0.2323166164	2.3847507896	-92.0332717226
-0.0983235822	3.3150512423	-91.6918234330
0.3001011184	3.1543263979	-92.5948324487
1.2170566119	2.8300886379	-92.8273458847
2.1892096606	3.0576011099	-92.8835288458
2.7302611776	2.4266556776	-92.3274972662
2.8112934413	3.3510910174	-91.9548673227
3.7409786189	3.0394204320	-92.1512010099
3.5839227189	2.2151652124	-91.6072002956
3.3288639369	3.0226778807	-91.0753466426
2.9853197804	3.9616479421	-91.0930281680
3.4425202741	3.6430338515	-90.2626952409
3.3304387839	3.0591895513	-89.4586034721
2.4664098813	3.3838731872	-89.8433561096
1.9126937728	2.5931664066	-90.1044715215
2.2269642462	3.1430752519	-90.8783153891
2.4567216145	2.2938760342	-91.3537859354
1.4844357351	2.2392603020	-91.1264595392
1.6424730666	1.9879327061	-92.0813724364
0.6938808783	1.9380630091	-92.3939198307
0.6832780594	1.5433200089	-91.4751894328
0.7821962142	0.6997716608	-90.9473245039
0.9945877024	1.5556183630	-90.4757142007
0.8575588556	2.5343512008	-90.3230540310
1.1902888397	3.4098140272	-89.9725464029
1.8182527691	4.0584328528	-90.4026102614
2.6750650725	4.4699055009	-90.0918644865
1.9658495588	4.4397115844	-89.3875196261
1.0538071625	4.4665061155	-88.9782999779
0.3407494543	4.0658620149	-89.5536546594
0.7688394876	4.3328765351	-90.4170445883
1.1731542018	4.5951791933	-91.2932448664
0.2303861480	4.2620188384	-91.3071219958
-0.5972228029	4.0021206334	-90.8096118477
-0.5734730397	3.6278846044	-89.8825825368
-0.5183332635	3.1810881078	-88.9896477711
0.2857293312	2.9615966828	-89.5421935684
0.7053745951	3.3923345179	-88.7432174924
1.6479747679	3.5175746788	-89.0527652531
1.6208344135	3.6341696373	-88.0599566025
2.5454037232	3.5514162308	-88.4318752298
2.3023281123	2.7710519317	-89.0080226137
2.4427833224	1.9158737111	-89.5069640382
1.5074997250	1.5660939047	-89.5608034221
1.2593304936	2.4959072253	-89.2890328915
1.3831693931	2.6297923141	-88.3058041745
2.0316473156	1.9003164365	-88.5233847986
2.9972303175	1.6698777419	-88.6439977108
3.0245858071	2.5692970363	-88.2077677141
2.2142100648	2.7146825069	-87.6401814023
2.6195563775	1.8019618269	-87.5888459653
2.4522385962	0.9547000141	-88.0929810470
2.2367255163	0.9389522777	-89.0693550128
1.3408975565	0.4984461514	-89.1280629283
1.4292763703	0.7774716019	-88.1718548007
0.5175522629	0.9368595704	-87.7932327894
0.4869706644	1.9047002324	-87.5435345339
1.4732319759	1.7607480189	-87.6245677721
1.2313908790	2.6513486205	-87.2394139686
0.4711085135	3.0087195154	-87.7818683613
0.2028699002	2.4799075596	-88.5871049487
-0.2264574698	1.6275028743	-88.2886350812
-0.6602069176	2.0007131684	-89.1087420821
-0.4063386877	1.1928082532	-89.6405696574
-0.0944411771	1.1762598406	-90.5905412849
-0.6237210196	1.6675660466	-91.2822645390
-1.1729639864	1.8539317649	-90.4676480756
-0.9910515063	2.6521370468	-89.8933866565
-0.1534024902	2.1702725661	-90.1505845336
0.4509584492	1.8057864018	-89.4421371530
0.9233539134	1.6718844986	-88.5709811362
0.3304463813	0.9277228425	-88.8786889327
0.6048934742	0.7979884891	-89.8314994021
1.0585402674	-0.0433525351	-90.1253528827
1.6366649896	-0.0006145967	-90.9401812537
1.1745150707	0.2141168525	-91.8005927002
2.1392770281	0.4615139609	-91.8901975907
1.7460998899	1.1859204032	-91.3239405427
2.1359869457	1.6669734873	-90.5387169987
1.7678383105	0.8006432318	-90.2011692675
2.5534473578	0.6885495489	-90.8096538039
2.8789559920	1.0205941421	-89.9243343603
3.4677102564	1.8094191945	-89.7479159577
2.9516165884	2.4515938195	-90.3147131673
3.1652120450	1.6019005555	-90.7967902752
2.8732648777	1.2743135171	-91.6953744859
2.3676564128	1.4055851505	-92.5480923986
2.3921040290	2.0555539710	-93.3076599377
1.4593597328	1.7280740825	-93.1568454804
1.3311598658	1.0235298085	-92.4588611251
