-4.8913500567	-2.4500897044	-106.4043803992
-4.9107202389	-2.0015303684	-107.2979235252
-4.9360624493	-1.6181647794	-108.2211724611
-4.4376733283	-1.3024377499	-109.0285910186
-4.4869740424	-0.6245808426	-108.2950520265
-3.8466339578	-0.0477991743	-107.7878168906
-3.5011984913	0.8876021329	-107.7123269383
-4.4290042131	0.7776270960	-107.3558412669
-5.0509748221	0.0555102342	-107.6586610144
-5.1251134356	-0.8984801079	-107.3681340911
-4.3411958060	-0.4338673837	-106.9562989706
-3.4001561525	-0.7716399698	-106.9374827364
-3.1402465345	-1.6600676201	-107.3158255712
-4.0321946175	-1.2906222318	-107.5764761462
-4.0673178512	-2.2330644985	-107.9089952169
-3.1418257267	-2.4992092067	-108.1784972054
-3.3953583599	-2.9142886925	-107.3047522631
-2.8700258818	-2.4230016285	-106.6100128816
-3.2269098296	-2.3860946243	-105.6765935113
-3.7456869265	-3.0024953940	-106.2689788713
-3.9335041109	-2.1656388040	-106.7831731468
-4.5123776461	-1.3776004364	-106.5736475837
-5.1819717285	-1.5841779662	-105.8602266077
-4.2383682460	-1.8764871023	-105.7047665264
-3.4590532693	-1.4410246619	-106.1553668262
-2.4747143825	-1.4736231634	-106.3286131645
-2.1383453582	-2.1630802892	-105.6871268037
-1.1739908309	-2.0758740394	-105.4372960298
-1.3855542946	-1.5013904133	-106.2279979105
-1.3492777821	-1.0060547780	-107.0959418160
-1.9258222989	-1.8212640062	-107.1509902875
-2.3417662049	-2.6616002886	-107.4985900568
-2.4800318807	-3.4768255595	-106.9361930792
-2.4890027826	-3.1950449533	-105.9767561542
-1.7822781038	-2.7406848650	-106.5190633905
-1.2720976045	-2.7283177927	-107.3790418284
-0.7671822630	-2.0046235702	-106.9085876114
-1.0495271353	-1.6910072658	-107.8151890601
-1.6804858571	-1.0468179863	-108.2475214132
-2.4013400228	-1.7262821789	-108.1107819429
-1.6457045315	-2.2134109908	-108.5486409669
-0.9534232308	-1.5874687329	-108.9077271550
-1.7627153716	-1.2585250718	-109.3943916170
-2.4994234732	-1.9010594667	-109.1836530957
-2.5978610504	-0.9604709411	-108.8586865300
-3.5335194400	-0.6177063087	-108.9426852488
-3.4650437280	-1.5536852555	-108.5973528177
-3.1692998982	-0.8315686142	-107.9719864104
-2.9054974832	0.0606830331	-108.3384496195
-2.0195600871	-0.0894540631	-107.8996173251
-1.9347759102	-0.1239407016	-108.8954196725
-1.0395329266	-0.5234364377	-109.0927598788
-0.6190854708	-0.8122992874	-108.2326539603
-0.3355476750	-0.9746372214	-107.2875334847
-0.3225446359	-1.1574034353	-106.3044630741
-1.0005237938	-0.4255611929	-106.2355341707
-1.9744365428	-0.5545098358	-106.4222591151
-2.3985314506	-0.8580768454	-107.2754827551
-2.8287002582	0.0446039166	-107.2644265876
-2.7088480162	0.2234621555	-106.2878790104
-2.8021374910	-0.6278138616	-105.7715203980
-3.7204262755	-0.3511149464	-106.0546871659
-3.6623274392	0.3807917506	-106.7336106609
-3.8927255927	1.3333004998	-106.5345032189
-2.9495333077	1.1436120163	-106.8072789378
-3.0026930656	1.4010095166	-105.8424366880
-2.5045045673	0.7757527356	-105.2417186360
-1.5314466589	0.9531804961	-105.0944851591
-1.8946586624	0.3159950369	-104.4147265762
-2.7903032132	0.1280070026	-104.0116368373
-3.4195907542	-0.6116257024	-104.2502592430
-3.2499869036	-0.0136862775	-105.0336512126
-3.6870057876	0.6366656878	-105.6549859181
-4.5468606310	0.4774394639	-106.1400597867
-5.2785980871	-0.0380539658	-106.5859597970
-4.7489374598	-0.5728723405	-105.9276066046
-5.4033688390	-0.7282855745	-105.1876293776
-4.6195740422	-1.2601435232	-104.8670161544
-4.3492342249	-0.2987131958	-104.9176926655
-3.6880047510	-0.9797570815	-105.2322634980
-2.8575411641	-1.5348160357	-105.1849370975
-3.6638003401	-1.9526369029	-104.7661628575
-2.9607536918	-1.6519034363	-104.1217369173
-2.3541534610	-2.3933975298	-103.8349919621
-2.5637905354	-2.4957746272	-104.8073968299
-1.9247933878	-1.7436198962	-104.6463195005
-2.0275533051	-1.2113718871	-103.8059907219
-1.4657444215	-0.6933267143	-104.4509713241
-2.4351279635	-0.6624398849	-104.6945725399
-1.9043404582	-1.0651897892	-105.4402649287
-0.9109461855	-1.0182120661	-105.3355705516
-0.9780420026	-0.0381371865	-105.1486176652
-1.8850383797	0.0032876564	-105.5677137811
-1.1924102126	0.5629339457	-106.0227547166
-2.0279596584	1.0729997393	-106.2269360326
-1.8137623708	0.3654469027	-106.9003515844
-1.0233123491	-0.0661519882	-107.3349906997
-1.0447674074	0.1886052914	-108.3017576876
-1.4146041571	0.9226133890	-107.7321500233
-2.4135085937	0.9045267360	-107.7753101866
