3.6338141982	2.3646444678	224.9008888808
2.8980306560	3.0412753863	224.8727254458
2.5438225824	2.2836228981	225.4209036538
3.2294438635	1.5974285617	225.6639279151
2.8241438885	0.7751906332	226.0634985837
1.9617000750	0.9921849480	226.5207776406
2.6054415608	1.7574024775	226.5145300850
2.0197829887	1.8188945200	227.3227520630
1.0791185052	2.1580885852	227.3128669457
0.9666173272	1.2831898326	226.8418089262
0.9805948635	0.4324830620	226.3163542479
1.7390022484	0.4195761125	225.6647012351
2.1396435337	1.3137835443	225.4650023885
1.4722352105	0.9882488675	224.7952313050
1.0962545248	0.0843082873	224.5914423173
1.3797534198	0.4738015970	223.7151299654
1.7463425361	1.1159197950	223.0418568858
2.4737087250	0.4519345545	223.2152409326
2.2573659431	0.0478343138	224.1040034409
2.1949442804	1.0436637180	224.0374652290
2.6666562509	1.6175519481	223.3680325465
2.8836493956	2.3390901274	224.0255252316
2.8640191793	1.5707149333	224.6652237666
1.9283751032	1.9167625620	224.5957888930
1.4968783290	2.3325656787	225.3963626260
1.6343395523	2.0456135722	226.3443936912
1.1401789703	1.3792782812	225.7860008195
0.5082630620	0.8603249810	225.2103535690
0.4462067716	0.9187329506	224.2139914230
-0.2475594258	1.5232589968	224.6054460472
-0.7730086858	0.7009217266	224.3871240618
-0.4346616290	1.1123030028	223.5407868272
0.2611715259	1.8252232717	223.6277403253
0.6434102019	1.0349259418	223.1488627574
1.0268789509	1.3839643616	222.2938049231
1.0328820135	2.1238123135	222.9665522541
1.9583214116	2.1443777652	222.5882151260
1.3078502622	2.2679104493	221.8387973789
0.3804853908	2.0229355282	221.5559870478
-0.4788903769	2.3494154270	221.9495403042
0.0433408960	1.7785201028	222.5830645945
-0.6575095539	2.1708625353	223.1787793438
-0.6796183441	3.1006526518	222.8113537859
-1.4193383113	2.8889747839	223.4501079252
-1.3819203336	3.8357154305	223.7699235645
-0.8495221592	4.1036160655	224.5729063997
-0.0350289402	4.4829705439	224.1339405970
-0.3166738953	4.0236248947	223.2915168950
0.1895761556	3.6994424922	222.4923819527
0.4748674873	2.7596632815	222.3041695964
0.2045086656	2.7827007619	223.2666535609
-0.4798811910	3.1548399343	223.8936487448
0.1029734487	2.5307022049	224.4139684194
0.7934990706	1.8784131003	224.7265276770
1.2427246181	1.5630736142	223.8906105662
1.8783336422	2.2881572372	223.6255541417
1.0367717528	2.7299060620	223.9364103176
0.4964880348	3.5707904980	223.9046791132
0.7994603310	4.2657555764	223.2525814766
1.0791267535	3.3415398777	222.9925583346
1.6820023525	3.2564926671	222.1992689901
2.1158347684	3.1492364631	223.0938557895
1.6914454897	3.7451335945	223.7756184674
2.0134000560	4.2138020958	222.9530036772
2.5587676006	4.4349523598	223.7615003079
2.7360009765	3.4560754972	223.8634238982
3.2176379701	3.9843070163	224.5627072947
2.2313282312	3.9323870191	224.7192237888
2.0167602977	3.2324632226	225.4004486276
1.9532145874	2.9345879101	224.4479612309
1.1520072588	3.4459976284	224.7586490433
0.6164941525	2.8216650365	225.3273620884
-0.3826170020	2.8637876143	225.3289712536
0.0786673713	3.6182984753	224.8621414263
0.1911250090	4.5586072138	225.1833465882
-0.4273023318	3.9937508225	225.7296842872
-1.2632155824	3.4657754759	225.5797140536
-1.2461698696	3.0462900606	224.6721120318
-0.9655507514	2.2007788688	224.2178392778
-1.0228710331	1.9837857280	225.1923280475
-0.8353889924	1.6215772995	226.1053754388
-0.5940097708	0.9180525026	225.4369527196
0.0725638562	1.0418250515	226.1720445206
0.0822257737	1.8387613519	225.5680584443
0.5837613934	2.2059577361	226.3514030923
0.0963370597	3.0712949350	226.2347452543
0.6306438722	3.7852001811	225.7821355664
1.5057874764	4.1605455369	225.4767840707
1.8973500616	3.7962990090	226.3217711764
1.2639428863	3.0432991308	226.1434833931
1.7760032126	2.9252941298	226.9942883308
2.5266211853	2.8682729241	226.3360169268
3.4072418303	2.6454443802	225.9178605930
3.7337633955	3.4404781576	225.4066806244
2.8504119424	3.8329781395	225.6628719094
2.4997111865	4.7525605115	225.4857356879
1.8412334187	4.9167874442	224.7512722485
1.0423183475	4.4192682725	224.4133234611
1.6028906262	4.8710464044	223.7193095996
0.6723988009	5.2361376087	223.7491989893
