1.8984381082	3.0370446186	-112.9990020350
2.4430531975	2.6069172862	-112.2790125333
2.6704435354	2.3163279107	-113.2084486253
3.0893089327	3.1997652400	-112.9984718071
3.3905291627	3.1453718283	-112.0464698481
3.5505971027	2.2574073527	-112.4776279916
3.5797530605	2.2601609638	-111.4780569097
2.7080881710	2.6685847481	-111.2071504074
1.8439084879	2.8592305485	-110.7414813682
1.7206875039	3.1081323715	-109.7808230150
0.8417974165	3.0433100169	-110.2534225036
0.3681268244	2.2072783691	-110.5303471395
0.9426576268	2.5033741383	-111.2933947478
1.8148930132	2.1055746252	-111.5779311745
2.7017004843	1.6566400391	-111.6876136552
2.8511770293	0.6756060085	-111.8110194625
3.6637242131	1.2371520135	-111.9673305576
3.0082496443	1.3701349213	-112.7107474230
2.0481157250	1.6287923708	-112.6047324199
1.6955400571	2.0417012728	-113.4444922886
0.9550272328	1.4736257911	-113.0854226515
1.0218619897	1.4740249538	-112.0876586735
1.2090619478	2.3818949479	-112.4627963143
1.5374364629	3.1366849393	-111.8949387206
1.0478573764	3.5935966653	-111.1522786418
0.1305698753	3.2009241958	-111.2185505967
0.2498122516	2.7334647472	-112.0944860507
0.0765436992	1.9138205397	-112.6405276076
0.0350314661	1.0239325729	-112.1862411991
0.1773936175	1.7554723391	-111.5194709325
0.3535824160	0.9961434170	-110.8930708244
0.7311426849	1.3024665449	-110.0192205028
1.3577794478	2.0759720199	-110.1141712665
1.2788727918	1.5171787254	-110.9397158102
1.3443022755	0.5442761626	-110.7179511019
1.1237968584	0.3136613966	-109.7702200268
1.7837428226	1.0589805495	-109.8649337256
2.3331931109	1.2718984542	-109.0569916815
2.7950353050	1.2552957239	-109.9437983894
2.3531204287	1.8712839670	-110.5959254678
2.3141371433	2.1935643673	-109.6500842301
2.7969296265	2.8953720729	-110.1738946561
3.3955407356	2.1200301434	-110.3751647046
3.3468088232	1.2912421642	-110.9326014150
4.2925618161	1.6124775535	-110.9811719930
4.6835368350	0.9299049728	-111.5986128459
4.5816826928	1.7263305447	-112.1947101887
4.0758681129	1.3973573692	-112.9921612910
3.5545395905	1.9437983170	-113.6476144643
2.7128226876	1.5545704758	-114.0217993690
2.0562361863	0.9760079861	-113.5378989537
2.4736024145	0.4559510921	-112.7926833751
1.5154932135	0.6894744508	-112.6268714339
0.9142835231	0.4639214352	-113.3934695981
1.7100771890	-0.1272105480	-113.2620336066
2.2810651967	0.0160493800	-114.0703957087
3.0443649129	0.5327896891	-113.6826419258
2.9643781364	-0.3754619435	-113.2719338939
2.2800744198	-0.8363164242	-112.7068307431
1.6721905330	-1.0193613930	-111.9341912932
1.1264940262	-1.8046798368	-111.6418041109
1.2279858042	-1.9843092611	-112.6202890055
1.3339672081	-1.1150002650	-113.1030620488
2.1327387099	-1.2247842544	-113.6945952799
2.1702881461	-2.1059085218	-113.2232036536
2.9867011360	-1.6214936176	-112.9088598441
3.6521828649	-1.0892230998	-112.3855796474
2.8469007880	-1.2597968122	-111.8177545112
2.2015237680	-1.9396809917	-112.1659584807
2.1450901443	-1.8226487383	-111.1744350580
1.3871312459	-1.3718005424	-110.7030178197
1.6040986592	-1.7637624448	-109.8089870547
2.5818263781	-1.7439305121	-110.0179253284
2.4248607311	-0.9713244085	-110.6331013962
1.7542091356	-0.3615364294	-111.0554579495
2.0686594214	-0.0614188381	-111.9560413433
3.0225669081	-0.2509167635	-112.1887451101
3.6144897125	0.4026861198	-112.6603706655
4.2216182191	-0.1268112602	-112.0678949268
3.7742170942	0.3643365586	-111.3204953994
3.6115057887	-0.6223361784	-111.3218886859
2.7799040720	-0.1041061514	-111.1221983661
3.2361354591	0.3543080185	-110.3594996246
2.2864161601	0.1051606297	-110.1698714839
2.3609320639	0.8651634270	-110.8155053803
1.8220627231	0.9339415153	-111.6550823024
0.9643597578	0.4232272981	-111.7143833286
1.0406155936	-0.2819553055	-112.4192964744
0.5477663095	-1.1411233457	-112.2817106397
0.7597341452	-0.7020246112	-111.4086345043
0.8683768171	-0.4709364648	-110.4417865130
1.6617514578	-0.6960150610	-109.8761927497
2.5969351498	-0.7075058922	-109.5222161645
3.3504218357	-0.7104685694	-110.1796726549
4.1744407210	-0.2326290097	-110.4840773721
4.5519565610	0.6922923055	-110.5288250113
3.8749384087	1.2028095243	-109.9987131449
3.9281528319	0.3016377840	-109.5685297890
2.9685250633	0.3843708041	-109.2996993717
2.0076026922	0.1710728925	-109.1232561868
