3.3028486093	-2.1463663338	201.1209075333
3.1467134802	-2.8375706308	201.8264983788
3.9173436934	-2.2249441188	202.0020484611
4.4362061774	-2.0833744558	202.8451022869
5.3182497817	-1.6932710040	203.1093339598
5.4330624757	-2.3846290455	203.8226656525
4.6192456177	-1.8115262486	203.9188701533
4.4129862880	-1.0892588586	203.2587285728
4.0363025822	-0.5265572832	202.5228778251
4.6235485787	-1.2639383415	202.1890944905
4.4020213706	-1.5584230109	201.2594685036
3.6207141909	-1.0811175585	201.6616358769
4.3444724068	-0.4300375551	201.4330120067
3.5145336201	-0.0060887046	201.7955985240
2.6044043047	-0.4144439172	201.7255224970
3.0029896080	-0.8115975609	202.5522018419
3.5132542089	-1.5983328006	202.8995888015
2.9304289287	-1.7876302589	202.1093475946
2.2466239004	-2.2359703583	201.5336724792
2.5827818466	-1.3552954840	201.1998917115
1.6583923529	-0.9818378143	201.1222165364
2.2450727454	-0.3388762771	200.6298685104
1.5151384964	0.0791006179	201.1706931653
1.9509797610	0.9672849585	201.3161956368
2.8198119470	0.4803988660	201.2263481796
3.3567525072	-0.2365667689	200.7817639769
3.9074288472	0.5675962235	201.0055438915
3.6640938805	1.0984572734	201.8173164210
2.7186408497	1.3057691292	202.0685938792
3.3251590303	1.3857890233	202.8596264406
2.4245688472	1.0578596549	203.1449326822
2.7104914270	1.3650286643	204.0526195654
3.0219228518	0.5055004013	204.4578622493
3.5909373004	0.6086226073	203.6420262560
4.0312663660	0.5367287021	202.7470728604
4.5639369141	0.5617983317	201.9011215610
5.0073840984	-0.1387180571	202.4602560562
5.3591178058	-0.5776135472	203.2870898653
4.5451838768	-0.0179964780	203.4431036310
4.3634657280	0.2188577787	204.3975032200
5.3043160413	-0.0872122243	204.2521696681
5.4009289838	-1.0823135017	204.2312081062
4.4388716279	-0.8499923051	204.3742902698
3.6864106828	-1.3828310129	203.9871398629
2.9759657628	-1.4146087823	204.6901748471
2.0667235694	-1.4855488914	204.2799966731
2.7333843960	-1.0138613459	203.7028708621
2.4249615063	-1.6359708265	202.9832493538
2.7299706383	-2.5752972832	202.8262931910
3.6294788884	-3.0120097593	202.8133656569
4.4756537569	-3.0820728237	202.2850861295
5.0169006003	-2.3068108966	201.9594777774
5.4238056450	-2.6970586044	202.7853924286
4.6572233334	-2.9989811258	203.3521325371
3.9762583007	-3.4560480409	203.9243007460
4.5543885152	-2.8023307273	204.4125825590
4.0826772706	-2.0094536972	204.7983733272
3.4029527462	-2.7042920071	204.5634812371
3.7912491140	-2.4149996728	203.6885321666
2.8404819872	-2.1524329928	203.8531547932
2.9608472964	-3.1354906881	203.7149167374
2.0736027852	-3.2870736567	203.2792336174
2.7608481811	-3.6434374190	202.6462260069
2.0727860764	-3.1154274042	202.1484550110
1.6964214456	-2.2871013496	202.5634557484
1.3988052940	-1.4425964642	203.0086929040
2.0148663314	-0.6583970788	202.9345300949
1.4933918820	-0.6359043103	203.7875004777
0.8946028278	-0.4875513144	203.0004534287
0.4457789160	-0.9118134263	203.7869384931
0.8431867873	-1.8250861872	203.8763803622
1.3873454362	-2.1691085406	204.6415862072
2.3254386661	-2.2918497675	204.9654931126
2.0470856266	-2.9682982080	204.2836301551
1.8139202676	-2.2767889372	203.5999278486
1.0120596131	-2.7622835026	203.2516255120
0.5867553368	-2.0609652326	202.6795512540
0.7119858567	-1.2027796267	202.1817211799
1.2731618890	-1.8493438649	201.6649657768
1.9761075244	-1.2683318279	202.0752004007
1.4463318031	-0.4202004756	202.0718997332
1.0328374678	0.4384660980	202.3747431746
1.6695785683	0.2608389360	203.1250826726
1.8933735533	0.5504432977	204.0556981240
0.9447875156	0.2795227820	203.8920319907
1.2663910472	-0.1309772594	204.7452968291
1.1600075320	-1.1240501597	204.6954093326
1.9814293367	-0.9769189544	205.2464253280
2.3033371288	-0.4227821579	204.4787614796
2.9139922366	-0.3089339240	205.2624316391
3.7041436014	-0.9207792818	205.2985713518
3.4796394866	-0.4777319423	204.4306387753
3.5594584979	-0.4117708312	203.4360141942
2.6552478286	-0.0043115064	203.5639984287
3.0087684837	0.3036238568	202.6807097112
2.1293251710	0.4157499047	202.2181005790
1.6908275727	1.2988599325	202.3849434242
2.0579593139	2.0244136190	202.9669968002
1.6785731537	1.6356736145	203.8066082284
1.0130366786	1.1592859857	203.2320509837
