0.4289722523	3.4504956270	200.0751266542
-0.1535812929	2.8061757684	200.5705893539
0.6135524999	3.0723098165	201.1542659874
0.9140840045	3.9922594903	200.9025252232
1.5813150995	4.2288338609	200.1962425369
1.1879112635	3.8128057440	199.3763925337
0.8734984297	2.8665993455	199.2999855874
0.2000680464	2.1279697120	199.3302805254
0.9722660601	1.9724524952	198.7142248275
1.4174371942	2.7767679363	198.3206523022
1.9201077717	3.0539597155	199.1394850128
1.7267187501	2.3001294895	199.7674505187
2.2738148512	2.4222299520	200.5955672576
2.5765431402	2.8911242646	201.4253224665
2.5425065382	2.6124930092	202.3851173056
1.5887119535	2.7306194000	202.1088528562
1.6377072861	3.3561341163	201.3301803980
2.2967323102	3.5261532881	200.5975280255
1.4262427824	3.1611645582	200.2673292837
0.7931206233	2.3875743962	200.2940611566
0.1519607240	1.6265017765	200.3924606025
0.3966281784	1.9874607912	201.2923752799
1.3507275934	2.2753340558	201.2097720733
1.2545862248	1.6238430244	201.9623119549
2.1877054274	1.8698145568	201.7000400370
3.1051481956	1.9999043350	201.3240408125
3.4100096698	1.9249367870	200.3745992144
3.3510559383	2.8908577502	200.6266332408
3.2774734798	3.8099482596	201.0137485431
3.6100267995	3.1003267717	201.6349132824
4.0678179832	2.3109515982	201.2258728594
4.7711938644	1.6011090412	201.1886449924
4.3348213575	1.4228740425	200.3067088720
5.0015512966	1.0842366008	199.6427842743
5.2781381138	0.9181982305	200.5893205875
5.3225044796	1.8755299250	200.3037550919
4.5334645445	2.4896825719	200.2885069065
4.3432787539	3.3292109667	200.7974483956
3.9115796088	3.4849493312	199.9089770061
3.7190934010	2.5681399940	199.5591060312
3.7271267246	1.5871074540	199.3654294423
4.0197478863	0.6416445486	199.5085124609
3.6769018974	0.2011663014	200.3382326195
3.5375622380	1.0229002732	200.8908063603
2.8493112130	1.0433706482	201.6159901235
2.9247241393	1.4995313025	202.5026864345
3.6047922538	2.2042930420	202.3006511652
3.8905485297	1.3790981207	201.8134174506
4.3818085192	0.6180906273	201.3897062073
4.4623379173	0.6401423238	202.3862144806
3.4686978756	0.5287403163	202.3698114267
3.4254316987	0.0692910334	201.4826618371
2.6647300621	0.2928029891	200.8732560399
3.0027676082	-0.6331275960	200.7047829885
2.3977529698	-0.7480846765	201.4926549050
2.3782554638	0.1523661019	201.9271756097
2.0107239110	0.9791181577	202.3530882722
1.1164904306	0.5555013415	202.2085362903
0.6894405809	0.8785537562	201.3639857807
1.2361228008	0.0500054379	201.2429641518
1.8497304246	0.8390723978	201.2722731410
2.4290090876	1.3688887133	200.6528129709
3.0580128017	1.0128790826	199.9617185704
2.6518352508	0.1092978976	199.8254803996
1.8143543200	0.4621111721	200.2427914153
1.9175119816	-0.4784389471	200.5664022465
1.0177184118	-0.2786050181	200.1785389555
0.7574515901	0.6749804236	200.3299852723
1.3354285533	1.4422132670	200.6080075630
1.0128954950	1.5251377457	199.6650887133
1.9746749389	1.2615021167	199.5910849538
2.7038978325	1.9457725048	199.5939147050
2.7804933833	1.1878256562	198.9461109567
3.1961468205	1.8310790861	198.3031045453
2.5484622408	2.4466600014	197.8541448346
2.1655417564	2.0677978743	198.6966621290
2.9165969749	2.7080409984	198.8579221703
2.7493351034	3.0192382372	199.7934325898
3.1505770819	3.7034305503	199.1844286871
3.9965587860	3.3358368510	198.7981776955
4.0827000204	2.3654040646	198.5727006571
4.7049831641	2.1023155751	199.3099578277
4.5767028819	1.3626219616	198.6493539167
3.7183771492	0.8799544357	198.4752591258
3.2242840326	0.1407175960	198.9328625425
2.5867591533	-0.6151910257	198.7839861377
2.5564723368	-0.9992473697	199.7067989212
1.7911767282	-0.3906649254	199.4971562731
1.2014948427	0.3984624978	199.3252458777
0.5140537998	0.9781212490	198.8877295414
0.8991907419	0.3904529283	198.1761710543
1.8089058722	0.4122769443	197.7615120450
2.7852562574	0.5101492712	197.9542837569
2.2964962920	1.3800967571	197.8886707401
1.5911114053	1.1378069499	198.5547997147
2.1389159899	0.3490199714	198.8335921816
1.5900945840	-0.3891988924	198.4413830873
0.8663807737	-0.6348091542	199.0862969731
1.2400735972	-1.2454227127	199.7845123811
1.8242893980	-1.3449043361	198.9790340730
