-0.5169889428	1.2379358831	160.7229117587
-1.1492105754	1.0029958332	159.9846035708
-1.7860700426	0.2364435797	159.9020950154
-2.2141764500	1.1055619312	160.1498008793
-1.6874116329	1.9382174149	160.3206917008
-1.1196916081	2.1322892170	161.1207105188
-1.5007625435	1.2077991646	161.1105574212
-2.1742950359	1.8439612894	161.4869239085
-2.8523735895	2.5420142311	161.7169925192
-3.2314842446	1.6355071428	161.5311969053
-2.6394329164	0.9469624017	161.1124113226
-3.4260226196	1.1664385759	160.5352572288
-3.6347198282	2.0922771031	160.2201881943
-3.6756881561	2.7009028805	161.0125872473
-4.6167680022	2.7639429784	161.3448441802
-5.5224230330	2.8530940064	161.7593813430
-5.9889602431	1.9700272175	161.7090218556
-5.2995862968	1.7967285098	161.0056506022
-4.7014027014	2.1933689709	160.3093369295
-4.3891284780	1.2724231287	160.0762198663
-4.6285891491	0.8517561929	160.9512615317
-4.2035225261	1.7387142848	161.1318818774
-4.1344618449	1.3075645838	162.0315154460
-3.5576075643	1.4809377917	162.8297515450
-3.1774240432	0.6189976435	163.1651910644
-2.2911136557	1.0817522006	163.1475242355
-2.5782598321	1.7657354487	162.4769170556
-2.6286867145	2.7355885354	162.7153329104
-2.8568432180	2.0927013967	163.4465242239
-2.9466141846	1.2352555194	163.9532073014
-3.6864065354	1.0751666207	164.6067199809
-3.5006648987	0.2395897678	164.0896983496
-3.2848975471	-0.4462663461	163.3946833562
-3.5461695797	-1.1803723715	162.7679256131
-4.1974590376	-1.3334940544	162.0247057317
-4.4531572532	-0.5760223942	162.6254178977
-5.2131263377	0.0476393946	162.8084287273
-4.7743935261	0.9458149423	162.7802470728
-3.9969997738	0.3674259737	162.5330120535
-4.7247152239	0.2438771208	161.8583522099
-4.6954081341	-0.3073759121	161.0245289743
-3.8843640371	-0.4053411661	161.6012527226
-3.1445416312	-0.3069047405	162.2668149494
-2.9295271924	-1.1560531777	161.7844087693
-3.2436809678	-0.8724489637	160.8783866640
-2.8886162850	-0.0337192213	161.2912564865
-2.7985827561	0.1937292804	160.3216374156
-3.7525321109	0.0656087285	160.5928674887
-3.6892161660	0.6290715086	161.4165790806
-3.0126786136	0.7534753076	162.1424031880
-2.0478288883	0.5943066323	161.9332851822
-1.5417724716	1.3349027816	162.3753533295
-0.7654565369	1.8386248807	162.7542960908
-0.6132764335	1.4621006675	161.8404740441
-0.6629565046	0.7866251920	162.5761810323
-1.2170449007	-0.0415839395	162.4921829143
-0.6098309305	-0.8187275464	162.3268377944
-1.5311591765	-1.2042771615	162.3768953348
-2.2236951697	-1.9105784618	162.2301562078
-1.8810415031	-1.4782414423	161.3960859672
-2.1880854209	-0.7329066969	160.8043088556
-1.9072902271	0.2188058497	160.9283946637
-0.9531134732	0.1783172338	160.6319028522
-0.9524878526	0.4358490088	161.5981724799
-1.2130024780	-0.5171643562	161.4435838122
-2.0961884092	-0.4786638113	161.9110239892
-2.2828570996	-0.0063660941	162.7724702535
-2.4468685812	-0.9893454942	162.8552454491
-1.6416721166	-0.6131551094	163.3136551434
-1.5025661077	0.3700028059	163.4321879737
-2.4085073437	0.2476899637	163.8375397290
-1.8273985478	0.8368097498	164.3990114068
-2.0401105297	1.7733820970	164.1204690382
-1.2770374122	1.3991661358	163.5935137918
-1.7873870218	2.0920126667	163.0840955347
-1.5895125664	2.4124044491	162.1577074920
-0.6085529428	2.5363277010	162.0081707260
-1.1779240164	3.2274121072	161.5629528870
-2.1195199891	3.3362177784	161.8816350957
-2.0138361807	2.7954941408	161.0470999674
-2.7263577400	2.2144753806	160.6537423339
-2.8386360371	3.1664747327	160.3689778388
-3.0337184798	3.4904025388	161.2947281383
-3.5760710438	3.2783332960	162.1076736054
-3.8731898360	2.3234985940	162.1043396808
-4.4420182927	2.0198588814	162.8686937296
-4.9343601168	1.9774150454	161.9993272655
-5.4024513709	1.1020286175	161.8785415885
-5.6863202122	1.5068995806	162.7477354588
-5.4295750935	2.4707853280	162.8184900343
-4.6496834444	2.9774054962	162.4509236853
-4.5797572659	2.9439526779	163.4479147778
-3.6656407140	2.7149233462	163.1133456599
-3.8690725378	2.0022758134	163.7847240830
-4.1444719191	1.0583272250	163.6027453937
-4.3901014440	0.0965020089	163.4820872396
-4.5727510606	0.4196476783	164.4106431043
-4.6831100675	1.4072305653	164.5224506663
-5.0755774613	1.8276547957	163.7043963825
-5.3229581613	0.8592083320	163.6741600429
