-1.1037950365	-4.9138808896	-193.6149264406
-1.0630265235	-5.1222031247	-192.6377162407
-0.1257923835	-5.4697909643	-192.6098799201
0.7402292556	-5.5769659369	-192.1214947793
1.3849117955	-6.1578839212	-192.6184039443
0.7308682583	-5.7300763945	-193.2422691313
0.0137822038	-5.1865632935	-193.6785959578
-0.3052566834	-4.4544346363	-193.0767639066
-0.3081482025	-4.5423968945	-192.0806442952
-0.6258748255	-3.6303181961	-192.3398010838
-0.9401886825	-2.7519696415	-192.6999546842
-1.6943758644	-3.2991532649	-192.3369233124
-1.4538404050	-4.1055966133	-192.8771008930
-1.5423025921	-3.2906329911	-193.4498213623
-2.0839856694	-2.5806207537	-192.9998635127
-1.7550305778	-2.3346533231	-193.9116137915
-1.1243964055	-1.5599595869	-193.8652440181
-0.4188732540	-0.9342658136	-194.1980268071
-0.0355150055	-1.8569895627	-194.2382429246
-0.3246892970	-1.6175473703	-195.1650900888
-1.0020439453	-2.2128847710	-194.7329280128
-1.3349911631	-3.1312423023	-194.5189990647
-1.0668784809	-4.0338273326	-194.1821669810
-0.5094822610	-3.5221663974	-193.5283225488
-0.6920030917	-2.5563097135	-193.7121893829
-0.3641286831	-1.8358529179	-193.1010917001
0.4329382627	-1.8353696406	-192.4972009399
1.2043344205	-1.6417690170	-191.8910105685
1.2374627686	-2.0531852180	-190.9801652348
0.3882273120	-2.1252724286	-190.4570949017
0.0610496560	-1.1935178511	-190.6145375542
-0.5791565789	-0.9003242980	-191.3245893250
-1.4996461687	-1.2910467938	-191.3304924061
-1.2402228295	-0.9177524510	-192.2211948619
-0.7735222994	-0.8379581591	-193.1020032896
-1.7115472820	-0.4914850788	-193.1100987616
-2.1431865565	-0.2973378293	-192.2291933284
-2.2834908963	-1.2581146342	-192.4684058352
-2.1813582357	-1.4454710438	-193.4453738466
-1.4351945985	-1.7686411124	-192.8633077566
-1.6241167668	-2.1573243900	-191.9615130326
-0.6781410664	-1.8601096377	-192.0911022501
-0.6911085320	-1.9721973484	-191.0974885475
0.2287287848	-1.8315578667	-191.4637123134
0.5395917274	-0.8857490280	-191.5575732288
-0.1408341899	-0.9988189476	-192.2816145013
0.7703291265	-0.7340451160	-192.5973299251
0.3928370385	-1.1510736748	-193.4241230701
0.6779275803	-2.1088801537	-193.4605940447
0.1046173321	-2.7913014164	-193.0071444008
0.4442598976	-3.0096514918	-193.9220029540
-0.3126685659	-3.0239694440	-194.5753438278
-0.3860138619	-2.6936471746	-195.5163579966
0.4543485121	-2.4333836664	-195.0409066462
1.1190640465	-1.9958984264	-194.4352995762
1.5098116383	-2.9100591558	-194.3274734182
1.7314039266	-2.4016154779	-193.4953785413
1.1055878775	-3.0444407941	-193.0536434560
0.5178447060	-3.8238614964	-193.2705796980
0.4213397106	-3.6278069167	-192.2947470343
-0.0150876857	-3.7273984605	-191.4005364036
-0.2880931274	-2.9336321861	-190.8570263941
-0.9761567508	-2.9345256214	-191.5826762076
-0.0581293911	-2.7403984534	-191.9284223709
0.9284551943	-2.6525955696	-192.0660505278
0.7653529987	-2.9968202172	-191.1414386818
0.8985694149	-3.9141921301	-190.7663624762
1.8678111307	-4.0369668899	-190.9796623937
2.4933069287	-3.7358197271	-191.6994299902
2.8378795517	-2.8252139883	-191.9276117071
3.0774483760	-1.9713557625	-192.3897079186
2.7233322283	-2.6717332865	-193.0094442156
2.5510846675	-1.7347605200	-193.3134389733
1.8420753317	-1.3506655147	-193.9048582735
1.4131096379	-1.4644024932	-193.0087264008
1.9635842306	-2.0910797207	-192.4571347263
1.9252945021	-3.0878066754	-192.3859358897
1.8183137388	-2.8703245995	-191.4157520602
1.3109276495	-3.6464209858	-191.7902300376
0.7750429274	-4.4823194829	-191.6714812807
0.6443577724	-4.6333641931	-192.6513317212
0.9912604448	-4.7385644020	-193.5833142597
1.2316778280	-3.9007985084	-194.0735670407
1.5344125939	-3.9420872052	-195.0257471208
1.2955328354	-3.0329869391	-195.3670287746
0.5516704640	-3.5395149458	-194.9310263081
-0.3160347004	-4.0193870722	-195.0606815822
0.0767666098	-4.1744136212	-194.1542192830
0.6967244143	-4.5974099792	-194.8150720669
0.8769474192	-5.4816768240	-194.3842683812
1.6753341887	-4.8839526829	-194.4570998128
1.7319956431	-5.5125266474	-193.6814167262
1.5657040718	-5.1347144617	-192.7705901425
1.7948207501	-4.5798240976	-191.9708387864
1.5379965977	-4.0514797955	-192.7800937852
1.9815677221	-3.4469665295	-193.4417646768
2.3206346605	-3.8820562978	-194.2758692894
2.1442707003	-4.5224840579	-193.5283747826
2.6077848989	-4.7990929703	-192.6865659579
2.6964126922	-3.8048457811	-192.7467127867
