2.9362408626	4.6193264122	198.9755222623
2.2952804092	4.5693351454	199.7414664968
2.9315629275	3.7978825452	199.7391335547
3.7005456116	3.4819298749	199.1834002179
2.8815240981	3.6135758342	198.6249442200
1.9722939033	3.9549816764	198.8631510709
1.2176747820	4.2094682255	199.4679539960
1.2612619217	3.2322147616	199.2604068239
0.4390138548	2.9039409863	198.7954934503
0.4802806574	2.4659184458	199.6935097670
0.1507464385	2.6768090294	200.6137990477
-0.5807979866	2.4381955623	199.9751235687
-0.4424218521	1.6356767810	200.5554817780
-1.3866617887	1.7956001803	200.2676702972
-1.0103038947	1.5095733625	199.3864533005
-0.3801133364	2.1872357514	199.0074631335
0.0195726532	1.4694006692	199.5775191873
0.6444788039	1.6502230077	200.3369897823
0.7856538159	0.7357523571	199.9577628778
1.4396069995	0.3801146996	199.2900300793
0.7848516286	0.8390193564	198.6894454307
1.0192279845	1.6018030837	199.2921300159
1.7343449520	1.3042545976	199.9246429575
2.4083710519	1.9230275964	199.5211472417
3.1734085700	1.4584195202	199.0752134669
2.9923469880	1.0609476991	198.1756397595
3.4488041457	1.9391762678	198.0329462266
3.1767740057	2.5112693372	198.8067091897
3.1612700906	2.6992509905	199.7887593547
2.3193722332	2.9664815993	199.3199355078
1.9219653611	3.5646505309	200.0158246565
2.2492464303	2.7143834620	200.4280539778
1.4918107238	2.3452882055	199.8894819380
1.6092915106	2.3244177768	198.8966261126
2.3836513339	2.0264641452	198.3384231948
1.9671888551	1.2517663791	198.8142407805
1.7971605795	0.5625990617	198.1098695757
2.1635038265	1.3011059491	197.5438305288
1.3473775244	1.6253902913	198.0221374642
0.4391499472	1.8173273871	198.3940014437
-0.3061438409	1.1859466591	198.6082339011
-1.0857668066	0.8441520736	198.0834820621
-1.1975501844	1.8011462966	198.3511881203
-1.3624432610	2.3960184668	197.5644623903
-1.2767987082	2.2144538189	196.5848199610
-1.3913146616	1.3702788086	197.1085132379
-0.6532858629	0.6964444775	197.0730056802
-0.5062055171	1.5086066166	196.5084173065
0.3692944238	1.0613690396	196.6913883511
1.1688786054	0.8690190216	197.2603053988
0.3158894543	0.9755506130	197.7712462253
-0.4132698212	1.6352824626	197.5893653916
-0.3110034171	2.5329217636	198.0180672318
-0.6925065307	3.2372675530	197.4194418203
-0.1440168971	3.5818918180	198.1812772605
0.4092771642	3.1218406545	197.4868576404
1.0852579975	2.6286611199	198.0344193808
1.0918329604	3.6069865631	198.2413882119
1.0625209438	4.5898539961	198.4233563818
0.4834967641	4.3105743747	197.6573708124
1.4566204927	4.3068696422	197.4271177259
0.9284828405	3.7660669878	196.7724398591
0.9242254875	2.7810517826	196.6000248935
0.4213303251	2.0259840335	196.1793478798
-0.1906826433	2.4691077455	196.8343910100
0.5475010278	2.0326080014	197.3487380146
1.4142815139	1.8586093419	196.8813879793
2.0879642008	2.3816476834	197.4034823488
1.6161623470	3.2627921891	197.3720598915
2.0016463713	3.0564366259	198.2714037904
2.8983641705	2.8814294598	197.8648700522
2.6702764706	3.3652598093	197.0199533734
2.3773669459	3.9518566882	197.7750084125
2.1230913275	4.8012016226	198.2375633739
1.7157859539	5.1614788699	199.0767907791
0.7291173396	5.1853475280	199.2377731780
0.2367089645	5.1968529662	198.3674849401
-0.4996910835	4.5819924093	198.0852413133
-1.0167278625	3.9764543697	198.6902178845
-0.5126375779	3.2734484555	199.1918907557
-1.1694342228	2.8860045610	198.5449708257
-1.4868494848	2.4311730903	199.3770620975
-1.3849167425	3.3286708115	199.8061396622
-0.5102745339	3.4612123484	200.2724375797
0.2490539143	3.8498777323	200.7943183393
1.0878887534	4.2929180930	200.4779777770
2.0278987719	4.3616082402	200.8121376622
1.6791111898	3.5275462405	201.2395575999
0.7805749299	3.1489477943	201.4615841892
1.1972794860	2.3958035910	200.9525349558
1.0357914668	3.2144028745	200.4013391351
0.3501180733	3.5386127503	199.7496183714
0.2172187802	4.1302657890	198.9544552059
0.0953120568	4.5384555640	199.8591760791
-0.4880462161	4.9390049523	199.1525974826
-0.9344339002	4.3148795831	199.7938505988
-0.6394530164	4.4783040274	200.7352743765
-1.3493686947	3.7809393740	200.8337744774
-1.2395523059	2.7904401823	200.7509994090
-0.4899695998	3.1601198463	201.3000556107
