2.2671361735	2.0982599669	-43.1992182521
2.4164630374	2.9413885297	-43.7157796853
2.8073674431	3.5624010952	-44.3951449325
2.1449462967	3.9530532754	-45.0343546782
2.5706046636	4.2746230584	-45.8801725247
2.6537713525	3.6502268329	-46.6568401855
2.3316470234	2.7052861602	-46.5991943559
1.6995441193	2.5541087171	-45.8392000801
1.7066965717	3.5294363953	-46.0598463184
1.1252755953	3.6787974220	-45.2600707674
0.6114485023	4.3830994829	-45.7499078071
1.5721237320	4.6412274917	-45.6475699646
1.1093618873	4.6611378453	-44.7613109433
0.1805720185	4.9545576636	-44.9877048257
0.0613499818	4.6540097001	-44.0414189135
0.5084682689	3.8203086817	-44.3654989176
-0.0339177478	3.7862130182	-45.2049361663
0.1611743920	2.8431245382	-44.9356348927
1.1301042901	2.6012033555	-44.8841665148
1.5321353432	3.3198141058	-44.3167428441
2.1687519500	2.8455287776	-44.9248322482
2.6903255006	3.2456038505	-45.6784242913
2.8372131269	2.2573410131	-45.7203836692
2.2722523446	1.5912968124	-46.2074200509
2.5666172782	0.6360164877	-46.1793346959
2.7026824776	1.1223214271	-45.3162044812
2.0402627501	1.8511700034	-45.1430575566
1.6164342120	1.0686304809	-44.6869859986
2.0348966121	0.2627659792	-45.1058793317
2.1518260029	0.3063233561	-44.1136947357
2.5215076161	1.2331536289	-44.1794301929
2.8038034962	2.1697979653	-44.3868100935
1.8375306627	2.1466389820	-44.1303330524
1.5622847579	1.3509978686	-43.5907082656
0.9394137635	1.9686102520	-43.1105138589
1.3724183130	2.8351963763	-43.3585774581
0.5514727585	2.7267192837	-43.9191852684
0.8321468409	1.8053987364	-44.1882401112
0.7182023494	0.8127884980	-44.1465080191
1.1463203037	-0.0353879626	-44.4584562664
1.1002362394	-0.1273484717	-45.4531519604
0.6695656047	0.7399786171	-45.2036193465
1.0392382638	1.6553001243	-45.3633962649
1.1960937321	1.7997437832	-46.3403980005
1.6569650991	2.0990469067	-47.1758710541
1.3617537453	2.6955326745	-47.9222322169
1.6106143418	3.3600474827	-47.2176128351
0.6982150954	3.5048082144	-47.6004599922
1.2558422785	4.3299882935	-47.5102948019
1.8608657633	4.3666976219	-46.7149338725
1.0631433729	4.9530697877	-46.5741976970
0.7861604550	5.4707882723	-45.7647237729
0.0197571078	5.1070126441	-46.2941510122
-0.7883272838	4.5895529969	-46.5756383648
-0.6112290562	4.5738263605	-45.5915708413
-1.0761159162	3.7077895995	-45.7755831667
-0.4086758202	2.9654360716	-45.8341916818
-0.1016056193	3.7954337765	-46.2998221163
0.8423778174	3.8519999317	-46.6249306232
0.2102147117	4.4521583761	-47.1150118913
-0.4593060819	3.7372685379	-47.3166909091
-0.2133520103	3.0738265450	-48.0233388530
0.3697812376	2.3557543879	-47.6434336116
0.8378563178	2.7338663621	-46.8447239933
0.6655527669	3.0423295575	-45.9092230883
0.2311658277	2.1573026245	-45.7417855931
0.1408390734	1.8892118504	-46.7009354324
-0.2722851797	2.7808686317	-46.8860746660
-0.7922918207	1.9815563411	-47.1872273772
-0.8354398921	2.0365664424	-46.1896743046
-0.7251467779	2.0251572068	-45.1958406876
0.0967335010	1.5664436379	-44.8580616638
-0.5614085515	0.8296153712	-45.0127650710
-0.2278054305	1.1928841065	-45.8826758616
0.6418865468	0.9057188121	-46.2841381367
1.5544635598	0.8429730121	-45.8800760623
1.6365132413	0.9807995752	-46.8671280814
0.8693484812	1.4014771107	-47.3513683544
-0.0640555017	1.0431216745	-47.3329730815
-0.8308581580	0.8385971367	-46.7245460935
-1.2583939398	0.9503247924	-45.8274786009
-1.6481773864	1.5101461008	-46.5586892186
-1.8551341758	2.2665630765	-47.1791747109
-1.2044250877	2.9392518296	-47.5314069129
-1.2916203318	2.9772780200	-46.5359416959
-1.5329797148	2.7638962771	-45.5892559613
-1.7916463914	1.8019399903	-45.5013261438
-1.4900653236	1.3046109945	-44.6878688742
-1.5103902941	2.2948186233	-44.5497538948
-1.3300723621	2.9544186828	-43.8200873923
-1.1053844724	2.0722229742	-43.4062684899
-0.1272958385	2.1878494518	-43.2331409587
0.1251566102	1.2301304283	-43.3711338322
-0.5788720510	1.3986490015	-44.0610216017
-0.4339971746	2.3726465924	-44.2352053069
-0.3482636964	3.3190447744	-43.9237887822
-0.7502910152	4.0509355971	-44.4739795296
-0.8706831574	3.1391836248	-44.8666805267
-1.8164541319	3.4463172144	-44.7609155895
-1.6171160913	4.3908023291	-45.0220902697
