3.4145094684	0.5994472115	53.0349881965
2.5638324792	0.4453403253	52.5323951925
2.5197034326	0.1061804209	53.4720883267
3.2042408485	-0.4664376458	53.9232169957
3.9807579728	-0.6846894726	53.3321270739
4.3105005338	-1.4502465363	52.7796850174
4.2129782921	-1.9260575161	51.9055606991
3.6204821073	-2.2509209718	52.6427255424
3.0471788254	-2.5080779478	53.4206674661
3.1503224940	-1.5292782755	53.2437138422
2.3360925347	-0.9926980926	53.4653244933
1.4865556898	-1.2756780940	53.9105317126
1.6231711400	-0.2852276573	53.9290830268
0.8869530108	-0.4906544747	53.2842708921
1.3647906400	-1.2533341638	52.8483914456
1.8971591825	-0.4161185204	52.7232766926
1.5404943839	0.4361081054	53.1060298764
0.9984722568	0.0731036307	52.3481118300
0.6214465603	-0.8433607190	52.2141539269
1.5490490937	-0.9101219033	51.8465991906
0.8255882687	-0.7886999703	51.1669955201
1.5311190740	-1.4454011474	50.9005938555
1.0082606418	-1.7973483726	51.6769650365
1.5442322303	-2.2519266695	52.3883671930
2.1195845499	-1.9870767322	51.6145298593
2.3478629574	-1.3753303193	52.3719302124
2.6075012905	-0.5165963350	51.9301566503
3.0535856802	-0.5602503024	52.8240822894
3.3637716379	-1.2609421843	52.1815750457
4.2373255077	-0.8683648232	51.8938483490
3.5164466495	-0.4893525868	51.3136040932
3.6170717217	0.0866608383	52.1248273232
2.9433892234	0.4092916803	51.4599504690
2.3385697416	1.1774834636	51.6698904091
1.5227361164	1.0899072332	52.2415073262
1.0686367374	0.8923097412	51.3727444212
1.0607414264	0.1339694511	50.7209333531
1.1263492310	0.9859443811	50.2014775469
1.1009197980	0.2387150580	49.5373979714
1.9261340042	0.4617323714	49.0184713948
2.0951681319	1.1070661416	49.7634356817
2.0840642165	1.6302688320	50.6155716144
2.9166680727	1.0788452657	50.5635824887
3.0032507262	0.5198512730	49.7389436828
2.8630323180	-0.0774372493	50.5286178049
2.0189921874	0.0487095348	50.0073853742
2.0121316077	0.5759226307	50.8570907843
1.8379526744	0.1830903898	51.7600550857
1.9959388255	-0.4511459575	51.0032297216
2.3017267600	-1.0591978391	50.2705861189
2.1256072840	-1.6103358471	49.4549705071
3.0713116503	-1.7375288069	49.7540778499
3.3872750569	-0.8403468874	50.0626742352
2.6911379951	-0.5683995688	49.3982663431
1.7148732155	-0.6569576796	49.2006188259
0.7321312666	-0.8412665609	49.2163826549
1.2225362790	-1.6487270267	48.8884946861
1.3361872708	-2.5279801367	49.3510932385
0.5460956426	-2.6830789675	49.9441358775
0.9507261713	-2.4326137570	50.8236478521
0.1474977095	-1.8899587623	50.5779863067
0.3111767515	-0.9642970075	50.2368712427
1.2779882078	-0.7189591911	50.1655623102
1.0847934324	-1.6794095804	49.9650359317
1.8750753649	-2.2133602190	50.2656206663
2.7588260707	-2.1193722616	50.7240429105
2.7412000258	-1.2398196978	51.1995180518
3.6647047132	-1.5449731960	50.9670950863
4.3636148785	-0.8768646095	50.7118393371
4.1823123349	-1.5643874512	50.0086738304
3.7278213806	-2.4358271387	50.1931483367
3.9435309778	-2.6366087484	51.1487403600
3.2219920710	-2.1804872730	51.6696384361
2.7693780518	-3.0535091127	51.4880525969
1.8788117771	-2.8706875277	51.0715577250
1.5231636431	-3.2387087508	50.2124449360
0.6655377738	-3.4700025746	50.6717716557
1.3702736115	-3.8206879419	51.2885108000
0.9772879129	-3.0135471375	51.7290626841
1.8766496328	-3.2384645339	52.1039768897
1.8800108156	-4.1349399121	52.5470576934
2.5694438558	-4.0986117983	51.8236198238
2.3921084051	-3.8493729618	50.8715525256
1.6660247759	-4.3401888852	50.3899901800
2.2748909748	-3.9079710659	49.7248062141
2.5843146485	-3.0232271419	50.0733534548
3.3807454663	-3.3787162444	50.5625624597
3.5788553226	-3.6775594356	51.4960747691
4.0288182175	-3.0831517082	52.1625677149
3.1327527673	-3.3543804310	52.5139957857
2.3070812450	-3.1923436811	53.0543758639
2.5737883577	-2.4343208293	52.4591711326
2.1171231196	-2.0241200269	53.2485963425
1.1426463104	-2.1849674406	53.4051947388
0.4357168996	-1.4866135679	53.2931560104
-0.1147634953	-1.5594606639	52.4614922349
-0.0473276821	-1.3587337334	51.4841687928
0.0721178081	-2.3415567293	51.6248518895
0.4915357123	-2.4707771365	52.5234011136
1.0913505737	-3.1932687554	52.8672440904
