-2.3226442612	2.8040387608	-159.2733858473
-2.3070751582	1.8870707542	-158.8747290049
-2.0426459896	1.9333670407	-159.8380222461
-1.8726486320	1.5398020868	-160.7414642894
-1.3048091976	0.7346687168	-160.5702374421
-1.7766848466	0.8570543048	-159.6971079330
-0.7989418671	0.6697826359	-159.6025141277
-1.0903470258	0.4129199748	-158.6810454051
-1.7909605035	0.9735216265	-158.2396084980
-1.5693095681	1.1820349684	-157.2870366902
-1.9773829574	1.9337191033	-157.8051554701
-1.0226969354	1.7502596146	-158.0394996943
-0.7356264075	2.6696260575	-157.7705092563
-1.2473463614	2.2099392778	-157.0446781785
-0.3925326488	1.6995006851	-157.1381980157
-0.5767053810	0.8812605658	-157.6827744675
0.3697977447	0.9983428175	-157.9834796046
-0.2564762067	1.1186713224	-158.7537405920
-0.0420246519	1.4243302602	-159.6814167986
-0.2511676955	0.9884405009	-160.5567791836
0.7291323123	1.0789038502	-160.3811993521
1.1971434332	1.6792462851	-161.0297011266
1.7666310955	1.0855859278	-160.4611492972
1.8011144318	0.8216906840	-159.4972145485
1.3380453307	1.6883411778	-159.6829130384
0.6022995487	2.3619761872	-159.6129557777
-0.3293697001	2.4831839345	-159.9554482490
0.2129649711	2.0062284305	-160.6471031858
0.2840411946	2.6056354309	-161.4443857068
-0.3016858592	3.2912415851	-161.8766680447
0.4003335341	3.6763701500	-161.2776315184
0.3816909638	3.0972252114	-160.4626201107
1.2304146371	2.5710312140	-160.4098185641
1.3623558824	3.1465931865	-161.2168625056
2.0735427874	2.4531953777	-161.1010494452
2.2390437020	2.0527664075	-160.1997913873
1.9613495977	2.6368760269	-159.4370975188
2.1002872147	3.1823706001	-160.2636155217
2.2047691999	3.7464521611	-159.4445334090
1.8017842420	3.3517361331	-158.6188201532
2.1761438843	2.4929074247	-158.2691515846
1.9055605769	1.6690586769	-158.7672057126
1.3090768416	0.9043174113	-158.5235298001
0.7235768033	0.7521854033	-159.3197995768
0.6460009088	1.6401503485	-158.8664782376
1.1964645992	2.4688630965	-158.7653599560
1.1978700270	1.9764204495	-157.8950161939
1.6104046087	2.6974666690	-157.3383227699
0.9613712647	3.1465449585	-157.9523947594
0.3692211919	2.6416018500	-157.3243893864
0.0883393245	2.0368441433	-158.0696232375
-0.4784867891	2.1379971114	-158.8872271966
-1.2644956456	1.5468797469	-159.0682529931
-1.0057367272	1.6435196751	-160.0293484860
-0.7922132000	1.7896282326	-160.9952987915
-1.1669522038	2.4537988129	-161.6421744513
-0.6355444871	2.8913799810	-160.9168272518
-1.4997039582	2.5635559057	-160.5350422546
-1.2470976232	2.6177093231	-159.5689897473
-1.4836741879	2.5209313269	-158.6022087233
-0.8029507399	3.2123138223	-158.8442951386
-1.7075642525	3.5850901591	-158.6376258479
-2.1707460034	3.9782340766	-157.8433333793
-2.7517757766	3.7409708322	-158.6218644034
-2.5304328243	2.8532778424	-158.2181213497
-1.7434628965	2.9736412339	-157.6129841862
-1.0460401179	3.6712285350	-157.4487483031
-0.9408669993	4.2394922665	-158.2648456910
-1.0540745098	4.2310839337	-159.2583814778
-0.9730756383	5.1587632944	-158.8938952825
-1.8270350458	4.7550271499	-158.5656416366
-2.1613021014	4.3749948577	-159.4281038052
-1.7173804856	3.5520062604	-159.7825376745
-0.7490923408	3.5196047255	-160.0302637514
0.0929532346	3.4652739751	-159.4936005249
0.2289878170	2.8661739076	-158.7045671280
-0.1175009821	3.5492821176	-158.0616762465
0.0024175367	3.6125960347	-157.0709134611
0.5668416694	4.2083797368	-157.6422865255
1.5345252660	4.1005078045	-157.8702165654
1.5988134906	4.4240027352	-158.8142600252
1.2773273278	5.3158525295	-159.1324590063
0.6918594786	4.8937299661	-158.4403318944
-0.0567883891	4.3491134314	-158.8183784529
0.7740415192	3.7968925925	-158.7492856992
1.1569749197	3.3796789228	-159.5734791016
1.2035879697	3.8906740134	-160.4317979473
0.2488456644	4.1648156805	-160.3164139066
0.7283620420	4.5294529823	-159.5182261582
0.1628057689	5.3126534762	-159.2598793207
0.1114292724	5.6196307420	-160.2102084289
-0.4887173774	4.8488725972	-159.9963021853
-1.3335495480	4.4235271660	-160.3208632236
-1.5001581470	3.5954487330	-160.8561460305
-0.5956279728	4.0011278210	-160.9874839209
-0.1295481470	4.8843971432	-161.0385221454
0.7983156356	4.6637200355	-161.3391388700
0.9928687982	4.9933204812	-160.4152814064
1.7646287372	4.6459141238	-159.8826507469
2.4722508294	4.8665161999	-159.2113790444
