3.4848056989	2.1593903624	-242.2354835514
3.0915620193	2.5252671315	-243.0789843506
3.9801316109	2.0956620381	-243.2398679872
3.6371513155	1.1934128305	-242.9785044775
4.4836489813	0.6700602283	-243.0761966244
4.1204190348	0.5855565918	-242.1483371839
3.2132462258	0.2415011682	-242.3905423865
2.3569117614	-0.2657552123	-242.2936803738
2.2449510938	0.7265546918	-242.3464616506
2.6587490471	1.5703525050	-242.6881874243
3.0738898000	1.1914462487	-241.8610911758
2.7303904322	0.3652427739	-241.4145533806
1.7322946425	0.3382665032	-241.4700247736
1.1188358715	-0.1135329309	-242.1177481773
1.1301385244	0.8818226892	-242.2133485928
0.5662995615	1.5327978258	-242.7215975431
1.0650447515	1.7718604942	-243.5547255501
1.2051750317	2.6550749506	-243.1071814420
2.0650529369	2.9285013090	-242.6760805088
2.4417647786	2.3153857201	-241.9816905153
1.9721166804	1.4819145515	-241.6905608622
1.6219710505	1.7908549078	-242.5748424317
2.1111544397	2.1059463178	-243.3881179170
2.5822396945	2.6600150530	-244.0744753453
1.5847335646	2.6458835361	-244.1436260568
0.5924494441	2.5224491936	-244.1552959937
0.9591594701	2.6628125764	-245.0749817431
0.8765884936	1.8883891337	-245.7022379628
1.4795795473	1.1036205611	-245.5589198670
1.0568719383	0.3591312343	-246.0756924664
1.2063317263	-0.5479925314	-245.6822610930
2.1285785495	-0.7839343211	-245.9885163280
1.5789382714	-0.3383558748	-246.6951671703
1.9092891216	0.5925030582	-246.8512759869
2.1618013737	1.4253133748	-246.3586660611
3.0582196255	1.7340681795	-246.0406962694
2.9468902922	2.3292951544	-245.2448881091
1.9691107255	2.1523657024	-245.3573295955
2.4839270746	1.2991151567	-245.2740971920
3.1220735111	0.5292083204	-245.2776452959
3.0428597618	0.6613807733	-246.2657017845
2.1940701653	0.3250405128	-245.8577416762
2.3421653258	-0.2784745501	-245.0742639213
1.5341626589	-0.6539758935	-244.6202480280
0.7714779627	-0.9261643891	-244.0335407099
0.8421961917	-0.5206959722	-243.1221712486
1.7562993383	-0.7932928428	-243.4223485021
2.1700060452	-0.0528776820	-243.9520957534
1.1791729905	0.0822032363	-243.9538286917
0.8158722319	0.6248325625	-243.1964873068
1.6979155542	0.1885146421	-243.0186496003
1.7897695677	1.0036859928	-243.5905398951
2.6998673542	0.7101428430	-243.2980429922
2.7797643607	0.7631858654	-244.2934338230
1.8377129586	0.7058241502	-244.6239618696
1.0434495558	0.2163504439	-244.9839078902
0.4693157960	1.0088766436	-245.1895110240
0.6838560117	0.9694746594	-244.2135909558
1.2819932710	1.6532590197	-244.6315272760
2.2300486710	1.6606892531	-244.3135088016
3.0469461414	1.6672088130	-243.7367627411
3.6039798866	2.3213892204	-244.2483889731
3.4321243991	1.4700752971	-244.7441008808
4.0252277353	1.2667020950	-243.9650836966
3.8962660238	0.4629174749	-244.5458583187
4.1951983127	1.0108226692	-245.3271645229
4.1387848108	0.8120558043	-246.3055863390
4.9004033420	0.2646435534	-245.9587765346
4.4524424209	-0.4571730804	-246.4863291485
3.6580938669	-0.0399663328	-246.9278593337
2.6925674530	-0.2783245347	-246.8232452248
3.1082957080	-0.3631835000	-245.9177238424
3.9756517008	-0.0975486816	-245.4968536428
4.1586171947	-0.5744417588	-244.6371463548
4.8551542199	0.1183217421	-244.8240016579
4.6777897607	-0.0379670841	-243.8523455194
4.5341275307	-1.0098390431	-243.6657281060
4.0116346826	-1.8584636388	-243.5830388127
3.6359848168	-1.3010026721	-242.8426845401
4.0078158774	-0.3747879413	-242.9048772647
3.6260726424	0.2882637367	-243.5487985135
2.9148850829	-0.3633186445	-243.2848806179
3.4858874241	-0.9607527171	-243.8479337728
3.1158459086	-0.2156592077	-244.4028255992
3.1707367046	-1.0314954628	-244.9784975591
2.2582832376	-1.4110343447	-245.1313991861
1.2656965777	-1.5323155188	-245.1393111736
1.6377181057	-1.6339191884	-244.2166646123
2.4550410095	-1.0607998455	-244.1573561839
2.7905327762	-1.6708014947	-243.4394820568
3.0648133516	-1.9285189055	-244.3659548854
3.9791990191	-1.6057095057	-244.6102762771
3.4887546290	-2.0396662483	-245.3660181946
2.9106072415	-1.5177155726	-245.9931649800
3.5268892607	-1.1041490964	-246.6633584166
4.0053764807	-1.1385135362	-245.7859365879
4.8687096274	-0.7294556088	-245.4904243381
5.1431661295	-0.9023328848	-244.5444924823
4.9412878280	-1.8555566637	-244.3195267545
4.7982847240	-1.8043612421	-245.3079240132
