-0.5066544557	2.1457120921	-99.0865960470
-0.3733925006	1.4333593482	-98.3975424790
0.0569464670	1.0251373213	-99.2026282818
0.5038305381	1.8391482515	-98.8315746030
0.4768917587	2.8078941310	-99.0781627680
0.1027924330	2.5850035648	-98.1779575191
0.5922057235	3.4369784322	-97.9919105991
0.9258866678	2.7993939341	-97.2975453961
1.1661860345	2.5474068487	-98.2349667119
1.4976145542	1.6066084886	-98.3060552608
1.4259106926	2.1287011401	-99.1559245563
2.0916265988	1.3837752303	-99.1122470903
2.5213264240	2.0618768543	-98.5159784866
2.5006756988	3.0456724980	-98.6940786801
1.5645024586	3.2103382975	-99.0046665721
1.7533002765	3.4601404526	-98.0549538433
2.0228278266	2.6077549519	-97.6068535667
3.0164931733	2.6563649889	-97.7081760380
3.5938494763	3.0913738958	-98.3991369271
3.4231716556	2.6439139285	-99.2770028959
3.7684615227	2.0227236158	-98.5735133770
3.2524598839	1.6300715103	-97.8122206391
2.2846209632	1.5911878546	-97.5636730887
1.3699270941	1.8026070515	-97.2192357953
0.5306144281	1.6867450447	-97.7503951350
0.5068368775	0.8473258182	-97.2074310566
1.4026898190	0.8311599991	-97.6514875548
0.7152632078	0.8744059827	-98.3764526844
1.1237837221	1.0811061509	-99.2654892584
1.8286202589	0.5961498571	-99.7831984910
2.4676643484	1.2969780047	-100.1001567835
1.8050283651	1.0825245129	-100.8177383144
1.5301540071	1.7809225873	-100.1569174484
0.9661596592	2.5931882972	-100.0081397886
0.4814044782	1.7205966761	-99.9481708203
0.8042836412	0.8128339741	-100.2159691084
1.3724296463	0.1008732638	-100.6286700459
1.3333369848	-0.6273659429	-99.9444628978
2.2887889471	-0.4955151919	-99.6804043299
2.9668637798	-1.0457744130	-99.1931371437
3.6506689258	-1.7736117698	-99.2447443577
3.9060814653	-0.9451175972	-99.7431035060
4.2991427996	-0.0405329232	-99.9081167023
3.3040847204	-0.1018875312	-99.9861873823
2.5642877066	0.2979187747	-100.5273484454
3.0179078048	1.0307069800	-101.0345468807
3.7902532627	1.6534588178	-100.9093964031
3.1783150539	2.1271951148	-100.2760674604
2.4151071305	1.9757845022	-100.9042302516
1.4969379033	2.3520961320	-101.0281448492
2.0100326863	2.8252995746	-100.3120357475
2.4023024898	2.3139755183	-99.5473971984
3.0824739020	1.6212062668	-99.3077357410
3.9982649800	1.7805934734	-99.6764123200
4.7754628237	1.2446120525	-100.0060900842
4.2594649701	0.7086713661	-100.6743069619
3.4693690806	0.9270295286	-100.1015345829
4.0417178663	0.7965798030	-99.2919669597
3.7660781544	0.9384075836	-98.3412263905
4.3859252376	1.5683151599	-97.8732455803
4.6839923378	1.5033404194	-98.8255765558
4.8199606404	0.6223736004	-98.3723546627
5.0990124077	0.4740614547	-99.3211083813
4.6482412498	-0.3100074310	-98.8944453458
3.9335601308	-0.9311240796	-98.5728166671
3.5540978446	-0.0723548261	-98.9170894406
2.9062766392	0.6223752041	-99.2296240323
2.5743659894	0.8972742270	-98.3272572289
1.7324287335	0.4886342184	-98.6796135836
0.9877593748	0.0435631616	-99.1769859798
1.5636125972	-0.6715990463	-98.7808343893
1.8918695300	-1.4266933762	-99.3483552603
1.8358853998	-1.5305376938	-100.3413719444
2.1633445856	-0.6751685988	-100.7427622694
2.9070192915	-1.1643557034	-100.2870826577
2.7207993163	-1.9958134098	-99.7636323704
2.6263541180	-2.0735622294	-98.7711429621
3.1886377667	-1.6144175875	-98.0833760713
2.3334312825	-1.1494642735	-98.3123745104
1.5432368530	-1.0139508766	-97.7146882358
0.6764627576	-0.8940105683	-97.2306252337
0.5860430249	-0.9757026982	-98.2231727982
1.0513688302	-0.1140834746	-98.0204803997
1.4197101300	-0.1031828817	-97.0908536660
2.1250380319	-0.0491828537	-97.7976751058
2.5187243449	-0.1755250428	-98.7081962413
3.1244385385	-0.5014264601	-97.9823184404
3.0593662505	0.4163068825	-97.5904879805
2.2926422986	0.6790946920	-97.0047602718
1.4173269396	0.8213817921	-96.5426159182
2.0603248904	1.5704078657	-96.3828862207
2.8112494554	2.1110822452	-96.7620741862
3.2537400463	1.2168670793	-96.8297595898
4.0355541841	0.7594612595	-97.2534889492
4.0655696817	-0.0214204724	-97.8774463121
3.6749103057	-0.3817379758	-97.0303592159
2.6866508244	-0.3474424887	-96.8814732957
2.5719934069	-1.2725032381	-97.2435731252
2.1143561947	-2.0252388385	-97.7168143935
1.4526691978	-1.8370790759	-98.4426010163
