-1.5011952936	-1.0563252056	34.4168736913
-1.1566416282	-0.2421528875	34.8842131912
-0.9001267211	0.4742239499	34.2353647271
-1.6719832645	-0.0743784091	33.9140036712
-1.8262761380	0.1270368590	32.9467262555
-1.0304169347	-0.4428726882	33.1512042168
-1.1145814618	-0.1777863607	32.1906598027
-1.1292670150	0.8197026856	32.2599413814
-0.7527480243	0.6927476150	33.1776100905
0.0704274555	1.0653654864	33.6060235022
-0.1790566532	1.7732205846	32.9451915723
-0.7811540276	2.5355827896	33.1824311560
-1.2172316005	1.6750864492	32.9190257677
-2.0982659038	1.2255473333	32.7717398561
-2.8817300118	0.7091498514	32.4260266336
-2.7771877702	-0.2853440089	32.4332986125
-2.1071515127	-0.9178324710	32.8218983538
-3.0512407463	-1.2049029226	32.9840281625
-3.1752161442	-1.8418048749	33.7449394608
-3.2675650107	-1.0073397175	34.2882069712
-3.7844646480	-0.4748472233	33.6179335131
-3.6118360708	0.4481779540	33.2740964930
-3.3190633180	1.3968938886	33.1548396666
-2.5016129701	1.7936827022	33.5723723791
-3.1977476312	2.2877332641	34.0932471970
-2.7439946434	2.8116001258	33.3723645870
-2.6698813360	2.1767644704	32.6032801259
-1.8035564443	2.5817158865	32.8956763169
-1.6823190379	3.1646090627	33.6991295118
-2.2778086491	2.8270339309	34.4281255018
-1.6393919113	2.1835053181	34.0058755836
-0.7975481854	2.6727394122	34.2337991285
0.0156782595	2.1148338540	34.0682571776
-0.8012526600	1.5693730360	33.8809169288
-1.6369788935	1.0439307089	33.7213173565
-2.5837815005	0.7490464734	33.5924448959
-3.1432827167	1.2180234405	34.2758327751
-4.0763093074	1.3583139959	33.9445022133
-4.3554257347	0.4082090063	34.0837664542
-4.2245046790	-0.3914182672	34.6698175618
-3.3960743211	-0.4571739703	35.2260363404
-2.8726013092	0.3920046722	35.2958334672
-3.7655645852	0.6969768827	34.9647616646
-4.6142470723	1.2070931083	34.8250495591
-4.5740235061	0.6417405376	35.6489175920
-4.0057967053	1.4637891310	35.6857199430
-3.8671145493	2.0244950946	34.8694013276
-3.8752326249	2.9919661038	34.6165497046
-3.2743628491	3.4467942457	35.2738828575
-3.7867270553	2.7118269744	35.7180742918
-3.1883307076	2.0328617715	36.1434306885
-2.7822741702	2.9296627774	36.3191180363
-2.1716406265	3.1124350983	35.5485851337
-1.6083539165	2.6092001557	36.2039191515
-0.6465671028	2.6756148895	35.9382968480
-0.4242932846	3.1645957707	35.0947969680
-1.3800393824	3.3502671285	34.8665963031
-1.4993661535	2.3832399899	35.0915843803
-2.1668452221	1.9580197893	35.7028613012
-2.8924264601	2.4208344439	35.1936123811
-2.9928261133	1.4293565828	35.2766278052
-2.2822163205	1.7191363515	34.6354870968
-1.3491171883	1.3697280391	34.7205743504
-0.9383958857	0.6689830617	35.3038962926
-1.8619119983	0.9476437823	35.5674606920
-2.0844167754	0.5517078077	34.6765474930
-2.3986479577	-0.3949402469	34.6050197015
-3.1707694489	0.1353930128	34.2549125229
-2.6727700821	-0.3008598860	33.5054593630
-2.3197375505	-1.1800767535	33.8253745572
-2.4104159643	-1.6248575066	34.7164118780
-3.2938150700	-1.6250461618	35.1850332438
-3.6004175136	-1.1554172839	36.0129484923
-3.7511461182	-0.4679647400	36.7233637847
-2.9405192590	-1.0469066646	36.8111723441
-2.5529980683	-1.7567207923	36.2229621513
-1.8490935548	-2.0543529683	35.5780330671
-1.5101476677	-1.1168957442	35.4987258252
-2.5014147687	-0.9923876442	35.5421685187
-2.8769911541	-0.2586759150	36.1083923942
-3.5935629669	0.4359043424	36.0444932311
-3.5561787540	1.1953185672	36.6940257214
-2.6662150032	1.0717257027	36.2550617979
-2.8695511821	0.3892728843	36.9571391078
-2.2055060016	-0.2882600222	37.2733560567
-1.9169878873	-0.6834154738	36.4012267848
-1.9385438327	-0.1121698897	35.5807307008
-1.7446499419	0.3737268764	36.4329686323
-0.9762510816	-0.1795264308	36.1112949319
-1.0341134697	-0.2222704532	37.1087040218
-1.3129940259	0.7094161177	37.3414823908
-2.2124282543	1.1462231136	37.3267271522
-2.3702595904	2.0312666745	36.8887920375
-1.6518785844	1.4403372249	36.5217346635
-1.0674621270	1.6635129311	35.7415744181
-0.4689092647	2.0226776848	35.0255191473
-0.1649968183	1.1255599475	34.7048682620
-0.0342164248	1.1754964831	35.6950211952
-0.7140088136	0.8426538406	36.3485486112
-0.5959928792	1.7520626723	36.7473566052
