-2.6526014998	-4.6134274729	-139.5017181796
-2.8513857080	-3.6796861599	-139.2040405032
-3.2482901622	-2.7646194152	-139.1324883752
-3.6253226629	-3.2709702219	-139.9080239024
-4.0670032686	-3.3270591068	-140.8034412797
-3.4134505611	-3.9619020722	-141.2155617327
-2.8903519805	-3.8850998205	-140.3667571091
-2.5465135128	-4.7892862667	-140.6201776661
-2.3357325039	-4.2683762293	-141.4473560624
-1.8676644908	-4.0182810348	-142.2949200593
-1.9982477160	-3.2214187031	-142.8848000858
-2.1572090313	-2.3412442993	-143.3320408699
-1.6668602977	-1.5563255224	-142.9532788957
-1.8840967989	-2.2319544283	-142.2487692193
-2.6826863017	-1.7190946155	-142.5637765500
-2.9390655296	-2.6841429058	-142.6181041574
-2.9111814468	-2.3564347053	-141.6737367430
-3.0770485581	-2.9228127625	-140.8664548854
-2.3249150020	-2.2928751947	-140.6728734441
-2.1932522187	-1.6391699243	-141.4180810198
-1.8109561702	-0.7580320924	-141.1397900705
-1.5206874108	-1.4746314058	-140.5055744357
-1.5229936897	-1.3890040593	-139.5092498708
-1.5789936645	-2.3276370283	-139.8495911000
-1.1863511541	-2.2455672065	-138.9335690460
-0.5176241064	-2.3478764131	-139.6700043534
-0.5578910253	-1.4211326843	-140.0435343207
-0.5779661099	-1.2248312893	-141.0238724019
-0.1798860885	-1.0484803902	-141.9241127347
-0.6017888701	-1.5900677303	-142.6512174011
-1.2304172984	-1.4483988908	-141.8865238422
-0.5447557920	-2.1615775739	-141.7407690328
0.1281741340	-2.0949989909	-141.0040651527
-0.8048436983	-2.2556686558	-140.6820977886
-1.5010757129	-2.5927902890	-141.3158248484
-1.1565806753	-3.0818914832	-142.1171382645
-1.1661479263	-2.5302697290	-142.9511777767
-0.2281983519	-2.6681986785	-142.6330171242
-0.1220126414	-3.5704247616	-142.2150306532
0.3412077170	-2.8273213643	-141.7320976966
-0.4743971458	-3.1205338831	-141.2332839772
0.0348475211	-3.0080725397	-140.3800417400
0.8165066201	-3.3408437678	-140.9075570125
0.4189339430	-4.1001865194	-140.3924506622
0.0502509000	-4.0868192576	-141.3219097146
-0.6521444168	-4.7687690403	-141.1179849420
-0.6534504925	-4.9704419719	-140.1385328897
-1.2058114415	-4.4302502150	-139.5036390026
-1.7167326090	-5.1334182502	-139.9981228495
-1.6226560540	-5.2783249947	-140.9830856088
-1.5212781942	-5.0084588450	-141.9406318431
-0.8069148889	-4.3618964678	-142.2082923751
-1.1964106375	-3.8756297695	-141.4260917871
-1.5699487922	-4.2703220025	-140.5866352437
-1.9727282640	-3.7859210667	-139.8100243820
-2.5195026365	-2.9534368154	-139.8995104532
-2.1588189736	-2.7020895587	-139.0013279262
-1.3434789528	-3.2661494749	-139.1319306112
-0.4764463847	-3.5304617875	-139.5542971904
-0.5912580191	-3.9026894497	-140.4753101415
-1.2648490304	-3.1774228891	-140.3329599904
-2.0921625944	-3.3730216573	-140.8595465349
-2.2539769990	-3.1507765540	-141.8210158337
-3.0060405323	-3.6987557402	-142.1872387895
-3.7379194532	-3.1135929787	-141.8380428736
-3.8921318240	-2.3202446754	-141.2491311533
-3.1888241084	-1.7030274858	-140.8964256131
-3.3470174212	-2.2646995430	-140.0843299439
-2.5338878971	-1.8903272133	-139.6386105974
-2.4900686221	-0.9873715532	-139.2111167997
-2.0422520180	-1.6255333013	-138.5848501851
-1.4552669446	-0.8166116204	-138.6179294511
-0.6294237036	-1.3150394334	-138.8816578277
-0.8393059078	-0.5731237180	-139.5184549159
-0.9887402478	-0.3725373593	-140.4866669230
-1.8426283980	-0.4933268517	-139.9804210090
-2.5182278455	-1.1051224058	-140.3918472922
-3.3160607084	-1.2190025950	-139.7998219334
-4.1203348583	-1.5061861621	-140.3200802256
-4.2908057679	-1.2532288545	-141.2724206424
-4.8807448016	-1.9863112627	-140.9339503790
-4.7341964010	-1.9729580382	-141.9230637485
-3.9084708826	-2.2207279949	-142.4298057112
-3.4882750697	-1.4968269634	-141.8826286142
-4.1913309618	-1.0358306197	-142.4241032523
-3.7920938051	-0.3981613012	-141.7653259508
-3.5852260647	0.2935482992	-141.0734129745
-4.3969894365	-0.2500151767	-140.8599206425
-3.5195335016	-0.7024633941	-140.7006670930
-3.8786815353	-0.3052697093	-139.8561258763
-2.8894728215	-0.1796024680	-139.9314509385
-2.5566752214	-0.0670399648	-140.8677070147
-2.8009311629	-0.7836688945	-141.5209925664
-3.0499003014	-0.6582776624	-142.4813526067
-2.2999303739	-0.0789936844	-142.8006881367
-2.0001231261	-0.8549454863	-142.2456976726
-1.1205982970	-0.5964804786	-142.6452373010
-0.9893463690	-0.3910813537	-141.6754001338
-1.8365178388	0.1297586119	-141.7804059955
-2.8256522286	0.2354610909	-141.8825830225
