-0.1378011762	1.4733550253	-85.5467174701
0.8260965809	1.4230906097	-85.2852320933
1.4101556246	2.1654235229	-85.6135869007
2.0720817926	1.4182136772	-85.5541630442
1.4669414463	0.7328145425	-85.9591731520
0.5227214941	0.9437773425	-86.2120434327
0.4692403517	0.9733724187	-87.2101736341
0.2048479111	1.4316718674	-88.0587360965
-0.5109206747	0.8863196959	-87.6225407955
-1.4354095766	1.1174646399	-87.9256781986
-1.3192802636	1.4528436100	-86.9907798464
-1.5087943098	2.4242442200	-86.8477229306
-0.6349181731	2.8571638168	-87.0689041244
-0.5757846656	2.3392915210	-86.2154924339
-0.3079087651	1.4885992400	-86.6677812188
0.3365999088	2.0530538092	-87.1835327178
-0.5609022382	1.9661306023	-87.6158916571
-0.0191153469	2.7417421773	-87.9397645474
0.6650460127	3.1401280957	-87.3288538387
1.0702604744	3.5984934282	-86.5378402724
0.9884857991	3.1609220672	-85.6423827321
1.9201490297	3.2092598908	-86.0024758860
2.4893053855	2.4897713780	-85.6044842749
2.1381981621	2.0564317808	-86.4345086789
1.2835457391	1.5846248041	-86.6512283424
1.2069778644	2.5814217284	-86.6281360873
0.4892466360	2.0812108095	-86.1437282834
0.1977657021	2.4519555479	-85.2619192314
-0.1838709663	3.3517194230	-85.4735283578
0.1328205817	3.1261553680	-86.3948466092
-0.5613923488	3.8389273701	-86.4949689347
-0.1063207127	4.7117061454	-86.3184271112
0.5388130918	4.1476324557	-85.8030406087
1.5001994460	4.3608479137	-85.9770390177
0.9020868351	4.8413869166	-86.6183997363
1.7114401218	5.0018476667	-87.1833772625
1.2463102092	4.9757540826	-88.0682350416
0.4065833404	5.1551762715	-87.5557250769
-0.4744317395	4.7264767316	-87.3556522564
0.2871108391	4.1274389261	-87.1082525622
1.2163540992	4.0602696888	-87.4715640774
2.0102314467	3.9178134958	-86.8804084377
2.2967951713	2.9651173050	-86.9816566465
1.8364178749	2.2059664913	-87.4418118235
1.2932155493	1.4186170932	-87.7333802698
0.9468086570	2.3013446775	-88.0508614140
0.9289928066	1.6040378483	-88.7674127251
0.1272800669	2.2008695203	-88.7997954100
0.5155705832	2.0055697447	-89.7003999140
1.0966515639	1.6876389290	-90.4495760550
1.6121752238	1.7748971073	-89.5971551693
2.4203865357	1.3612949270	-89.1779562763
2.6390983194	0.5225410653	-88.6793009693
2.9004654476	0.6033610262	-87.7174510028
1.9216568984	0.4891098755	-87.8873936356
2.2880195139	1.4065077686	-88.0428270286
1.8686946416	2.1210919376	-88.6027699873
1.1688210871	2.6383203522	-89.0953669572
1.1220749402	2.7996928253	-90.0811527974
2.0660128605	2.8036443282	-89.7510534363
1.5736068940	3.5856743787	-89.3689992986
2.1835277052	3.1262157585	-88.7233257120
2.6547545685	2.6298841315	-87.9942165574
3.2559707100	1.8360028676	-88.0852752747
2.8429312832	1.7325706647	-87.1804547337
2.1247535351	1.0795314279	-86.9401206387
1.3568145310	0.4411421547	-86.9923587644
1.0041534632	-0.3019545533	-87.5610743822
0.8745912939	0.5233576851	-88.1106863849
1.5202475276	0.7819585395	-88.8291943013
0.9629271766	0.8926732926	-89.6520772029
0.1560549991	1.1100584419	-90.2013503464
-0.6868600390	0.8148847724	-89.7514984339
0.0351130326	1.1138071632	-89.1274789727
-0.7162462054	1.5541180001	-88.6359653285
-1.4793686940	2.0324335560	-89.0705436257
-0.9139456251	2.6299708310	-88.5019963909
-1.5865206883	2.1748050763	-87.9185009581
-2.3784552694	2.7073754460	-87.6198231708
-2.0484898419	2.8790479587	-88.5480749497
-1.3818644236	3.6193834589	-88.6347576967
-1.4323929432	3.2631486355	-87.7017284264
-0.5280177329	3.6897607028	-87.6913542703
-0.2829848957	3.5001213800	-88.6421412265
-0.6149700839	4.4239737682	-88.4516613073
0.3285730687	4.2517081799	-88.1687286539
0.8087450890	3.3994299335	-88.3762295492
1.6113970980	3.1827396275	-87.8205362312
2.4855487810	3.6683670142	-87.8255238659
1.7903276713	4.1039979548	-88.3972696943
1.0330823361	4.4211879391	-88.9682075335
0.0877425489	4.3051063141	-89.2729332183
0.5163218173	3.4115263920	-89.4064799650
0.0054031770	3.3003589523	-90.2588906309
-0.3806669057	2.8129953298	-89.4756750854
-0.5665026852	1.8623339241	-89.7240859446
-0.1286917746	2.2438180291	-90.5382060120
-0.9663090509	2.7529018524	-90.3401379444
-1.4650996461	3.0144291751	-89.5138139150
-0.8214971850	3.7781217560	-89.5643066278
