1.7478539558	-0.7466102670	-199.7510386436
2.7264929720	-0.6514237664	-199.9332616007
2.2994791496	0.2210236530	-200.1709477295
2.0355531852	1.1827506137	-200.2445978374
2.5751525998	1.9833932254	-199.9842060552
3.1998007092	1.2033688361	-200.0213098478
3.5801992828	1.1774879710	-199.0968494074
3.3849369021	2.1403977225	-199.2830681312
3.0903788302	3.0592353286	-199.5456952356
2.3725258371	2.5639117933	-199.0564696480
1.7226432590	1.8728716194	-199.3728809510
0.8176631391	2.2557480024	-199.5583982222
1.0040566792	1.4582652369	-200.1322263210
0.4405882909	0.8733464796	-199.5488110119
1.0327734159	0.3355038500	-200.1488460805
1.4719316102	0.7819975497	-199.3692414009
1.0860294483	-0.1186773281	-199.1695809744
0.7919036549	0.5933060123	-198.5319527593
-0.0985097891	1.0420897358	-198.6078281062
0.6891543269	1.6570766952	-198.6449263551
1.6211023514	1.3314875654	-198.4853500465
2.2878071673	1.0325226515	-197.8026168126
2.2502741798	0.7640234952	-196.8400683837
1.4276834293	0.2762349339	-196.5478240054
1.3034777416	0.7704835879	-197.4082257809
0.3974374178	1.1282750931	-197.6342261579
1.1626281798	1.7708220879	-197.6744313480
0.2704641840	2.2214926310	-197.7050820611
0.5632038035	1.9462798322	-196.7893520624
0.5031589944	0.9662513127	-196.5997769534
1.4002004368	1.3481171584	-196.3773019516
2.0196062075	0.8422668750	-195.7769254179
2.3062009361	1.7923829568	-195.8999818788
3.0803597434	1.3826799875	-195.4174659536
3.9073729187	1.1759529028	-195.9402595269
3.7982043213	2.1122766995	-196.2739958976
3.5702701472	2.6138010070	-197.1085732645
2.7171752778	2.5070218113	-196.5978606767
2.5377774450	2.9529916562	-197.4747456834
1.5961723727	2.7059280456	-197.2459674937
2.0241834230	1.8205420134	-197.0645891191
2.1208461647	2.1424780496	-198.0064030619
1.3729880656	2.5584302315	-198.5237927082
2.0369595867	3.2775937724	-198.3189864081
2.9942899355	3.4493167730	-198.5514295505
3.8843599681	3.0211551231	-198.7078039043
4.2532071733	2.7374362721	-199.5929340376
4.3917109343	2.0273123298	-198.9026147674
3.9472170200	2.0401733621	-198.0069252263
3.0761648152	2.4367067526	-198.2968033502
2.7580014354	1.5337116695	-198.5855453519
2.4758766596	0.9056248742	-199.3107436618
2.2775432242	-0.0602744458	-199.1443034261
1.7930712908	0.2957097428	-198.3452025544
1.9212626443	-0.0900783253	-197.4315644732
1.3609415244	-0.8895700331	-197.2151083535
0.9799413425	-0.2649945327	-197.8968299284
1.6144361134	-0.7570993583	-198.4928578022
2.0835654496	-1.4326403185	-197.9240326295
2.5237349376	-0.9516533335	-197.1658094816
2.2760944471	-0.3031655955	-196.4459915593
3.2512793935	-0.4044169055	-196.6428734844
2.9318159954	0.1195707016	-197.4324177357
2.5893567741	-0.4741633508	-198.1605671413
2.9162896733	0.4202037759	-198.4658904486
3.4554806503	1.0181611439	-197.8728305220
2.9945313565	1.8083393538	-197.4689194611
3.0384193652	1.4191878161	-196.5487917942
3.0073507222	0.5261567835	-196.0998705156
3.6970326313	0.5481156449	-196.8236499521
4.0609480690	1.4385909121	-197.0968153830
4.9238830139	1.5967409797	-197.5767443746
5.3404962711	0.7598710979	-197.9318249215
5.3115169183	1.2692977876	-198.7918508775
4.4005233712	1.1143024670	-198.4096634790
4.3027615584	0.4041866059	-197.7123987575
3.7128585443	-0.3806294020	-197.9023415588
4.2436388079	-0.4358794576	-197.0566349057
4.0862677699	-0.9901595008	-196.2393173480
4.0027452642	-0.0384957010	-195.9437500914
4.9366178567	-0.1731725338	-196.2750266098
4.8326120646	0.6498060994	-196.8334968099
5.5685914251	0.0481278747	-197.1438477321
5.0365435799	-0.3588146222	-197.8863589406
4.9007229518	0.1728311079	-198.7223646670
3.9046437990	0.2609692520	-198.7299797115
3.3115707509	0.2316254149	-199.5345934690
3.3283347321	-0.5966868834	-198.9745776608
2.5366464037	-1.2063194931	-198.9348577424
3.1686793244	-1.3806518082	-198.1797798450
2.8743929152	-1.9911347070	-197.4444526121
3.5761179229	-1.3261693068	-197.1887124510
4.3604369490	-1.2488902448	-197.8042379272
4.3700550843	-0.7558811786	-198.6742089337
4.3332078166	-0.2998738695	-199.5634218514
3.6925649127	-0.3508759881	-200.3295650844
4.0412906062	0.5863140437	-200.3214882645
4.5144631759	0.8470364225	-199.4799827324
4.1729594353	1.6609756718	-199.9499594272
5.1412528207	1.7997688702	-199.7422472037
