-3.7949423587	-0.4992309229	5.2129150154
-3.4797280410	-1.4466358826	5.1575636267
-2.5366403812	-1.7207206270	5.3458804308
-1.9515379783	-2.1602779795	4.6643787713
-2.8463699712	-2.6000219537	4.5875611847
-3.7479518200	-2.9851414973	4.3905000086
-4.7008823456	-2.6819784048	4.3944437133
-4.2308330058	-2.1901914245	5.1273824449
-5.1916655812	-1.9236504322	5.0515097780
-5.5038966964	-0.9780179500	5.1425643732
-4.6599158882	-1.1662586242	5.6448211242
-4.7820474824	-0.2122039062	5.3712092300
-4.1926835192	0.5455066735	5.0909864680
-4.1564274948	-0.0457961935	4.2853522953
-3.5974505380	-0.8606790996	4.1320205925
-4.4588879310	-1.1229125600	4.5669449886
-4.6773425350	-0.7440087590	3.6676622213
-5.2237432610	-0.2753095567	4.3617568145
-5.2242880491	0.1572710416	3.4601617119
-4.5771826392	0.8640441000	3.7460400644
-4.1588234257	0.1217052442	3.2226772919
-3.5282183316	-0.6462962991	3.1108254041
-2.7524469102	-1.2168473128	3.3803624932
-2.2702781217	-2.0534084675	3.6405137832
-2.8102857002	-1.5845277386	4.3394720632
-3.7327349531	-1.9410743026	4.1912765051
-3.6561003419	-1.7492100945	3.2128516169
-4.3547366443	-1.1803292633	2.7789369745
-4.8525792723	-0.3524284470	2.5206097479
-5.1385207634	-1.1954139661	2.0649641858
-5.3903504562	-1.2967268565	3.0274180830
-5.9272725584	-0.6778558243	3.6007533267
-5.4732910971	-1.3822982459	4.1463371492
-4.6811305111	-1.7884865408	3.6908235105
-4.2632472161	-2.6629620869	3.4445186770
-4.4486484964	-2.2412062907	2.5569667553
-3.5877061387	-2.7437590910	2.6358270094
-3.1718680468	-2.6439864263	3.5397761765
-3.6044695127	-3.5336201210	3.3934619221
-2.8878018582	-3.5876243173	4.0887827256
-2.1588055628	-3.1262515502	3.5831152746
-2.5418495279	-2.9258308106	2.6813897909
-2.8404263795	-1.9733324316	2.6214006102
-3.6338351970	-1.6836066256	2.0860863049
-3.8148608016	-0.7085549617	1.9576184748
-3.3302717009	-0.6298280541	1.0864264882
-2.3803465978	-0.7729541337	0.8086545963
-2.4204405842	0.2260723211	0.8270560885
-3.2057841138	0.4326469938	1.4106333713
-4.0218994152	0.4470097296	1.9883439620
-3.1841110882	0.1314903026	2.4339426720
-2.4751839765	-0.2727439591	3.0118847210
-2.6488847195	-0.3840827252	3.9903691261
-2.7151135956	-0.6671267641	4.9471866677
-3.1826551552	0.1815820765	4.7000061790
-3.6062203309	0.9632902455	4.2422673010
-3.1565734347	0.4490006428	3.5119770345
-3.6776766922	1.0528385653	2.9087928517
-3.0133251958	1.2151410968	2.1792073684
-2.3669572495	0.7808852393	2.8066070243
-2.0912200250	0.5870085930	1.8651290218
-2.5143543139	-0.3117494047	1.7502750489
-2.9122352192	-0.9852527996	2.3732389020
-2.7276705473	-1.4843792038	1.5265933359
-2.0215542954	-2.0251334783	1.9837417291
-1.9490451104	-1.3169187728	2.6860054609
-1.7325352210	-1.0643641282	1.7429574137
-1.5008153419	-0.2057300335	1.2857338478
-0.7119349413	-0.7021700434	1.6479700003
-0.7867395160	-0.8259671602	2.6374539817
-1.0145019648	-1.7722400277	2.4079067598
-1.6372471038	-2.4049124612	2.8682480287
-1.2158462528	-2.4948870545	3.7706481036
-1.1426297175	-1.5549371967	3.4372810329
-0.9804736376	-1.6863586145	4.4152553765
-1.5869422806	-1.1638845659	5.0146022323
-1.8684265389	-1.1076015137	4.0566884416
-1.5306982322	-0.5076617784	3.3314216598
-1.6020560546	-0.2150175345	2.3778665184
-0.9369061002	0.4455982318	2.0297826958
-1.3161305980	0.7721508373	2.8955495097
-1.7835588639	1.4186994076	3.4984473141
-2.7814238104	1.4795671079	3.5221258188
-2.5188083925	0.9626714159	4.3368969437
-1.9906055053	0.3783559881	3.7207985824
-1.7120119519	-0.1591807182	4.5166879726
-0.9738182895	0.2779829312	4.0029194835
-0.7925256629	-0.7050627920	4.0303801768
-0.1242809953	-1.1308386511	3.4203277347
-0.2435646691	-2.0801122595	3.1293792486
0.0405802631	-1.4969846224	2.3683116982
-0.1990559225	-2.4148027568	2.0517925508
-0.7358307091	-2.9355054817	2.7156762008
-1.5845870955	-3.4446618925	2.5729444736
-2.0719117185	-3.1399648068	1.7546081139
-1.2094814492	-2.6416658152	1.6656578721
-0.8530011101	-1.7532123698	1.3765692297
-1.7127022910	-1.6573406661	0.8748496904
-2.3734063769	-2.3985144156	0.9937260286
-3.0181217438	-2.5699394544	1.7386794176
