-2.0844787715	-3.0427416390	91.5422982341
-2.6447739636	-2.4984065396	90.9179837322
-2.2653136439	-1.7722129926	90.3447012556
-1.3126457429	-1.5301721042	90.5286579862
-1.7035736775	-0.7611099984	90.0229714949
-1.3697248921	-0.2992041613	89.2012732619
-1.3820610018	-1.0918219959	88.5916793080
-0.4364620050	-0.9730564463	88.2887976784
0.1177602698	-0.9921672649	87.4566483849
-0.8549528443	-0.8491016796	87.2739972531
-1.5942130412	-1.4124120171	87.6430173406
-2.4205412463	-1.4318755955	88.2058697782
-3.3141212821	-1.6179475038	88.6143939078
-3.7640001363	-2.0997635953	89.3663661617
-3.4359059657	-2.0626336324	90.3102811902
-3.1399273798	-2.9175799336	89.8842958634
-3.4245021868	-3.5278831248	89.1450075610
-3.3569896702	-2.7276599039	88.5491175907
-2.5765580877	-2.4934712051	87.9693916223
-1.8840483424	-3.2079491736	88.0691487535
-1.3223619123	-2.5004266602	87.6402895140
-1.1280546222	-1.9329653660	86.8401443043
-0.5471705159	-1.7999987881	87.6431969453
0.0009316377	-1.8184484894	86.8069890539
-0.3749326385	-2.7007813465	87.0902111842
-0.0301119901	-3.6024257980	87.3512399251
-1.0156751331	-3.5349702432	87.5065301028
-1.3282245190	-4.3446987892	88.0031713851
-0.3309432247	-4.4141452196	87.9785296895
0.6550825364	-4.2730034500	87.8900299748
1.0771564014	-3.5555759464	87.3358175340
1.7182093723	-4.1942335750	87.7614553165
2.2960500934	-3.5864189427	88.3061217042
1.8520710703	-3.7804105915	89.1809073163
1.2212788935	-4.4687823031	88.8227933453
0.2243196050	-4.4970923783	88.8953930482
-0.2157137037	-3.8255450808	89.4915431253
-0.9451052156	-4.4629984871	89.2432667125
-0.4512247879	-5.3316051816	89.2833233405
0.1839673776	-4.8448966886	89.8830280643
1.0532284861	-4.3541236963	89.9424165748
0.8095884810	-3.5891045180	89.3462746415
1.1705313277	-3.4861732315	88.4193844584
0.1712245421	-3.5192826598	88.4364054445
-0.8143155175	-3.6288382385	88.5656662899
-1.3592219252	-2.9948887632	89.1144695967
-1.8428439201	-3.8368867891	88.8754108373
-2.4341744405	-3.0379592323	88.9851513247
-2.6926830212	-2.1183730220	89.2810136501
-3.0500350716	-1.2722531401	89.6764635933
-2.2972554229	-0.9169355036	89.1223226567
-1.7384524370	-1.6842720887	89.4368600761
-1.7718368749	-2.1694021419	88.5630555723
-0.8498251433	-1.9614542414	88.8896318077
0.0775589284	-1.8683810137	88.5272836907
-0.4349324290	-2.6569900711	88.1875067591
0.4887699653	-2.7218808096	87.8099314968
0.7690489027	-2.5458415277	86.8662928538
0.8478411722	-1.7967137980	87.5240157611
1.5127361743	-2.5222896706	87.7013693324
1.8531367608	-2.6751720775	88.6291378436
1.3681220904	-1.8045102010	88.5472313960
0.7516013315	-1.0373790391	88.3699972732
1.1842374116	-0.8120694428	89.2429586744
0.6430995998	-0.9333603222	90.0750995226
0.1231974207	-1.0257828870	89.2258882452
-0.8174878443	-1.1126327169	89.5538643712
-0.3957520564	-0.9296541455	90.4419284272
0.2384145712	-1.5294937869	90.9298065812
-0.6449636465	-1.5297851633	91.3984672684
-0.0441600003	-2.3012567182	91.6079108615
-0.5001411206	-2.3719354173	90.7207323341
-1.0159098593	-2.3135446472	89.8659966287
-0.1215018972	-1.8665379494	89.8808091059
0.7649447211	-1.8053406972	89.4220419655
0.6998024078	-2.6412451992	88.8770464218
-0.2278120382	-2.7752105617	89.2257364292
0.3203531787	-2.9011646195	90.0525680144
0.9586414173	-2.2144341523	90.4004033058
1.4257543278	-2.6813181962	89.6495206129
1.2508966961	-3.3625095229	90.3604377565
0.6680786409	-3.0184965280	91.0966294258
0.9354251381	-3.9775239423	91.1903965260
0.1972420949	-3.8974526355	90.5205649198
-0.6762798249	-4.3405911907	90.3191010859
-1.2908939780	-5.0836832431	90.0544057052
-1.9401636024	-4.4541964721	90.4812491895
-1.3892074493	-3.7204918941	90.8788984188
-1.4963571063	-3.6950588952	89.8849808601
-0.6740344121	-3.2602391366	90.2520192288
-0.4755057236	-3.3127652975	91.2307057784
-1.0588881085	-2.6113973561	91.6402762898
-1.7658437916	-1.9309790213	91.4472878138
-1.5472120233	-2.5943403933	90.7316399674
-2.0709240123	-2.7499633047	89.8940796639
-2.3874168124	-3.4423565899	90.5424806557
-2.5786590195	-3.9226010964	89.6864481609
-2.0843363339	-4.7381058882	89.3854547771
-2.7693726774	-4.4502326107	88.7162356917
-2.8825602487	-3.6378982509	88.1441330248
