-2.1615250593	1.1151274776	239.3775610348
-3.1553449433	1.1071089918	239.2668463472
-3.8951870684	0.5370478278	238.9095454946
-4.4941606644	0.6369357191	238.1150311520
-5.0237230995	0.3128445815	237.3311124306
-4.4670158098	0.3954109098	236.5045171276
-4.0722359773	-0.1650448096	237.2325544002
-3.5092657021	-0.1134784962	236.4076875113
-2.9728279465	0.4101970107	237.0695020607
-3.3588393350	0.2350509755	237.9752167367
-4.0958789801	-0.3707799374	238.2747855377
-3.7946920827	-0.5417196383	239.2129039052
-2.9665308450	-0.0241912205	238.9976986518
-1.9770027532	0.1075198212	238.9386532712
-2.5221392102	0.7348262665	238.3824942410
-2.6491821642	1.3225714449	237.5834850463
-3.4160999755	1.2833361438	238.2240298628
-4.3166196930	1.6623666646	238.0109568644
-4.1622794603	1.6245664295	238.9982512657
-3.3180162866	2.1604073230	238.9885440284
-2.4884285960	1.7833440821	238.5767096248
-2.9764310261	2.2994314542	237.8727867223
-3.4287810696	1.8775132984	237.0870612563
-3.2556580966	2.1271843629	236.1343321260
-4.2405362648	1.9886320670	236.2383429666
-4.4606215116	2.2869851119	237.1670775599
-4.7105566553	1.3316829682	237.0091844374
-3.8442054455	0.9321198193	237.3088256751
-3.5734271365	1.0870571746	236.3587343515
-2.6205837028	1.3314188154	236.5386698384
-2.2316585898	2.1273777977	237.0025518869
-1.7896924869	2.2928456537	237.8841903346
-1.0378805493	1.8142915406	237.4305773154
-1.5089825093	1.1799884193	236.8176152500
-2.0221075712	0.4116421978	236.4350623062
-2.5562834024	-0.3743584421	236.1238402384
-2.9055091932	0.4944311163	235.7727760701
-3.8813535742	0.4085581977	235.5718940504
-4.5939981991	1.0976273509	235.7035046152
-3.7631448638	1.5417789158	235.3682254442
-3.3489725760	0.8784403956	234.7449732291
-4.3453747641	0.8162606832	234.6873853588
-4.8686438209	0.1400987524	235.2060321920
-4.4668063333	-0.6963519637	234.8333703709
-3.7036032669	-0.1080999425	234.5660117374
-3.4397895303	-0.5385542065	235.4292101148
-4.3292205691	-0.4895043648	235.8836400217
-5.1776181219	-0.4433796995	236.4109863098
-4.9145691585	-0.7842093053	237.3135606406
-4.3266149991	-1.2367522086	236.6431019715
-3.3793320669	-1.1863159311	236.3266983871
-2.4052369975	-1.3764245722	236.4491626695
-2.9839195088	-1.7069169844	237.1947505695
-3.1758560922	-2.6673637229	237.3964989534
-3.8872340483	-2.1716885806	236.8982544785
-4.6354268988	-2.2013194561	236.2354351443
-5.3284869210	-1.5855454693	236.6102553718
-4.9738376751	-1.3221433204	235.7131248237
-4.0109604190	-1.4411551963	235.4708366416
-3.6419556182	-2.2985684939	235.8295536526
-2.8076750598	-2.4067056527	236.3701850473
-2.3440151440	-3.1224886859	236.8923671341
-1.7607277516	-2.3416159909	236.6687298114
-2.1858775376	-2.2722700269	237.5711924404
-2.8744514704	-2.0001520913	238.2433663525
-2.9212374001	-1.0642991912	238.5926376311
-3.8500143461	-1.4349285019	238.5953392283
-3.8995259525	-2.3148323002	238.1227739878
-4.5728762349	-1.7470849612	237.6492105219
-3.7710943779	-1.1523863914	237.5902235343
-2.9845467558	-0.5996296612	237.3149003869
-2.4316535120	-0.2673830133	238.0790477718
-2.2736699910	-1.2140641748	237.7982703056
-1.4046342606	-1.6461498745	238.0392658395
-1.6837586548	-0.8796889903	238.6177356187
-0.6866124759	-0.8072863525	238.5963497362
-0.9682287206	-0.1007640011	239.2455942646
-1.0954382141	0.7996760595	238.8296309945
-1.4377950889	1.7373305480	238.8895962390
-1.6536960524	1.2519247158	238.0423843694
-1.9827470182	0.4876845986	237.4877110374
-1.9078304677	-0.4572757682	237.1692186268
-1.5458659361	-1.3769812108	237.0171542435
-0.7389177301	-1.9302542543	236.8104575279
-1.2424759214	-1.6002752098	236.0119946433
-2.0525954730	-2.0394769669	235.6236544205
-2.9249789097	-1.5829207465	235.4490017454
-2.9112903552	-0.9992279691	234.6371425427
-2.6052842562	-0.0722853243	234.8542544971
-1.7980819162	0.1155667389	235.4138400443
-1.0016074093	0.3358050593	235.9769771876
-1.0252906736	0.1729331625	236.9633401270
-0.7457560805	0.7416322017	237.7369303377
-1.3040964440	0.0009293063	238.1105815914
-0.8525078937	-0.7109802473	237.5727595309
-0.6395757619	-0.8220690367	236.6020282663
-1.5301156598	-0.5830619542	236.2149697374
-2.0037903472	-0.9498017548	235.4142611704
-1.5426235245	-0.5825361373	234.6065228910
-0.9094629450	-0.6558424134	235.3770641751
