-1.7239316941	4.2714370684	205.8299335291
-1.3785307164	3.7762692916	205.0327465764
-0.4750849333	4.1359459465	205.2660241387
-0.7135016193	4.3603123624	204.3211340947
-1.2340470941	3.6351390042	203.8704057847
-0.5845233944	3.2473309306	204.5244117951
0.2516095621	3.7954966451	204.5045113320
0.0073823099	3.3301649162	203.6537355500
0.1341885211	4.3196050096	203.5835323712
0.2524280480	4.8755586024	204.4062929785
1.1168230553	4.4078519981	204.5908784701
1.0731082789	3.8696682247	203.7491853881
0.8176940237	3.3863353228	202.9118366769
1.8077120884	3.4753500127	203.0211098050
1.6217131849	2.4988532831	203.1300067521
0.9412364143	2.8172599356	203.7899829398
1.3168561168	2.3333416458	204.5803834256
1.1509654007	3.3028954667	204.7605102103
0.3315209774	2.7362991227	204.6740265692
0.8231580910	2.6344499736	205.5388500768
0.4442074358	1.9982380449	206.2108848844
-0.1498373704	2.1119400178	205.4145290408
-0.6283776923	1.6214423145	206.1428223632
-1.4450930690	2.1861901518	206.2612954563
-1.5440751545	3.0283526854	206.7913565979
-1.3732649070	4.0084501487	206.8925140092
-0.8742698382	3.6254279443	206.1151480000
-0.7533811683	4.6155426841	206.1862727607
-0.3983766379	4.4377048815	207.1040665825
0.2692891464	3.7693727370	207.4320216787
-0.5427377599	3.2722287617	207.1263091155
-0.8153137558	3.7375525054	207.9684350799
-0.2362126070	4.5256225459	208.1772112055
0.0967078993	3.7271092725	208.6787493283
0.8181324906	4.2889007234	208.2738580778
0.8868719251	4.6337213474	207.3377097843
1.3602008798	3.7604522349	207.4532985288
0.9441048803	3.2362666102	208.1963285081
0.0457333017	2.8460588987	207.9946692695
0.6048347102	2.0350864020	208.1670909170
-0.2837752381	1.6905707274	207.8643017001
-0.0329938317	2.2631517161	207.0837508065
-0.4824618666	2.6479694741	206.2775909100
-0.0482796601	3.2012015336	205.5666618700
0.6607968727	3.9004152920	205.4754994289
0.1389543732	4.0176497308	206.3204470557
0.4523981828	3.0930473877	206.5369268135
0.9648295212	2.6564175045	207.2763647544
1.3977323847	2.5202821722	206.3852630307
1.9658615169	3.0018462455	207.0525900364
2.4409572359	2.5179016686	206.3176875230
2.9785667169	2.1306832799	205.5686628469
2.6135669632	1.6402100366	204.7773277868
2.1669047091	2.0315303780	203.9727401774
2.6178556010	2.7439404412	203.4350458452
1.9494295314	3.1611579628	204.0507861550
2.1167219630	3.8344005793	204.7710344606
1.6417909484	4.3343964793	205.4952199558
1.0206549113	4.6552900211	206.2102146118
1.3128721104	3.7089701702	206.3483733910
1.7848879728	3.1920625332	205.6342252828
2.3307360347	2.7108822193	204.9482840325
1.8549371289	2.0401574573	205.5172688256
0.9785954571	1.5751515538	205.3915915245
0.1582962094	1.0479810622	205.6134031945
-0.6698209145	1.0046425860	205.0545259220
-1.2389633364	1.8068187451	205.2350537958
-1.0318830153	2.7789620906	205.3448493173
-1.8431902442	3.1703249157	205.7791484302
-2.1036787895	2.3888489110	205.2121907847
-1.5868952194	2.6958202585	204.4130016123
-1.5555317114	1.7146746304	204.2222934929
-1.1653425866	1.5834206757	203.3109621337
-0.7683666411	0.6666170760	203.3543356095
-0.4388753597	1.3114840678	204.0439601873
-0.6333083411	2.1953207775	204.4694346121
-0.8375444765	2.6453671860	203.6000981806
-0.2225156802	2.6091339847	202.8124264629
0.6511945158	2.1227452975	202.8049072594
-0.0957085338	1.4861558616	202.9969742392
0.5046394087	0.8991995092	203.5401727190
1.5045594498	0.9053925924	203.5291474310
1.0335879918	1.7623259526	203.7385539781
0.1293718401	2.1883822503	203.7680358720
0.3489681801	1.6743177937	204.5972012246
0.6998416254	0.7389840397	204.6423520164
1.5366835079	1.2757208926	204.5346059520
2.0183466963	1.0052532451	205.3681812783
1.1642841372	0.5334192486	205.5871557627
0.7351417718	0.6569695436	206.4819027408
-0.0272794570	1.1353504537	206.9176384114
0.8213328811	1.6052615817	207.1606211915
0.5202596915	0.9314934929	207.8354482042
1.3651464818	0.7195238742	207.3442912105
1.4958515749	1.4278971002	208.0379219130
1.7447685119	2.3926732896	207.9527910559
1.9070547191	1.8884528788	207.1046018292
1.4524348100	1.4515333800	206.3284432823
1.9367748869	0.5825098683	206.4295018100
2.5090853579	1.3754563426	206.2204644601
