-1.7239316941	4.2714370684	205.8299335291
-1.3492599095	3.7521896136	205.0618169139
-0.4478079534	4.1279279835	205.2767705094
-0.7368633548	4.3474380044	204.3449645609
-1.0014587356	3.6103394083	203.7231326350
-0.5631829384	3.2155748551	204.5306444139
0.2559571468	3.7871509042	204.4825784078
0.0483873500	3.2836241281	203.6439035214
0.0824122845	4.2824526734	203.6094965313
0.2782378073	4.8480448562	204.4105944325
1.1703228923	4.4188778498	204.5520153703
1.1118212064	3.8524828923	203.7299604423
0.8364206334	3.3201220714	202.9294940277
1.8265449219	3.4301347176	203.0163911570
1.6031134938	2.4624203256	203.1330412857
0.9580203039	2.7923603296	203.8222396389
1.3163951470	2.3088938489	204.6208807560
1.1522382364	3.2837830722	204.7713583658
0.3297205815	2.7193565267	204.7014485508
0.8059935422	2.6362931648	205.5768139287
0.4408219475	1.9837697604	206.2407890134
-0.1482871787	2.0941400573	205.4403086358
-0.6192347814	1.6021260464	206.1725180106
-1.4315076073	2.1789225192	206.2592283630
-1.4885708560	2.9967688828	206.8318286697
-1.4165257748	3.9932230229	206.8752873049
-0.8910779493	3.6061641601	206.1176000215
-0.7793694753	4.5947171670	206.2190109157
-0.4184734200	4.3932392622	207.1295935265
0.2547005983	3.7504923365	207.4952615872
-0.5396678425	3.2577443057	207.1400459364
-0.8105664568	3.7160568342	207.9865467143
-0.2023171147	4.4905245556	208.1604216299
0.1009720722	3.6789798036	208.6598320669
0.8286460882	4.2575275294	208.2913581118
0.8688943151	4.6203295404	207.3603614518
1.3520903377	3.7526985723	207.4775711225
0.9550056810	3.1849877877	208.1987009585
0.0478417205	2.8278347502	207.9762256644
0.6155541751	2.0184325987	208.1264612332
-0.2943139322	1.6799509658	207.8865233007
-0.0427096996	2.2568712691	207.1094401174
-0.4930659250	2.6581742327	206.3118592740
-0.0731257790	3.2029815704	205.5860251066
0.6459356771	3.8895188247	205.4782418940
0.1523472536	4.0005035997	206.3408268741
0.4779797314	3.0752415135	206.5353867913
0.9759959475	2.6511824492	207.2917952514
1.4056545831	2.4748496542	206.4061880008
1.9656057411	2.9484431678	207.0860143643
2.4457409020	2.4787844397	206.3451426437
2.9641455905	2.0836227964	205.5867866227
2.5817125410	1.6181881061	204.7885914638
2.1414853484	2.0314799843	203.9914780200
2.6160815456	2.7249759443	203.4494246987
1.9354506266	3.1408649489	204.0525647222
2.1087666862	3.7973538977	204.7867198853
1.6580339916	4.2941060251	205.5283918897
1.0262103941	4.6435943590	206.2202421958
1.3372302185	3.7042127798	206.3645644657
1.8047131847	3.1588171700	205.6688610052
2.3073447904	2.6950661729	204.9392744910
1.8533136605	2.0322279538	205.5346745484
0.9653961121	1.5886184889	205.4129655924
0.1480817381	1.0589838543	205.6398672622
-0.6627639333	1.0007092822	205.0575156747
-1.2363590450	1.7931406426	205.2649793751
-1.0187199481	2.7605347490	205.3945242181
-1.8505072147	3.1467565902	205.7932254001
-2.1421942388	2.3963280412	205.2001186029
-1.5705500443	2.6800359512	204.4302272231
-1.5647198671	1.7023146701	204.2204008531
-1.1693647068	1.5717143797	203.3112045809
-0.7726727751	0.6547254322	203.3532376821
-0.4433273039	1.2992373291	204.0432637508
-0.6295503452	2.1854050933	204.4675604305
-0.8730206329	2.5540883731	203.5704568366
-0.2199618348	2.6119366929	202.8153622874
0.6444671142	2.1094344633	202.7994217315
-0.0954820696	1.4601904777	202.9753690323
0.4980845212	0.8807432126	203.5338666324
1.4974838397	0.8814522782	203.5685148556
1.0240167247	1.7417184448	203.7576471201
0.1199835243	2.1689860089	203.7447474558
0.3798808135	1.6865891516	204.5812560757
0.7227740855	0.7500714572	204.6544599832
1.5547533166	1.2972201169	204.5625964801
1.9809876574	0.9540708926	205.3995988078
1.1163065235	0.5197194528	205.6519187704
0.7086144945	0.6882091795	206.5493586968
-0.0784109004	1.1211449427	206.9888557420
0.7862083858	1.5744892842	207.2054484428
0.5342602309	0.9129311527	207.9117507618
1.3667362071	0.6866009026	207.4060251772
1.5012068561	1.3992757364	208.0945106352
1.7322063741	2.3686800266	208.0114772393
1.8311429517	1.8613153330	207.1554441667
1.3911018374	1.4429443214	206.3608816994
1.8829504993	0.5736452074	206.4099117325
2.4419238257	1.3965752345	206.3082505760
