-0.3066424720	-2.1369731279	19.5620261473
-0.2812444522	-1.1947327869	19.8959993206
-0.2730736104	-1.1030991770	18.9002400530
-0.8047258116	-0.5273864721	18.2790308946
-1.1812408148	0.2757105950	17.8172175631
-0.8741881768	0.4901826001	18.7444286699
-0.9903093131	-0.2999873356	19.3462154714
-1.7065084451	-0.7902027781	18.8494784955
-1.2212881194	-1.5341661145	19.3089127015
-2.0478853198	-1.7458382069	19.8303836916
-1.3272938046	-2.4349365876	19.9071384301
-2.2663691103	-2.7465059066	20.0522664071
-2.9651929098	-2.2514463113	19.5359706639
-2.7788820518	-3.1608797561	19.1641924051
-1.8060092453	-3.3480937423	19.3000946708
-1.9441796387	-2.4006132860	19.0116683763
-0.9744011746	-2.5152402090	18.7962840710
-1.4653346777	-2.6204598454	17.9314643651
-0.6116088118	-2.3446410659	17.4897901110
-1.2950066849	-2.6488484535	16.8261447144
-0.7932420227	-1.8393033947	16.5214005240
-0.6784098222	-0.9233329917	16.1369375395
-1.3243624334	-1.4421499491	15.5769605856
-1.8684293948	-2.1869051730	15.9633940183
-2.3951339866	-2.8818979882	16.4528501039
-2.9098042246	-3.4830050768	17.0642295394
-2.7485710010	-4.1513196282	17.7904247666
-1.7553278798	-4.2670532268	17.7818319625
-1.8578394758	-3.4491548395	17.2156750932
-0.8983169098	-3.4253293919	17.4962972475
-1.2294416191	-3.5691470913	18.4288597903
-2.1932443512	-3.3688063565	18.2529396845
-3.1660471220	-3.1915804894	18.1037895553
-2.7738469804	-2.3207253363	18.4000839209
-2.4292269466	-2.6046116052	17.5052958909
-2.4072708315	-1.8919534313	16.8041281106
-1.5648796205	-1.7802473578	17.3312891872
-1.6271064400	-1.1603405498	16.5490850116
-2.5099169802	-1.1875544356	16.0801447654
-2.5318730117	-1.6932462690	15.2177100129
-3.0461835979	-2.1340721519	15.9533438633
-3.3333369635	-2.4611002403	16.8536746770
-3.3696262146	-1.4619417543	16.8345589736
-2.8847519299	-1.5206688094	17.7071688870
-2.5023220646	-0.8509007204	17.0706485770
-2.2515049794	-0.1695118756	16.3830440162
-1.3923879275	-0.0923208201	15.8771196818
-1.9906290386	-0.6610101011	15.3125844087
-2.3589559077	0.2668765656	15.3705641580
-3.0359866854	-0.4538118310	15.5196867955
-3.6124109556	-1.2000718054	15.8525998645
-4.3471833795	-1.4148022471	16.4960284327
-4.2674776909	-0.4824048025	16.8485649676
-3.3130600173	-0.3744426739	16.5703005555
-3.3969085855	-0.5500478636	17.5511839507
-4.0679574108	-1.2873781811	17.6288851546
-3.7110841457	-2.1907285787	17.8667917155
-3.5449584046	-1.5538207547	18.6196201567
-2.6475058593	-1.3266754299	18.9977523164
-2.5344953857	-0.7033956039	18.2239623634
-1.6700307751	-0.8038747282	17.7314129928
-1.9418101654	-1.6050545301	18.2645610848
-0.9427248476	-1.6305958524	18.2302657689
-0.0478850220	-1.4157444574	17.8389850965
-0.7286137930	-1.0163347420	17.2249165176
-1.2779029136	-0.2365181914	16.9246372986
-1.6626690423	0.6851159938	16.8741847979
-2.2756220137	1.0005621463	16.1497661485
-2.8217651411	0.6052849355	16.8883347715
-2.2510976526	0.0777365000	17.5176449222
-2.2929219606	0.9759628755	17.9551836127
-2.1767197161	1.5600704384	17.1518683611
-3.1422886728	1.4997428783	17.4049240377
-3.3235106181	1.2757030903	18.3625068174
-2.6301946549	0.8982608266	18.9763881680
-1.9656289951	0.2328314560	18.6364525320
-2.6507435852	-0.2500568795	19.1818302487
-3.4924735795	-0.5008152148	18.7036975537
-3.0585156063	0.2501457518	18.2059645890
-3.7049697637	0.5156326918	17.4906928175
-4.2233701868	0.2824034396	18.3134109449
-4.5301083026	-0.6689305576	18.3429973283
-4.3647841852	-0.2808187841	19.2496599929
-3.5454157227	-0.4449545388	19.7989274838
-2.9909148005	-1.2497919500	20.0105060006
-2.3468238816	-1.1851885005	20.7727220346
-2.7770603636	-2.0851021841	20.7016450923
-1.7899187093	-2.1394643741	20.8519651064
-1.2250668318	-1.4202571989	20.4473870599
-0.9359905504	-0.4642797451	20.3969686952
-1.6421291585	0.1350000834	20.7741052133
-2.4210339313	0.7570263467	20.8540469590
-1.6956800416	1.1737430086	20.3061336825
-0.9468955259	0.6744107247	19.8702563841
-1.6142546006	1.0947576824	19.2554878907
-1.9313097471	0.2706170146	19.7248152751
-1.8766551820	-0.7112722521	19.9062163400
-2.6545489469	-0.2679467166	20.3515743533
-2.9634447185	0.5866101775	19.9340627761
-3.5981586162	0.5007488056	19.1661004770
