0.9820915808	0.2262198348	27.6013439261
1.5141927501	-0.5060932143	28.0262979750
2.2815567471	-0.9893574299	28.4477338469
2.5531816555	-0.1819244532	27.9240241016
1.9519432169	0.6106832083	27.8226069681
1.2855746556	1.2948095385	27.5260869775
1.8471884026	1.9890416951	27.0759406548
2.8161186358	2.1395860280	27.2721818510
3.7246753207	1.8472412624	27.5706098795
4.0487003218	1.2845335364	28.3311148524
4.8671848759	0.7273060412	28.4710453821
4.6531283427	1.3121630424	29.2534276982
4.1433522632	2.1297334135	28.9856460015
3.5773154692	2.6456297485	28.3426426428
2.5913533894	2.5304777247	28.2217344606
2.1778992573	1.6418026664	28.0234611102
3.0865897663	1.6770727133	28.4394389734
3.4220859723	1.3657065529	29.3285359366
3.9114845888	0.5200579669	29.1155395440
4.1665728557	-0.2170020529	28.4897021025
3.6091508085	-0.1817127104	27.6602231554
3.8500461195	0.7622171109	27.4344667790
2.9021781308	1.0771668445	27.4829739065
3.1795530731	0.5924771638	28.3125153792
2.3811957704	0.9525375806	28.7951975869
2.8802554062	0.4503944554	29.5014494978
3.5826831731	-0.1866605690	29.8188705558
4.5700069130	-0.1493056295	29.6646096044
4.2823121747	0.7071130095	30.0933039619
3.3448176424	0.9467957014	30.3456057834
2.8530452131	0.0970573033	30.5356177112
2.0258796826	-0.0745432683	30.0005005007
2.1345997505	-0.0564426355	29.0065929024
1.2969573821	0.3642322233	28.6581852017
1.3335818504	1.3626003371	28.6143701630
0.4433002964	0.9998368320	28.3390496334
0.5787116275	0.8405895446	29.3169576418
0.3586767477	1.1132595754	30.2535662612
0.3383027412	1.9328029810	30.8262210493
1.1801138836	2.3206832173	31.2015914301
1.1797791712	2.5424883285	30.2265004700
0.9885926517	2.7199135225	29.2611155647
0.4999859293	2.0833390821	28.6644276626
0.5025681360	1.9899697755	27.6687994665
1.3548737982	2.3218849551	28.0730362433
1.8640856624	3.0291620079	27.5826665380
2.5995870064	3.5981574234	27.9504735393
2.8994365900	3.3224747835	28.8637584397
1.9154384730	3.1758305519	28.7625498671
1.8855261411	2.1992512075	28.9756180172
2.0874684397	2.7806214257	29.7637981854
2.9275188913	3.1602416311	30.1513594559
3.7594604447	2.8208222051	29.7124201607
4.7016606150	2.5380039956	29.8920662005
4.0755688149	1.7810622598	30.0792780230
3.1168803460	2.0377941798	30.2017734953
2.8887619974	2.2966468518	29.2631802324
2.3441341140	1.5585841334	29.6614814907
1.6593332178	0.8328323340	29.5956631182
1.1625677360	1.7006350140	29.5837230698
1.3324097514	1.4815026932	30.5445220685
2.1261558457	2.0892814892	30.5684401145
2.0196036072	3.0006650249	30.9659658008
2.1570262507	2.3608060301	31.7220712721
1.9762752565	1.4342429398	31.3922077885
2.2994758229	1.0029140101	30.5498914891
1.9577189046	0.2948115930	31.1677856352
1.1230784658	0.8132062744	31.3539100352
1.1778823010	0.4257534760	30.4336509040
1.0237373999	-0.0850683709	29.5878965719
1.4065522875	-0.8650076086	29.0927728022
1.9558124295	-1.6699870964	29.3170969442
2.7425552935	-1.9234289504	29.8799494048
1.8929219791	-2.1730179611	30.3445229262
1.8146303734	-1.6002700473	31.1605071489
2.7687978034	-1.8008415090	30.9383909532
3.4347959240	-1.1663061501	31.3305788949
2.6430669245	-1.3202319787	31.9217404893
1.7700755095	-0.8325124096	31.9256915830
1.0547717418	-0.1842821566	31.6646589051
1.3196295772	-0.5736690881	30.7824865044
1.9616077867	-1.1159971203	30.2405046929
2.3939084148	-0.6932165726	31.0369799124
2.7788001460	-0.2238173967	31.8316639811
1.9579403836	0.1829735408	32.2325509772
2.5576978714	0.9739051443	32.1112325761
3.4200315283	1.4778088774	32.0616171343
2.9978258305	1.6257847641	31.1672763235
3.0105504182	2.6253461397	31.1405341972
3.9135870460	2.2023644608	31.0656252651
4.0520368725	1.2122263363	31.0870294708
3.2926680324	0.6259257301	31.3691829111
3.8884514524	0.0170376820	30.8454487597
4.1438522044	-0.8545450996	30.4269826192
3.1568726372	-0.9752682851	30.3206941136
2.6389104627	-0.8674734984	29.4721097220
3.1460886261	-0.3317417366	28.7970084036
3.5366104090	-1.0941952076	28.2811039147
3.0033242301	-1.6830457657	28.8884430882
3.6938125382	-1.1439101108	29.3706864313
