1.7253478630	5.1162916313	-90.2843986025
2.2403619994	4.8920953755	-91.1117416258
2.0044394737	4.0323255435	-91.5646614840
1.8424629645	3.0752420499	-91.8049837607
0.8782333296	2.8104760104	-91.7923285049
1.0084250321	3.7840566711	-91.9799206626
1.1354274063	3.5600968008	-91.0136327275
0.2485914278	3.4718330784	-90.5600564246
-0.5786404953	2.9506863179	-90.7700407083
0.2407156688	2.4747951899	-91.0897016389
-0.1668322333	2.4205650236	-92.0012737954
-0.0176611210	3.3586591458	-91.6886599806
0.3353493750	3.2310288551	-92.6155332722
1.2503886530	2.8573564127	-92.7674280564
2.2116140053	3.1215543913	-92.8464549517
2.7662380026	2.5056299156	-92.2869647715
2.8557157115	3.4386888874	-91.9385473571
3.7907935033	3.1589563941	-92.1562151208
3.5646146490	2.3537385255	-91.6080661355
3.2910880354	3.0882217872	-90.9870045202
2.8978993827	4.0074079166	-90.9646540637
3.3328257787	3.7254873571	-90.1094582801
3.2502337891	3.1799911544	-89.2754244342
2.4034276089	3.4282680984	-89.7458262329
1.8953034462	2.6129514310	-90.0234384932
2.1643351683	3.1888740134	-90.7954068291
2.4948617981	2.3756524713	-91.2743879044
1.5104015778	2.3341348671	-91.1037585894
1.6746030342	2.0363560183	-92.0441657560
0.7426259017	1.9633252854	-92.3992504453
0.6685543885	1.6004752505	-91.4703514932
0.8135625792	0.7734975357	-90.9271383823
1.0264460004	1.6369554083	-90.4698407206
0.8477332290	2.6016269486	-90.2762675699
1.2060668100	3.4679648087	-89.9283368917
1.8663118434	4.0757961781	-90.3694916516
2.6665191498	4.6131494081	-90.1031839856
1.9874192758	4.4905649033	-89.3794461876
1.1223599496	4.4519010786	-88.8792687483
0.3925094184	4.1240013679	-89.4791020433
0.8557746569	4.4466091477	-90.3045168113
1.1957370887	4.6807485543	-91.2153429655
0.2562131510	4.3383485972	-91.2228954361
-0.2168762165	4.4251783390	-90.3461702532
-0.6129761216	3.6376399444	-89.8740599460
-0.5308153250	3.2421684313	-88.9592638562
0.2833561584	3.0037530618	-89.4886813731
0.7025336700	3.4278036945	-88.6858916904
1.6468978253	3.5315005576	-88.9980187523
1.5991528994	3.6148830726	-88.0026455669
2.5123939672	3.6444117349	-88.4089937061
2.2978047579	2.8005331779	-88.9007461360
2.4323664892	1.9752251948	-89.4491619212
1.5008615168	1.6272911833	-89.5551827213
1.2175527902	2.5277547310	-89.2251803506
1.3369637729	2.5618807441	-88.2329221017
2.0760979269	1.9169844027	-88.4273170890
3.0300190919	1.7300248494	-88.6620095186
3.0440902171	2.6178637038	-88.2020702052
2.2321295883	2.7458271600	-87.6325569997
2.6401253608	1.8403319247	-87.5158615482
2.5585202869	1.0035390033	-88.0572654812
2.1982481828	1.0248234592	-88.9898698898
1.3213357925	0.5498924604	-89.0637969227
1.4938457188	0.8023447894	-88.1116897088
0.5862688525	0.9691561787	-87.7263610282
0.5370049291	1.9542310423	-87.5614350480
1.5199984225	1.7746283516	-87.5231379788
1.2746448308	2.6851587850	-87.1903678707
0.4888239640	3.0318419406	-87.7025166332
0.2597303739	2.4808755206	-88.5049829135
-0.1592840440	1.6050642455	-88.2654384959
-0.5445482458	2.0756409041	-89.0592452125
-0.3946944777	1.2236213440	-89.5608491572
-0.1477061345	1.2145723894	-90.5298253565
-0.5726625387	1.8104235641	-91.2112748646
-1.1366285058	1.8567821813	-90.3867790996
-0.9923784698	2.6456071094	-89.7893285494
-0.1507296720	2.2183989587	-90.1196624671
0.4585722790	1.8757550958	-89.4045776359
1.0170103497	1.6526684177	-88.6055912435
0.3805365723	0.9136160163	-88.8262780773
0.6537904927	0.8907705038	-89.7879486953
1.0923737040	0.0530159484	-90.1132363706
1.6099262586	0.0832750916	-90.9683525835
1.1873078825	0.2677220080	-91.8556930161
2.1504984871	0.5353907666	-91.8805384367
1.7021583968	1.2448148694	-91.3367474789
2.1303720705	1.6675038278	-90.5380190556
1.8005009532	0.8192041776	-90.1238056452
2.5520523282	0.7174306853	-90.7755822073
2.8697676822	1.1272159180	-89.9205190418
3.5217432129	1.8405275411	-89.6633917667
2.9666011275	2.5101127575	-90.1568215012
3.2201157255	1.7294792370	-90.7280847113
2.8049068506	1.4262986296	-91.5858044263
2.5086196787	1.4310867170	-92.5408913260
2.4954166003	2.1109091678	-93.2741492030
1.5415611770	1.8635077214	-93.1039952853
1.4244912750	1.0964636725	-92.4731719620
