4.0737057347	2.1444945708	153.8150188186
3.2502886382	2.5866968194	154.1706048932
2.3782468496	2.3488170544	154.5983388484
2.9801159376	2.3562779976	155.3968987619
3.8607558893	2.1697532100	154.9613740449
3.6314958988	1.2680300587	155.3278917324
3.5381200492	0.4856023158	154.7121906867
2.6016800599	0.5747920554	154.3728894388
2.3129029606	1.4433320488	153.9700916400
3.2391473231	1.5307452875	154.3367390273
2.5612265553	1.4028346005	155.0606604931
1.7439780525	1.5351316474	155.6215547578
1.5355685989	1.6555635235	154.6509561472
0.7269826788	1.2100558824	155.0352890128
0.5788783131	0.9306639629	154.0866029466
0.6296451134	1.9291774888	154.1064390392
1.3714298853	1.5783182042	153.5349032883
1.5973987841	0.6632265119	153.8688871973
1.8929658174	-0.1997447852	154.2786684431
0.9680777599	-0.0486449980	154.6275967100
0.9995506206	0.3365543444	155.5498932597
1.7451121205	0.6711520256	154.9735405537
1.8853892318	-0.2447935234	155.3495273662
1.7551512268	-1.0868453423	154.8260898854
2.4495577201	-1.5940947925	155.3364795575
1.7282103975	-1.1882989119	155.8977172464
0.9066221733	-0.8251508523	155.4582672756
1.0599840962	-0.3839722643	156.3424853336
2.0342033030	-0.3068845976	156.5545099280
1.9353181032	0.5697666706	156.0836550976
2.7204887429	0.4285289955	155.4806965704
3.5606715541	-0.1068545028	155.5670525414
2.7749197302	-0.6665981116	155.8302656940
3.3272167217	-0.3336750649	156.5945498546
3.7266112961	-1.1430532650	156.1639794154
3.4638784755	-1.1800366034	155.1998198344
2.8530841374	-0.5093797792	154.7789282799
3.0147750634	-0.2376961679	153.8302217606
3.8915535918	-0.2784017596	153.3510532444
3.9526449494	-0.4010855687	154.3416169874
4.5527521330	0.3475886479	154.0599109603
4.2908826982	1.2325114693	154.4450550882
4.4137032173	1.2079800849	153.4529294252
4.7020055828	0.3474986791	153.0328657440
4.6888910094	-0.6124080871	152.7528532298
4.8402139461	-0.6489535239	153.7406618145
5.1209155331	-0.3652858620	154.6575801732
4.5136856632	0.2747426963	155.1283617889
4.2203384855	0.6567526553	156.0047269094
4.4016443243	-0.2993321159	156.2350095684
4.4359537941	-0.7831480574	155.3605125730
4.4410908561	-1.3411429010	154.5306840575
3.5409266932	-1.3264905955	154.0953798079
4.0856038393	-1.3407056823	153.2568544726
4.2288808984	-1.6115032641	152.3049404250
3.6870868951	-0.7717972147	152.2681571601
3.0669359107	-0.1270203205	152.7150078212
3.0584542785	-1.0390353267	153.1250769499
3.2736466801	-2.0004854492	152.9538873116
3.1953412801	-1.8075122638	151.9758128697
3.3757807348	-1.2384659318	151.1735486518
3.9871342559	-0.4639239390	151.3358187152
4.2247403181	0.1429180956	152.0942948877
3.3174509504	0.2891718574	151.7000413646
2.7838526500	-0.3255690606	151.1192088092
2.3099473404	0.5446110756	150.9843003656
2.7053118688	1.3973335462	151.3256964373
2.7369603672	0.9509810899	152.2199938472
2.1882421258	1.5110660589	152.8406492418
1.7488543785	0.6153228612	152.7729548453
2.5950063312	0.6129801270	153.3058914125
3.5076339169	0.6746751104	153.7100010745
3.2044308764	1.5108656524	153.2529963768
3.6893866096	0.8331047368	152.7003137572
4.5677074932	1.1846266567	152.3763002308
4.0409457590	1.9625578734	152.7188569378
3.6945777262	1.5437432258	151.8794384028
2.9439813979	2.0575071441	152.2949522872
3.2226578823	2.5977077373	153.0890069050
2.3373587980	2.3814275903	153.5006723389
1.5722239795	2.4376525996	152.8592618167
1.6485502210	1.9421042477	151.9940415351
1.7344735000	0.9681392221	151.7842575532
1.1340600369	0.5535928272	151.1004045282
1.6003606443	-0.3065983271	151.3068867831
2.2342869245	0.0236570303	152.0062213741
2.6112819931	-0.8970661981	152.1069360951
2.0513929753	-1.7254515731	152.1243130400
2.1307106284	-1.6334855163	153.1169111229
2.6679140467	-2.0103836738	153.8714707735
2.3802406173	-1.0576989619	153.9696330765
2.1558065468	-0.4208352628	153.2320464871
1.5690531080	-0.6983780103	152.4713294403
1.0328329658	0.0806453252	152.1463823648
0.6982290765	1.0189060149	152.0585921866
0.6981505153	1.7526429940	152.7380258033
0.7051759380	0.8124077451	153.0784789135
1.0713670809	-0.0927990042	153.2941286013
1.3302229706	-0.9568045158	153.7259712860
1.6124822889	-1.8584274613	154.0536994376
