-2.2870681798	2.5016746590	-153.0411456293
-1.3239907946	2.2600518986	-152.9224005586
-1.4217916496	2.9978472995	-153.5903024519
-2.3512369034	3.3449810213	-153.7153212479
-3.1529877257	3.2360223054	-153.1276788250
-3.8606667260	3.0431521715	-153.8073784234
-4.1436690325	2.0877296688	-153.7232503319
-3.4648187749	1.8757787589	-153.0202288959
-2.6384614820	1.6343015969	-152.5114829822
-1.7838408363	1.2704681069	-152.8819539574
-1.3071723403	1.5677064665	-153.7092607340
-0.5196860074	2.1757045403	-153.6082477759
-1.0526352763	2.3734698729	-154.4309591165
-1.9849254243	2.2587851494	-154.0879102946
-1.8840972871	3.0812086682	-154.6477792457
-2.3623723680	3.1699740702	-155.5214918131
-1.4431894192	2.8042513975	-155.6676069500
-1.8588247238	2.0669849700	-155.1349855945
-2.4128710229	2.2029262299	-155.9562971507
-3.0728447602	2.7530072552	-156.4680055948
-3.4615607976	2.8025321392	-155.5479799821
-3.8756138978	2.3953912376	-154.7338569469
-4.4399802596	1.9726150644	-155.4429062519
-4.0085828745	2.2399819917	-156.3045391333
-4.0878037708	1.2438801512	-156.3433356918
-4.2615648251	0.7626163776	-155.4841545257
-4.2651981573	1.2462047838	-154.6088665432
-3.3966378957	1.4926320321	-154.1788936566
-4.0031918563	1.0476613358	-153.5200360298
-3.2362288964	0.4853549537	-153.8291951327
-2.6957327240	0.6715349018	-153.0087069155
-2.4248956312	-0.1744401684	-153.4680253778
-2.2121817305	-1.0555278378	-153.8904437903
-2.8592366667	-1.3727009562	-154.5837843434
-2.8396851228	-0.7941390750	-155.3991884682
-2.7195309131	-1.1044059288	-156.3422141547
-3.6071131349	-1.2584280872	-156.7763512000
-3.7576192709	-1.2944774584	-155.7883996092
-3.7457584613	-0.3006481078	-155.6781156888
-3.9799421422	0.0294825666	-154.7636914210
-3.8025259706	-0.9532348141	-154.7108704806
-3.5179651163	-0.5787286658	-153.8283908689
-2.8758041900	-0.2463329444	-154.5191458394
-2.3008382205	0.2699590283	-155.1538557990
-1.8182333367	-0.1954902950	-154.4119329907
-1.0909258593	-0.4196432900	-153.7632579810
-1.3980500254	0.3269093905	-153.1730598433
-2.0150423668	0.7339774520	-153.8465700837
-2.5533732689	1.5431865018	-153.6112393514
-3.0170219094	2.3971577179	-153.8473814702
-3.0268736915	3.1137351064	-154.5448194880
-2.8562888335	2.2036859540	-154.9225910412
-3.4826281517	1.5522923377	-155.3508262744
-3.2208143925	0.7215537813	-154.8595758226
-2.4211960692	1.2775549150	-154.6326985949
-1.4460148735	1.1494738771	-154.8133000439
-0.9519416733	0.5935266703	-154.1448582917
-0.3781818817	1.0574151412	-153.4698714859
-0.3589314981	1.4093656981	-154.4056921034
-0.4756112084	0.9375946380	-155.2796588717
-1.1130364351	0.1714189773	-155.1980259285
-0.9946788101	-0.7585349997	-154.8499209539
-1.8305835310	-1.3052249686	-154.8988430898
-1.8047203053	-0.5777082595	-155.5844454027
-1.7836777243	-0.6069391045	-156.5837965760
-0.9225833275	-0.3745219248	-156.1315812573
-1.0403705761	0.0897388929	-157.0094127088
-0.7776051394	0.7037877877	-156.2651692808
-1.7067426635	0.4094711054	-156.0413810958
-2.5899857759	-0.0327683235	-156.1972845656
-3.3019447716	0.6028731092	-155.8988312905
-2.4966430549	1.1628956233	-155.7042447319
-3.1001625964	1.5712893168	-156.3890649668
-3.0633938039	0.7049511091	-156.8871675324
-3.4915301071	-0.1855504900	-156.7331993285
-2.6790723912	-0.4501110137	-157.2527377670
-2.0698778395	0.3277300907	-157.0983188094
-2.0685484571	1.2130986153	-156.6334308569
-1.4354757705	1.4388566891	-155.8929902681
-0.7916504274	1.9664766647	-155.3388187342
-0.5231937757	1.7659905372	-156.2810163456
-1.0903511154	1.4418048244	-157.0381399654
-1.5479928604	2.2100720885	-156.5905581917
-2.4182933785	2.1036212387	-157.0714378281
-2.5793584522	1.2790768834	-157.6138257412
-3.5013635304	1.5725571060	-157.3612866456
-4.0446922967	0.7341077721	-157.3189007248
-4.9707343781	1.0017467167	-157.0527889839
-5.0605195814	1.6774388233	-156.3210931492
-5.1882565260	0.7219775338	-156.0550536836
-4.3681607404	0.2455717086	-156.3720401063
-4.4527883366	-0.7508287762	-156.3769639296
-4.3769305380	-0.3735886620	-157.2999674457
-5.2560231137	-0.1132662249	-156.9006824948
-5.3410589196	-0.3257398431	-155.9272227508
-4.6951750306	-0.7233539506	-155.2755042353
-4.7323645998	-0.5474938708	-154.2917917935
-4.7220359277	0.4325719437	-154.0933873638
-5.0800783691	0.2701567405	-155.0128583595
-5.2087624634	1.2548908502	-155.1300724245
