0.8702498542	3.8297836775	155.6605765985
1.4441166516	4.4280291834	155.1013099238
1.6011311746	5.3570025022	154.7661159314
0.8938310833	5.3547064072	155.4730256207
0.1578191372	4.7353017432	155.7462000654
0.4040945608	4.6693943205	154.7792436924
1.1466989350	4.6446976539	154.1099688475
2.0443622379	4.9974522996	153.8458386624
2.4447262967	4.6116683667	154.6770302033
2.3316486929	3.9844016520	155.4475819045
3.0333133453	3.6667835684	154.8097845474
2.3962020690	2.9353919328	154.5665655163
2.1992818113	3.0030853172	153.5884857559
3.1581074995	2.8867867928	153.8475763827
2.9713107347	2.0486472988	153.3351028152
2.2529551818	2.0356712301	154.0306579325
3.0618095844	2.0900978590	154.6161426012
3.0418338584	1.9917644085	155.6110956167
2.2455428447	2.2485953934	156.1587802582
2.5879390073	2.9946344411	155.5876492687
1.8162810747	3.3313588388	156.1272423701
0.9287447465	3.1488298632	156.5502818945
0.7923638493	2.1582261832	156.5400544726
1.3720270794	1.5759016291	155.9700644259
2.2718182185	1.2176105672	155.7210595646
2.1747794011	1.0111162868	154.7474356228
1.8078830216	0.5199812692	153.9573891424
2.0451648797	1.2573564232	153.3249532152
1.6951858551	0.5288341764	152.7360813970
0.9903639160	1.0357517964	153.2323278685
1.4397663032	1.5388328304	152.4941226344
2.0984890922	2.2471459587	152.7478484697
1.3770941972	2.1752601512	153.4366313354
1.4123680727	2.5149864318	154.3764939892
1.9214208216	2.0762949938	155.1170445419
1.2294698777	2.5638797970	155.6494588082
1.5684204694	3.3057582802	155.0709012807
0.8873792091	3.6913199217	154.4483862027
1.8470372640	3.8510928535	154.2170227917
2.7687289416	3.8982167259	153.8319724155
2.0191686270	4.0680360420	153.1921906288
1.7013215164	3.3645636482	152.5565021788
1.1643250590	3.2827386552	153.3961089172
0.5924470354	3.5452439727	152.6189046427
0.9548623586	4.3150298647	153.1443423783
0.1927108336	4.7377935450	153.6346442483
-0.3156247156	5.3022351479	152.9842592497
0.4569053918	4.9491243710	152.4565187714
1.1819203350	4.3369639335	152.1409036088
1.6693956082	5.0115607590	152.6952383282
1.0099887577	5.3632349670	153.3596989041
0.5959753413	5.5838670167	154.2428265221
-0.0270288800	5.7082863909	155.0150865558
-0.4670602823	5.3258071631	154.2026322462
-0.6617641130	4.8085305701	155.0360081185
-0.4782279618	4.2016977447	154.2626592947
-0.3763979720	3.2209533168	154.4293056875
-0.0812217087	3.7983604886	155.1905362253
0.0549196591	3.0576878540	155.8484644709
0.4596920809	2.8721602456	154.9530657926
0.4760138809	2.7346065383	153.9627059709
0.1995582988	3.6289404405	153.6109401645
-0.7797462998	3.5062464372	153.4499784156
-1.4411290042	3.3528331347	154.1841699962
-1.0467124002	2.4361291300	154.1202222821
-0.2031299915	2.1733631019	154.5885413338
-0.8854313611	1.4428037850	154.5611931079
-0.0311483594	1.1232644366	154.9711872027
0.4829136473	0.9762403884	155.8162458885
1.1962714052	0.8053042386	155.1366125006
0.7193469650	0.6911676551	154.2651103958
-0.1648911116	0.9655664640	153.8871840570
0.4895422235	1.7183226190	153.9584243610
1.4052160655	1.4626884865	154.2685736886
0.8108739111	1.8213977801	154.9883549374
0.0560280000	2.0066491824	155.6175524967
-0.9347467653	1.9140527436	155.5186016809
-0.9567773793	2.8818315499	155.2677654114
-1.1370623866	3.8551475604	155.1258032344
-1.5116788387	4.3910146466	154.3691600029
-1.0989462510	4.5281677152	153.4686929869
-1.3795918169	4.1066414531	152.6063974015
-1.7785238932	3.3128100432	153.0654016402
-1.1521680234	2.5562858942	152.8773869165
-1.7414330234	1.9487622140	153.4100047323
-1.1751028609	1.1305937149	153.5093548913
-0.5240296236	1.8848552984	153.4245427266
-0.1006914809	2.7239375889	153.0828912568
0.4244581758	1.8983613158	152.8763926966
1.0459709442	2.5832235762	152.4960171412
0.7205460076	1.9916560529	151.7583542940
0.5133170335	1.0977628037	152.1558602831
-0.2485464792	1.0424687176	152.8012334713
-1.1531737108	1.3633918901	152.5207733329
-0.4556430794	2.0436232827	152.2955262003
0.1196212850	2.8080857405	152.0045484321
-0.6218709950	3.3876794947	152.3425725122
-0.2476019971	4.1892432667	152.8088537971
-0.6248217065	4.6901736728	152.0298967899
0.0970495005	4.0400632513	151.7927082564
