2.2489165989	0.4758275089	-228.1718707577
1.7469794258	-0.0501599692	-228.8584537805
1.0543697114	-0.2597652973	-229.5486402697
0.8598485325	0.6518092182	-229.1864339558
1.8101867646	0.9545000613	-229.1140772135
2.6486209441	1.3771087658	-228.7699405986
3.3377613977	0.7479483218	-228.4104373707
2.7420813305	0.3332539471	-229.0983282292
3.3716250935	0.9749684387	-229.5363660835
3.1875785625	0.1624952002	-230.0895515056
2.2574255261	-0.1913369974	-229.9914795685
1.4637166743	-0.3826430635	-230.5689120300
1.9972033098	0.3557538966	-230.9814189259
2.8626246832	0.8561258845	-230.9554628085
3.0630686745	1.6508046039	-230.3824811864
2.5492497256	2.4175359807	-230.7673358128
2.5058915050	1.7392399628	-231.5008442156
2.0191216112	1.5061671805	-230.6589819058
2.3926242594	0.8478557187	-230.0054363519
1.4277500080	0.6033908118	-230.1016371221
1.2990959379	1.5614996989	-229.8457553312
2.2439426849	1.8238193497	-229.6496609014
3.1624341025	2.0859823834	-229.3536135072
2.4660281767	2.5667169057	-228.8207785371
2.5104446624	2.8317726535	-229.7839880815
1.8722032111	3.5516200493	-230.0568755609
1.7044305655	3.3390427044	-231.0195090384
0.7795516850	2.9977097132	-230.8519058002
1.5228989323	2.4686436653	-230.4426088582
1.5035334260	2.3248766631	-231.4320309250
0.6777002042	2.6283184324	-231.9073440664
0.6111556981	1.6317777733	-231.8575590949
0.1739879734	2.1430617979	-231.1176448927
0.9584363109	1.6034597982	-230.8119154573
1.5251787320	1.1952804210	-231.5275917976
0.9261829397	0.5384194723	-231.0696204723
0.0564356080	1.0318268869	-231.0790386601
0.4213324875	0.9312424707	-230.1534399120
-0.2215610922	1.6936730781	-230.2268389175
0.5236084676	2.3088083230	-229.9692909462
0.9063746155	3.2178733048	-229.8046977054
1.5181042774	2.5453483074	-229.3881680561
1.6817779616	1.8841432933	-228.6560349709
0.7457243025	1.6932368500	-228.9515993077
0.2626430509	1.0155758885	-228.3971553290
-0.1494194975	1.1348463698	-229.3004708932
-0.2502312104	2.1250967277	-229.2043395913
-1.0390560305	2.2571030449	-228.6040648747
-1.1658138326	3.0919192397	-229.1398021055
-1.6064164953	3.9874134291	-229.0768779402
-1.3893035194	3.5939717499	-228.1835327657
-0.8683790344	4.3399008556	-227.7685298138
-0.1117641369	3.6965750357	-227.6516290595
0.1363400545	4.5035484312	-228.1875751848
0.9242863386	4.3596420111	-227.5888836150
0.7574332592	3.6025034244	-228.2204698802
0.6016807786	2.8538765325	-227.5760329620
1.4549576299	3.3216164523	-227.3455161894
1.5399476414	2.8455370251	-228.2208019010
0.7050135444	2.7308398421	-228.7590672723
-0.2235639553	2.9837790195	-228.4874690406
-0.0858305531	2.0574646757	-228.1367964777
-0.0849828328	1.3306368405	-227.4499773026
0.7049792304	0.7209783328	-227.3845827870
1.3023934170	0.9561524191	-228.1512570587
0.9136936959	1.8446067419	-227.9072049270
1.5963486940	2.2519140300	-227.3005065451
2.4502906387	2.4432404596	-227.7844252907
2.1887770666	1.4780418598	-227.7829039338
1.5956986081	1.1301935251	-227.0567775824
1.5526309055	1.7798275048	-226.2977513210
0.8863056990	1.0360214161	-226.2451849665
0.0295867059	1.5071567419	-226.0352705279
-0.1985416322	2.4783512631	-225.9664325781
-0.2535779181	3.2684902359	-226.5768843869
0.6206229569	3.7020495877	-226.7955144823
0.8357470714	2.7710942540	-226.5004826501
0.6642943239	1.8621085358	-226.8804154330
-0.1857833056	2.3389152970	-227.1040744061
-0.8603147302	2.8818677552	-227.6042843475
-1.3152017087	3.5252945006	-226.9885897316
-1.1667829711	2.6111969667	-226.6112336971
-0.8627775850	1.6585289130	-226.6133084417
-1.0518630471	1.7989105969	-227.5851827499
-0.8178346621	1.2009974534	-228.3518186399
-0.9882927356	0.5170983531	-229.0612029263
-0.7933332510	0.6342878037	-230.0349880320
-1.2438864328	1.4057741532	-230.4842214266
-1.1520763048	1.5324531874	-229.4965355845
-1.0087193954	2.4011455036	-229.9706900493
-0.3407776611	2.8726475464	-230.5464848592
-0.1545942144	3.1263816002	-229.5972984949
0.1046940212	3.8127381816	-230.2767720074
-0.7845652704	3.9387603495	-229.8370717396
-0.4810390498	3.9150699604	-228.8845432104
0.4668885376	3.9744453509	-229.1974455148
1.1427427692	4.5061424246	-228.6870346221
1.7982146950	3.9734516299	-228.1516870044
1.5016482010	3.5330504372	-228.9990919277
2.4883852999	3.6953502822	-229.0020343759
