3.2620905569	3.1550835137	-29.2414368195
3.9738151029	2.7574513815	-29.8205195926
4.4845216824	3.0264989574	-30.6370930379
3.7061056725	2.4407726439	-30.8629097807
3.3630215407	3.3310722442	-30.5634771503
2.6085749893	3.9866909834	-30.5946936520
2.4662711653	3.2364869105	-29.9489820517
2.9794774339	2.3860957658	-30.0649744090
3.3203703479	1.9609712422	-29.2264869848
2.5972979774	1.5618893570	-28.6626607742
2.7583234687	2.5107386400	-28.3910805296
2.3411518573	2.3820121014	-29.2907456478
1.8470901768	3.2090122729	-29.0224663674
1.3907584260	2.3485392592	-28.7958664427
1.6685355560	1.5517473372	-29.3324878168
2.5540243506	1.3353728319	-29.7436953898
2.2613747238	1.7713050901	-30.5947648712
1.2975051948	1.6849823375	-30.3427650431
0.8396681766	1.0174387219	-29.7555931891
1.7211023939	0.7588448298	-30.1508183396
1.6425003529	1.0092670996	-31.1157589626
1.5100704996	1.1115951191	-32.1016551592
0.7333900891	1.0535842599	-32.7288730481
0.4731273593	0.8919109629	-31.7769670356
0.6075136689	0.8945273094	-30.7860414711
0.9831516088	0.0987784983	-31.2610993283
1.0954879227	-0.0757504578	-30.2828763496
1.9592183957	-0.0946581794	-30.7864755633
1.8830447937	0.1699200343	-31.7478266704
2.0396836290	-0.8096549505	-31.6217428711
1.2968597256	-0.9586251658	-30.9690403941
1.0116799866	-0.7887513302	-31.9123406625
1.0453155058	0.0800798031	-32.4063053511
1.8427609752	-0.4657337804	-32.6635372609
1.8461426714	0.4892924640	-32.9600392620
1.6734310404	1.4641263494	-33.1009987893
2.6044706235	1.2567027119	-32.8007643321
3.3441366676	1.7519837940	-32.3451430058
3.5678136264	0.7786619007	-32.3962615954
3.7479008746	-0.0790781561	-32.8777702433
3.7342183538	-0.3247840540	-31.9085223904
3.0282005040	-0.8662877855	-32.3649350377
2.7611385630	0.0960691718	-32.4154029135
2.8294782882	-0.0919174504	-31.4356117563
3.2114174444	-0.3654356980	-30.5528262505
3.4804326839	0.5470005361	-30.2444580945
2.6234852558	0.7448798451	-30.7203623754
2.5660966014	0.2074605653	-29.8790021315
1.7704485149	-0.2296227677	-29.4595950708
2.1483089780	0.5689050595	-28.9910070005
2.8632058169	-0.0724774025	-28.7125271141
2.9944771503	-0.6897232948	-29.4882689174
2.3636914809	-0.9374058552	-30.2236346689
2.2675654447	-1.6179800055	-30.9499807373
3.0516430327	-1.1298730970	-31.3333525958
4.0388123275	-1.0394994220	-31.2017114842
3.5156734496	-1.4081649403	-30.4333291249
4.0297955637	-0.6863756367	-29.9699732649
3.7774440222	0.0554979458	-29.3487307300
3.2761018937	0.8958334028	-29.1425939065
4.1480594780	1.1410187555	-29.5663557665
3.5425260217	1.5681099138	-30.2378633062
4.4703263926	1.9298902348	-30.3289757153
4.3991042581	0.9897920269	-30.6623565292
4.6284707254	0.2571708137	-30.0215311384
4.2210413459	-0.0522533358	-30.8807505495
3.5753747677	0.5839139277	-31.3031317550
4.4551331000	0.6583292316	-31.7726928686
4.1229399633	1.5709424582	-31.5343972149
3.1650524562	1.5739052365	-31.2472687670
2.6001199971	0.9405953312	-31.7762015422
2.2625382548	1.8791623669	-31.8478289586
2.2861411066	2.3452336085	-32.7322612642
1.3915322132	2.1855268066	-32.3149260687
0.4199291630	1.9817663465	-32.1946381320
0.8685053992	1.7515135348	-31.3310624242
1.6222051413	2.3787768803	-31.1349058691
2.5273580973	2.7559818102	-30.9389095245
3.0775118379	2.5972004095	-31.7587383655
3.8492841869	3.2152296209	-31.6090475670
2.9502205601	3.6483646348	-31.5451832215
2.8028379786	3.3433830740	-32.4860682422
2.0828646733	2.9859251176	-31.8912050235
1.8449344794	3.8427745857	-31.4338231132
1.6029435955	3.3661119426	-30.5886999643
1.5159963009	2.6370575127	-29.9097892146
0.6779019019	2.1960467982	-29.5886859166
0.2419594581	1.8616702547	-30.4242375385
-0.2096246072	1.5476083069	-31.2593644301
-0.0079534180	2.5211635083	-31.3666910408
0.7173274155	2.8139178147	-30.7435838039
0.9815709942	2.9339177007	-31.7005453279
0.6718048595	2.9217712922	-32.6512805206
0.1079132146	3.4364573974	-32.0054288147
0.7072392183	3.8735102257	-31.3347626037
1.1203988796	3.8759032512	-32.2454180642
1.7206233436	3.3130225072	-32.8136573279
1.4238073770	2.5621790801	-33.4036865051
0.6397397816	1.9550584051	-33.2746807231
0.8946207347	1.1421690977	-33.7983663861
