-0.1636246583	-1.4191047544	245.1235090060
-0.4712261829	-2.1692358276	244.5381162532
-1.3992608331	-2.1074538560	244.9054508091
-0.7468991129	-2.6829329454	245.3986525970
0.2374843564	-2.6178927768	245.2350709301
0.7153121273	-1.8915774505	244.7409589306
1.1867782464	-1.1278343814	244.3000323802
0.8883643287	-0.6751774349	243.4597640763
1.4346922543	-0.7895806501	242.6300426158
1.6934888772	-1.4670476254	243.3185648052
1.4131613263	-2.2005960450	243.9376957931
0.6637518683	-1.6943717593	243.5109377388
0.1239864091	-1.0875490229	244.0943924635
-0.8603530570	-1.2142384842	244.2169714002
-1.6737481769	-1.6175295166	243.7977522185
-1.0533628494	-1.7171135692	243.0198029517
-0.2796891674	-2.1133161899	243.5142243481
0.3577183830	-2.6180633792	244.0964115083
1.0501845573	-3.1478481947	244.5861243290
1.2311571964	-3.2688968316	243.6101140158
1.4541737321	-2.6200673456	242.8825949969
0.4799191559	-2.6774363371	243.1006243975
0.6420368536	-2.6936437582	242.1139860789
-0.1652852103	-2.1939205872	242.4278456612
-0.6514044985	-1.4306122462	242.0023478184
-0.9225485497	-0.4971236071	242.2370388155
-1.6514902017	-0.7987859249	242.8515662063
-0.7508591865	-0.7133963526	243.2776793314
0.0183952013	-1.2167508500	242.8841289066
0.5091940370	-0.8939443471	242.0748622851
0.8423489561	-1.7386231468	242.4938199504
1.8145293682	-1.8057312569	242.2694057175
1.2829004422	-2.1895458246	241.5143844843
1.3368254054	-1.1947641965	241.4277726447
0.7446282672	-1.4276818161	240.6563765519
0.1222487852	-2.2069539703	240.5830369988
-0.1339086801	-2.6694471539	241.4318499394
0.2982376969	-1.7737283261	241.5364314398
-0.2057931888	-1.0274013395	241.1017489173
-0.7561274750	-1.8568135477	241.0057928727
-0.8640822203	-2.7964879577	240.6812042469
-0.0843896744	-3.1728385308	240.1807646601
-0.5787220988	-4.0335130994	240.0588026119
0.3320465061	-4.2476224149	240.4118716550
-0.2554470180	-3.7475985335	241.0481321968
-1.2519185037	-3.7965788580	240.9799742470
-0.9238613283	-3.2985415704	241.7826805133
-1.2056105626	-2.3472942419	241.9081631373
-1.8104988252	-1.6049079312	242.1962130557
-1.5063415686	-1.0426411131	241.4272238565
-1.8322582750	-1.9348933290	241.1147110028
-1.8002863537	-2.9283958260	241.2239382178
-2.3606310762	-2.4687563439	241.9129558797
-2.8486602179	-3.1841226173	242.4130345253
-2.4162563498	-3.8463411467	243.0249932772
-1.8691809640	-4.3148939504	242.3313314054
-1.0567924550	-3.8409794177	242.6710812045
-1.7921349281	-3.2088749340	242.4267139216
-1.9024136926	-2.3684176863	242.9572515817
-2.7218812786	-2.7827038185	243.3532817274
-2.2073353066	-2.4758985477	244.1539770305
-2.5239623470	-3.4230290342	244.2058534102
-1.9284373910	-4.2263411379	244.2121534725
-1.5896997914	-4.5755677120	243.3384844055
-1.1599902734	-5.0675897656	244.0956264192
-0.2139533799	-4.7479703082	244.0421699072
-0.8955972045	-4.0204273990	243.9644330965
-1.5677725695	-3.4402586436	243.5044499511
-1.1766726832	-2.6008170157	243.8817808834
-1.4282307713	-3.2360097172	244.6120197212
-0.4302854970	-3.2539720539	244.5505170072
-0.3679755333	-3.1591391396	243.5569757716
-0.9067734159	-2.7845635340	242.8023964468
-0.1028110370	-3.2919006636	242.4921489162
0.8197883514	-3.6277238036	242.6819730115
1.8080026454	-3.7292164249	242.7965668896
2.2994088210	-2.9906350933	242.3350286060
1.4784641335	-3.2562805717	241.8295760366
1.3329940009	-3.9489693335	241.1231620505
0.5219482448	-3.8586378030	241.7011283091
-0.3337608525	-4.2443153326	242.0461135030
-1.1151399497	-4.6713957946	241.5910871461
-0.2657244425	-4.8598860215	241.0981726195
-0.3591730883	-5.3199288258	241.9811380598
-0.6467569194	-4.8985752273	242.8412291510
-0.1252006207	-4.1173406034	243.1842327803
0.3273771462	-3.7534697046	243.9983404722
0.9308958140	-4.3339213887	243.4516769010
0.4706690931	-4.7812882394	242.6848299369
0.6316139752	-4.9537597785	241.7130530525
1.3452537302	-4.4167283249	242.1628480256
2.2185820057	-4.0877453225	241.8035878033
2.5145574931	-3.3017404297	241.2608219059
1.6951305554	-2.9179266017	240.8351149184
0.7129794436	-3.0063912061	241.0011065065
0.9998154593	-3.4148090927	240.1345501437
1.0867983820	-2.4188160499	240.1137696273
1.7534633149	-1.8540669400	240.6002018528
2.3654971601	-1.3390052604	241.2003068758
2.3521554102	-2.2918489147	241.5034750935
