3.7221330356	-3.9772227361	-76.6932469123
3.1362335240	-3.5332911258	-77.3712192478
3.2936974642	-4.4747471976	-77.6693225391
2.4021511209	-4.1127783406	-77.9415791538
1.9082210864	-3.2567611252	-78.0941165192
1.0618044291	-2.7311822516	-78.0084095191
0.6752262476	-2.4022835759	-77.1467930320
0.6776118384	-2.3707245108	-76.1472939903
1.4182329874	-2.9113750362	-76.5462643189
2.1255100263	-3.4147111606	-77.0426632875
2.7740967528	-3.4664978917	-76.2832863109
3.0005951517	-2.7535641593	-75.6196418515
2.7044974675	-1.7992021665	-75.6586206682
1.7629895351	-2.1199233161	-75.7620651329
2.3910804646	-2.4845515967	-76.4494864020
2.0193093530	-2.4065762366	-77.3745302301
1.5056952452	-1.8236499360	-76.7449291847
0.9476140613	-1.3273982798	-76.0798880688
0.6039021812	-1.2988150385	-77.0185281179
0.7298298225	-0.6647038216	-77.7814469824
1.5640172570	-0.7675187708	-78.3232591365
0.7105243263	-0.9336566039	-78.8171700978
0.5951789502	-0.8130535576	-79.8031469482
1.2998273554	-1.4745782198	-79.5465232032
0.8871726505	-2.0196674176	-78.8167329177
0.3276739281	-1.7552383849	-78.0312149572
1.3001337196	-1.6626181169	-77.8173377964
2.2842002519	-1.4849673669	-77.8246364985
1.9871101058	-2.2109125755	-78.4449114370
1.5328193562	-2.8603557790	-79.0547011058
2.5223585631	-2.9809154398	-78.9754702647
2.8398531592	-2.7756981009	-78.0496824784
3.0051381471	-1.9655100563	-78.6120668711
3.2305836380	-1.1144774383	-78.1378118619
2.5314183752	-0.4266539862	-77.9427046244
2.2798369815	-0.1203525148	-77.0246162784
1.6226817638	-0.8530120127	-77.2016955831
1.2256102718	-0.3037217010	-76.4664307439
2.0563845896	-0.0149488293	-75.9905901597
1.9790007954	-1.0076936517	-76.0826198618
2.5392454515	-1.4740766022	-76.7671729048
3.4644010395	-1.6716418846	-76.4430508640
3.9882700976	-2.4160443533	-76.0290144229
3.3590378480	-2.6670742115	-76.7645759678
3.1813307147	-1.9752821259	-77.4644644483
3.9508559327	-1.9941036247	-78.1028034569
4.6100854778	-2.4641253249	-78.6897412800
3.6600301512	-2.7622238639	-78.7821108499
3.3579743097	-3.6732599221	-78.5014409919
3.3020301935	-3.4959032766	-79.4839962709
3.1855487896	-2.5309262148	-79.7190523337
3.1073876721	-1.5350614132	-79.6727475111
3.9296763398	-1.8305213449	-79.1863888208
4.6171557910	-2.1337244098	-79.8462675260
4.2583743118	-3.0458491153	-79.6480142235
4.4564984417	-3.5140092639	-78.7868679500
4.9133421227	-3.2099417580	-77.9509033556
4.1867518368	-3.8666290283	-77.7488430046
3.8806751063	-2.9153906313	-77.7105997411
4.3940667443	-3.1546334220	-76.8864687362
4.2519884206	-2.1822477340	-77.0716168493
5.1991963693	-2.4966620908	-77.1343919582
5.1741766363	-1.9681530323	-77.9829508472
4.9004197356	-1.3248028830	-77.2679978804
3.9055866472	-1.2350030826	-77.3153594886
3.1450075389	-0.6657115900	-77.0032271184
3.0219074692	-0.6955646475	-76.0112819748
3.1004763077	0.2099498332	-76.4282597475
2.6051414269	0.9828831003	-76.8247663937
2.3045118210	0.7319833820	-77.7449137577
2.9707984294	0.6735868495	-78.4883194347
2.1333851022	0.1779760476	-78.7187730146
2.8715300591	-0.4417921687	-78.9852863926
3.5951957505	-0.1575678662	-78.3563789964
3.2701704668	0.3084970943	-77.5334926023
4.0635957483	-0.1514921895	-77.1348873069
4.5330190896	0.2151993983	-77.9381176636
4.1440173485	0.6706203459	-78.7389106494
3.5514991383	0.2576515209	-79.4305600693
3.2534057158	-0.4925249258	-80.0207935912
3.8235640070	-0.7931535589	-79.2562401608
4.6206837426	-0.2972243693	-78.9117777301
4.3021968497	-0.9558109040	-78.2299933981
4.8696187243	-1.3919711737	-78.9284177929
4.8006785146	-0.9278440283	-79.8114994654
3.9888633738	-1.3117561183	-80.2514627415
3.4851443993	-2.0765561270	-80.6531443834
2.9164944999	-1.2564088135	-80.7163557440
2.4005335162	-0.4006382902	-80.7543172351
2.3460562910	0.0528730463	-79.8647332315
2.2297933369	-0.9390605294	-79.8142287083
2.2437275019	-1.2902434495	-78.8780255276
2.2011701154	-2.0794316416	-79.4907006995
2.0950571244	-1.9509259820	-80.4767160790
1.4943520280	-1.1632565853	-80.6135747970
1.3726943288	-0.2195743625	-80.3059008356
1.4702273547	-0.4126412151	-79.3295748146
1.0209123569	0.1438883471	-78.6307251319
1.4283231776	0.1401668083	-77.7174877184
1.5577858679	0.6712855937	-76.8801393753
