1.5573537976	2.9051807765	216.6776933290
1.4604358409	2.0626072016	217.2074826085
1.4142809097	1.7852246947	216.2478323247
0.7633107526	1.3117461305	216.8411753147
0.7263600413	1.0850045334	217.8144290807
0.4288842802	2.0222799743	217.6327069864
-0.1528736824	2.5550638577	218.2472792006
-0.9043029966	2.0000070650	218.6040227257
-0.1386018300	1.3866249743	218.4104661852
-1.0288558188	1.0358390377	218.1199544609
-1.0318922698	0.2603606110	217.4885876976
-0.9986580662	0.0056975782	216.5221290966
-1.8428915070	-0.2497110758	216.9933363938
-2.0715597772	-0.2974361696	216.0210025326
-2.8255485566	-0.0124217250	216.6128367044
-2.9265953764	0.9738263067	216.4820530656
-3.0465492692	1.0806781542	217.4690656016
-2.6466328942	1.9300688541	217.8134524945
-1.6491792153	1.8618095728	217.7927926554
-1.2203794658	2.7621976863	217.7190904182
-1.1916472394	2.4125992279	216.7826314618
-1.5245702201	3.3554254462	216.7981559939
-2.1690209254	2.7144655796	217.2151137111
-2.1574077366	2.6003341271	216.2217159330
-2.8226844784	2.5567889689	215.4763900473
-3.4686049927	1.8692108289	215.8080871844
-3.0284431326	2.0623185678	216.6849947839
-2.1257294960	1.6697182546	216.8609865004
-1.9955935428	0.8077827620	217.3510189894
-1.8558283133	0.7300198575	216.3638925480
-1.1009352884	1.1521448569	216.8658357777
-0.2064310977	1.0087082028	217.2892601264
-0.6338991385	1.8737228305	217.5519781651
-0.2719283370	1.8586645211	216.6199103639
0.5668974493	2.4024501608	216.6457653133
-0.1720863770	2.7468776863	216.0667380392
-0.5718238515	3.6080793623	216.3806514424
-0.6627142323	3.7588200091	217.3650376451
-0.2645078179	2.8664931667	217.1524712839
0.6372646801	3.0814613204	217.5274313546
0.5448410450	3.4943671456	216.6213592542
1.2336238096	3.6179383532	215.9070004788
1.0779631066	2.6486001224	215.7168606886
0.4054354217	1.9085412897	215.7124519253
-0.5842524746	1.8252782769	215.5958966225
-1.4760852070	1.6937173813	216.0287084850
-2.4385298800	1.5871046863	215.7790407363
-2.6216364219	0.6395727491	215.5170193209
-1.7181181099	0.9513465411	215.2229925152
-1.7633598038	0.8722786053	214.2271504340
-2.4783026299	1.4150283483	214.6679218850
-2.6386988712	2.3748171400	214.4375341228
-2.1722932466	1.9199377291	213.6788836664
-1.5378218740	2.4730364871	213.1389504842
-0.9996855914	1.7813218069	213.6205521273
-1.1795583424	1.6788697796	214.5988922397
-1.8299270473	2.1835880656	215.1665893416
-1.2347350277	2.7152978784	215.7691099924
-0.7814706017	2.6069672756	214.8843411861
-0.1370448867	2.0143648785	214.4010835976
-0.2681127452	1.1023337857	214.0124700334
0.0220649910	1.1285626769	214.9690832921
-0.8091380417	0.6069571172	214.7766536725
-1.2308587003	-0.0228580677	215.4289454163
-0.8594359139	0.8069748955	215.8453855285
0.0679173201	0.9813256190	216.1764713247
0.8830531282	0.8442754237	215.6136473217
1.3927511885	1.5643448769	215.1427886700
0.9734689552	2.3253300250	214.6477088652
0.2033215038	2.7659654730	215.1089173919
0.2040032650	3.6221392638	215.6256048941
-0.7537850098	3.5603881644	215.3448408965
-1.5797571655	3.8616434114	215.8213020955
-2.5020855021	3.8471133299	215.4351682893
-1.8647463077	4.2847634331	214.8009276894
-0.9040080716	4.5442135301	214.8992520952
-0.6848099257	4.5427490593	215.8749313602
0.2697596975	4.5172686428	216.1718279461
0.2242411943	4.5962976100	215.1759953858
0.0128532294	4.6157898091	214.1987875356
-0.9099836742	4.6138793294	213.8136013478
-1.2323455486	3.7801523604	213.3652910053
-1.1259231259	3.6341667879	214.3488368764
-1.7856986124	3.1969306212	214.9600003913
-1.5608491795	2.6150771756	214.1784063148
-0.6397326534	2.8262720735	213.8513878743
0.3408959234	2.9072505307	214.0297416912
-0.0361165599	3.6399372636	214.5963383192
0.9310619275	3.5201605580	214.8204349824
1.4144404979	3.1382460034	214.0327253718
0.8283119440	3.9285405931	213.8541538743
0.6215297523	3.9687254117	212.8765924667
-0.1197247017	4.6176290132	213.0482489559
-0.1990595207	3.7694556153	213.5719930477
-0.2674600602	3.0390975004	212.8923619786
-0.0306391624	2.1474502458	213.2782130326
0.4328197747	1.2617378704	213.2513913683
0.7688159761	1.3671601775	214.1873361796
1.0125091076	2.1287427292	213.5868316629
0.8118333701	2.9375664788	213.0340809139
