4.8389817367	0.9555577165	-176.9371000070
4.5806897411	1.3130057875	-177.8346055065
3.6497716994	1.6032978450	-178.0562406141
2.7745318338	1.6168909134	-178.5397387073
2.7983939910	1.0314448040	-177.7293786327
3.0200946432	1.8227021093	-177.1595008409
3.3193098783	2.6871903092	-176.7556068011
4.0820088623	2.1462613833	-177.1101292362
3.6955263755	1.8642136138	-176.2320174306
3.3427118140	1.3277682367	-175.4653700262
3.0371802138	1.0377372116	-176.3723057714
2.3269438666	0.3354886305	-176.4214103689
3.0549207201	0.2371944681	-177.0999293137
2.8276308607	-0.0635455471	-178.0261554000
3.2373115140	0.6022714428	-178.6497333810
3.8397981052	0.4655929587	-177.8633944595
3.8156109295	1.0728056634	-177.0692233748
4.0848455273	0.8572801954	-176.1305746098
4.0802790479	0.0667955713	-176.7430394710
4.1663262935	-0.6357248842	-176.0365970592
4.3116993000	-1.0089694007	-176.9528695186
3.6571969457	-0.6263056328	-177.6049393837
3.2726489798	-0.7205006770	-176.6866528514
3.2921742879	0.0032157807	-175.9968316780
3.9411964887	0.2508082182	-175.2774790747
4.0862247167	1.0956639825	-174.7625173764
3.2492112205	1.5241127750	-174.4221645604
3.1674664861	0.5365638126	-174.5565700856
2.8527415199	-0.2761661555	-175.0468946664
2.0985328164	-0.9165506499	-174.9017157044
1.3242594145	-0.8918079838	-175.5340830814
1.7991498171	-0.0117665035	-175.5365525912
2.4061039748	-0.6705259674	-175.9811227424
3.2433394424	-1.0965329021	-175.6382599952
3.6695503509	-1.6306805986	-176.3683493732
3.5582442694	-1.6401669538	-177.3620902676
2.7737184399	-1.2379390620	-177.8340351223
2.4001435368	-2.1360840273	-177.6021355465
3.0068742831	-2.4504958031	-176.8720512797
2.6049087476	-1.5493703384	-176.7095809587
1.6534952936	-1.4707488694	-176.4118711939
1.6926306346	-1.3526749959	-177.4041045261
1.8153683153	-0.6289154005	-178.0831535006
1.0145177530	-0.4788170641	-177.5034045324
0.6969069984	-0.9437104910	-176.6769678983
1.5274341739	-0.3981381116	-176.5648278534
2.3417887943	-0.5482778687	-177.1254387751
1.9279236734	0.2994512345	-177.4572083176
0.9868200227	0.6122317176	-177.3287860145
1.2460264610	0.5787399890	-176.3635449429
0.8480877024	0.4366219906	-175.4572076884
1.6182104990	0.8762827260	-174.9950288098
2.5215357120	0.6951166444	-175.3838506333
1.9366614124	1.2614594064	-175.9645208751
0.9847742269	1.4703322546	-175.7402823427
0.2073488406	1.0296833051	-176.1891010944
-0.0654895961	1.1089398677	-175.2303114487
0.6775067739	1.0793778577	-174.5616691813
1.2952054421	0.5997009121	-173.9384851128
1.2844698304	-0.1415919021	-174.6095810153
2.2013208274	0.1385802142	-174.3251731487
2.7227467076	0.5052942092	-173.5546954415
2.7675205928	1.4961682849	-173.4275582506
2.2432813542	1.2256135959	-174.2350069368
2.4307983427	1.7153519534	-175.0864725675
2.4606313099	2.2385020973	-174.2347543505
1.8868513604	2.2945720512	-173.4176663933
1.1940029916	1.7508225957	-173.8912671403
1.4269123101	1.9491881479	-174.8433198474
1.7222491035	2.2206064530	-175.7593483852
0.9418414617	2.7419176663	-175.4140969821
0.1734315726	2.1263617074	-175.5891315612
0.3890880590	2.1187451086	-174.6126919740
1.0396462752	2.8359855359	-174.3630118251
1.4537496107	3.6824787528	-174.6976275171
1.9882157610	3.2217700946	-173.9890419778
2.7650039863	2.8824847432	-173.4584899037
3.5042815239	2.4570075354	-173.9804457141
4.2515301689	2.1930223308	-174.5903073987
4.4313375048	1.8183921534	-175.4998795795
4.0596951286	2.7385430514	-175.6231851728
3.2808803443	2.3548139902	-175.1270001878
2.9270531855	3.1347229291	-174.6107169432
2.0492078850	2.8323074911	-174.9821096348
1.7744901256	3.3464760597	-175.7946124568
2.6980298057	2.9661608843	-175.8439564182
2.6841184935	1.9989930117	-176.0977137464
2.0432501199	2.4119639212	-176.7448171042
2.1852986170	2.2328392232	-177.7183347296
1.2050238035	2.3379024503	-177.5509339879
0.7114167356	1.5619145100	-177.9436104184
0.0821390980	1.1698533591	-177.2725681627
0.0286383459	2.0165030933	-176.7431138237
0.9007140310	2.3948002005	-176.4326701122
1.2026990010	1.5400321970	-176.8547799773
2.1538388281	1.2516998091	-176.9652221035
1.7232331876	1.2782467567	-177.8673717817
2.1290849290	0.6453709870	-178.5267295178
1.2961975757	1.0820846232	-178.8666998940
1.1335730707	0.2650777594	-178.3134792735
