0.9634892190	1.7950639086	-4.4965594908
1.0530906819	1.7358444677	-3.5023439027
1.0596683584	2.3069882272	-2.6815202065
1.1814157512	2.8779864142	-3.4933937452
0.2309839130	2.6471281085	-3.2851060508
0.0138873631	1.8864525112	-3.8968590433
-0.3319939318	1.0187050349	-3.5399550685
0.5359080158	0.8783632823	-4.0164531292
-0.1442049149	1.1899976599	-4.6800271011
-1.0019426329	1.5892468447	-4.3561658721
-1.6599930104	2.1562727039	-4.8515963674
-1.1213699926	2.9981175765	-4.8172095207
-0.3267665234	2.3931057725	-4.7665533887
0.5076026174	2.7466881909	-4.3436968997
-0.1809743211	3.4714389829	-4.3681527625
0.3990876870	3.6447967961	-3.5722412502
0.1919945639	4.1089280778	-2.7110243254
0.8652791416	3.3802645039	-2.5855760347
1.0523987875	2.9408289474	-1.7070075230
0.3420823491	2.9043857285	-1.0040690839
-0.3272427019	3.2025654993	-0.3235598625
-0.6174706900	2.3171611444	0.0395198027
-0.3899477500	2.1029765807	-0.9104056072
-0.7025654237	2.9406824229	-1.3581992113
-1.3662780184	2.8390933413	-0.6171423645
-1.1321510449	3.7805462680	-0.8597345059
-2.1182722160	3.6853577913	-0.7237043992
-2.7964396859	3.0419262960	-0.3686201928
-3.5171234355	2.6831558167	-0.9618306750
-4.2395923139	2.0234698393	-1.1688406530
-4.0921907278	2.4080120283	-2.0801035554
-3.1203902795	2.6359291870	-2.1405821251
-2.7942692048	3.3755384418	-1.5518349851
-2.2706584900	4.1963700303	-1.7800176372
-1.6800664699	3.3929815182	-1.7040705210
-0.8105409627	3.8137661289	-1.9626545572
0.1456887952	3.7180433694	-1.6861372822
-0.1167494776	3.0309540928	-2.3636581150
-0.6563918486	3.4778121651	-3.0771733389
-1.5118451787	3.8655983428	-2.7339220018
-2.4561356248	3.5472610666	-2.6503939718
-1.8425658954	2.9830869870	-3.2028790801
-1.6396497734	2.2015053357	-3.7927563300
-0.7899920533	2.7270082786	-3.8366700615
-0.6976531142	2.0551674345	-3.1017527869
0.1786881862	1.6444730755	-2.8500464727
0.6748252067	0.7773444844	-2.8940471947
0.8962329022	1.3693070854	-2.1190898337
0.3460744431	2.1366566540	-1.7896959821
-0.6254505574	1.9952926909	-1.9798417245
-1.1177969842	2.7500832817	-2.4133000963
-2.0991714847	2.6499645985	-2.2493478499
-2.4478318723	1.7127864412	-2.2378137468
-1.6373476109	1.8781276480	-2.7997546222
-1.3867597526	1.1473999371	-3.4347685888
-0.8940587540	1.1207146313	-2.5649791772
-0.0893347307	1.0179675545	-1.9802892727
-0.5798855853	1.0043094446	-1.1089837493
0.3327637520	1.2931264951	-0.8197504553
-0.3250617008	1.2354888892	-0.0687886853
-0.9060163002	0.4493704289	-0.2797614791
-1.3753667893	1.0793953310	0.3389296726
-2.3353956846	0.7998495910	0.3530257530
-1.8574779404	-0.0207281202	0.0395822180
-1.6325970743	-0.0958248672	-0.9319058544
-1.8256437438	0.8540628417	-0.6860475135
-1.3027473501	1.7006828518	-0.5869822824
-2.2372325961	1.8172287851	-0.2505980224
-3.1952903272	1.6774150637	-0.5007529886
-2.8614893705	0.7391631171	-0.5916386640
-3.6400647345	0.8326140688	-1.2121927085
-4.0512546101	1.3048062724	-1.9919089448
-3.2979752789	1.8225668370	-1.5863300412
-2.4336127740	1.4565668302	-1.2414801389
-2.4664810250	2.4532634194	-1.1672131400
-1.5458776911	2.2335536004	-1.4900398690
-1.4592588319	1.2494147533	-1.6448555751
-1.1433548390	0.3196939258	-1.8341274698
-1.8457295820	-0.2819313877	-2.2145439556
-1.2524329460	0.1246450927	-2.9093062656
-1.9055197177	0.7872988096	-2.5427442380
-2.2223908182	0.5018066696	-1.6382626496
-3.0175788768	0.8578378909	-2.1290963494
-3.8111592301	0.2502317010	-2.1614218948
-2.9751887774	-0.2158661522	-1.8717562367
-2.7039531098	0.0738689184	-2.7896259450
-2.1192529520	0.3244759810	-3.5611969564
-3.0044548715	0.6304309182	-3.9116383040
-3.5005424221	0.7945756831	-3.0590225415
-3.3640226189	1.7210610456	-2.7083272087
-2.6707517210	2.3010278122	-3.1361285783
-2.4900874889	1.3232038092	-3.2420561686
-2.1456543749	1.3535355546	-4.1803769108
-2.6584632768	2.2101059540	-4.2379458347
-3.3875322452	1.6531148938	-3.8401778141
-3.7411680093	2.4657920362	-3.3770389489
-3.4910683308	3.3164109229	-2.9145482350
-2.8040734075	3.2356102417	-3.6367041913
-2.0478420449	3.0782576895	-4.2718059946
-1.3286783341	3.6613091736	-3.8938449860
