1.2388858185	-2.2618679811	-147.2263438831
1.6220327167	-1.4786251187	-147.7159652398
2.2086743036	-2.2734765927	-147.8710870718
2.2798584339	-3.0776593830	-148.4611911807
2.1328531133	-3.1285109784	-149.4490188737
1.5969573477	-3.2368474928	-150.2863234348
0.8565198807	-3.1824245271	-150.9562417121
1.4762372269	-2.3976474614	-150.9649231871
1.1944980525	-1.5087475136	-150.6037031428
0.6683823708	-0.7746717751	-150.1743605061
-0.0149418022	-1.1421032531	-150.8052821998
-0.1926669850	-0.9842590598	-151.7766209513
-0.1578561732	-1.9719575486	-151.9290673441
-0.0697395196	-2.8420458196	-151.4441118244
0.4244148146	-2.1382693586	-150.9337098389
0.8162617432	-2.5296324281	-150.1010689005
1.0420088965	-3.0712993990	-149.2913559171
0.4615543350	-3.2667663235	-148.5008717721
0.4144894611	-3.3540292761	-147.5057988729
0.0981037707	-4.2711419319	-147.2633025399
0.5918851390	-4.3953273167	-148.1239755036
1.3565553978	-4.7207656673	-148.6801852441
1.4316806131	-3.7814766425	-148.3453833177
1.5618519998	-3.2577220141	-147.5035184239
1.2903551230	-2.6987486308	-148.2869966958
1.7847244769	-2.1423715419	-148.9548615601
1.8051557079	-2.1097954666	-149.9541219687
1.0071279980	-1.6411229081	-149.5753109246
0.0872575203	-1.8141163862	-149.9273216641
0.2841812910	-2.2356932997	-149.0421697367
0.9278136700	-1.6598513754	-148.5380433249
0.7537875321	-0.7828721278	-148.0901345144
0.4863048759	-1.4533741489	-147.3981229044
0.4149066723	-2.3274942330	-147.8785564328
-0.4344761918	-2.7760409220	-148.1566834145
-1.3498593892	-3.1782473944	-148.1741062575
-0.8299221970	-3.3349613048	-147.3344003171
-0.4002405246	-3.8267860923	-148.0916862860
-0.8729055312	-3.7263291811	-148.9671839734
-0.8814920057	-3.4252449270	-149.9207428569
-0.0051874687	-3.2371620958	-149.4772169760
-0.1668531685	-2.8016274333	-150.3627528359
-0.2531929478	-3.7282906524	-150.7285953171
-0.5228616479	-4.6894886160	-150.6704810602
-1.3668221028	-4.2539281007	-150.3574031338
-1.1781933113	-4.6965883028	-149.4807782856
-0.2985285332	-4.2705657923	-149.6921894931
0.5169389863	-4.0953489723	-149.1405448696
0.6827578396	-3.8651762226	-150.0994633298
1.5041218558	-4.0982675046	-149.5788582902
0.9326722740	-4.9108210205	-149.6937589393
0.0017841197	-5.2595211159	-149.5848760312
0.5143768936	-5.3883968100	-148.7359710285
-0.0479259787	-5.2423389911	-147.9220406916
-0.3324210716	-4.6853530743	-148.7023157910
-1.0623658867	-4.6635166546	-148.0191586073
-1.8022915246	-4.1378285030	-148.4388751996
-2.2432866642	-3.5770167122	-147.7381517006
-2.5467321051	-3.2735208550	-148.6413743360
-2.8334074681	-4.1182377186	-149.0933374502
-2.7738231569	-4.0833334737	-150.0909503028
-2.2468426667	-4.1125458806	-150.9403254839
-1.3682029633	-3.9061710801	-151.3709084763
-1.9302334819	-3.0873233590	-151.4875708348
-2.6343653272	-2.8925330381	-150.8047421043
-1.8562693288	-3.2796314823	-150.3100488541
-1.8182978370	-3.8383030616	-149.4815295530
-1.7867884324	-2.8568809466	-149.2922736694
-2.6676059446	-3.1033016295	-149.6965475336
-3.5435515556	-3.0683334551	-150.1776883792
-3.1838394068	-2.1622804942	-149.9548090354
-2.7189861818	-2.2260219126	-149.0717187168
-2.0590124284	-2.3425894221	-148.3295282691
-1.7598901297	-1.8174542100	-149.1262458222
-2.4657199614	-1.1091000593	-149.1200292472
-2.2486637860	-1.2556588604	-150.0851236128
-2.1528672772	-2.2510139220	-150.0755669218
-1.7237601485	-2.1375327090	-150.9716635050
-2.6521506135	-1.7672894163	-150.9398665119
-1.9771777645	-1.0520787286	-151.1212096268
-1.0241826194	-0.7508720878	-151.0884252866
-1.1979193450	-1.5175194720	-151.7065412453
-1.0862401929	-2.5021822903	-151.8405819159
-1.0396975725	-2.9503633687	-150.9478515505
-0.6363183059	-2.0359610439	-150.9138875161
-1.1747242831	-1.4478594542	-150.3103516648
-1.1191613077	-2.4047924755	-150.0254096557
-0.7789629115	-2.6366837742	-149.1140966047
-0.7174369417	-1.6486762714	-149.2557148572
-0.4319530059	-0.8762384366	-149.8230231629
0.2480074758	-1.0314190603	-149.1063832831
-0.1111423127	-1.5064226887	-148.3030259639
-0.5838328660	-0.9738094122	-147.6009670358
-0.5078962805	-1.9442352884	-147.3718224227
-1.4053402622	-2.3802854782	-147.4385647010
-1.0556357248	-1.9660894265	-148.2788910467
-1.6240199736	-1.1433718794	-148.2875618917
-0.7761899394	-0.7501307515	-148.6432944436
-1.4356180467	-0.8371462188	-149.3900091680
-1.6003657927	-0.3963939223	-150.2723898078
