-4.1738248031	1.5643486901	156.7866481866
-4.0291615131	0.5766508487	156.7272722087
-3.7977556937	0.8918291375	157.6476601666
-3.0877169074	0.3165298546	157.2416113308
-2.3975829789	0.3054954879	156.5180137883
-2.3168707543	1.1665628932	156.0159695071
-2.3885731822	2.1621778601	155.9558895646
-2.2218092540	3.1378306699	156.0983374042
-3.1650918125	2.8756463162	155.8946774437
-3.7298174932	2.5134659629	156.6362368123
-3.4010519052	1.7984319988	156.0192768312
-3.0714814413	1.2526117664	156.7896427075
-3.2803810127	0.6982230066	155.9840286113
-2.9398353714	1.1554760605	155.1624762327
-2.8493071280	2.1400127518	155.0125024324
-2.1023208891	2.7973774109	155.1119170374
-2.8371098913	3.4748574488	155.0786616544
-2.6899260477	4.0704218481	155.8683704377
-1.7518564932	4.4012707362	155.9711543092
-1.8480353097	3.9170655551	155.1015020926
-1.2357430981	3.4216358929	155.7176576714
-1.4393559222	3.5864987353	156.6827286849
-2.2491704993	4.1343787435	156.8925568227
-3.0221984852	3.5109444084	156.7752650378
-3.3300003421	2.9226890917	157.5230709613
-3.3289152390	3.1787697939	158.4897257583
-2.6953430228	2.7657131702	159.1439202803
-2.7290568549	2.2638107358	158.2796533517
-2.4205761531	1.5880258181	158.9490967036
-2.0778140933	0.7506228369	158.5233380659
-2.6091241870	1.2542335374	157.8420996005
-3.1744873680	0.8426523843	158.5569180586
-3.6536560767	1.7198317519	158.5260359336
-3.4258832613	1.8709578448	157.5641209433
-2.7290449273	2.2678293865	156.9667020654
-2.2055454485	3.0694123148	157.2555153349
-2.6820188155	3.7644257086	157.7939663661
-2.5185941559	3.8498964477	158.7768128105
-2.0212689615	3.1027424398	158.3358722937
-1.6939679335	2.3738734565	158.9372241393
-1.5687777777	1.8345183282	159.7699446629
-0.7376511949	2.0888465616	159.2754289877
-1.2506344189	1.3426866646	158.8510546013
-0.3915875937	1.0420135385	159.2653422106
-1.2200873616	0.6664176932	159.6806925394
-1.1048982005	0.2382618940	158.7843588577
-1.7881446145	-0.3204739804	158.3142646539
-2.7539422348	-0.1006277328	158.1767779855
-2.3479694302	-0.5169169038	157.3632121259
-1.9546436278	0.3894092158	157.5177041258
-0.9775936100	0.2578737211	157.6852501685
-0.5021720031	0.9712058541	158.2001594457
-1.3529833001	1.2474100614	157.7531344207
-1.9952791230	1.4614147665	157.0171601942
-1.8455861329	2.1767035515	157.6997684002
-1.1612608359	2.8704927010	157.4753680795
-1.5451427299	3.7611216299	157.7191195971
-1.0649161668	4.4702904969	157.2029200561
-0.8518300797	4.3886659939	158.1765379278
-1.8201394370	4.5888736644	158.3258492714
-1.4332237873	3.9963615252	159.0324082886
-1.1408501669	3.1492606219	159.4761849506
-0.9933601125	3.2038160058	158.4886271579
-0.2194064904	2.8186527526	157.9859890583
-0.9209057586	2.1427580706	158.2119650647
-0.1424686992	1.7836249178	157.6971261354
-0.4177577131	1.0144153259	157.1204697712
-0.9443098764	1.8610141362	157.0429244708
-1.6483385465	2.4329938710	156.6219935802
-0.7333675509	2.8046154120	156.4647501141
0.0894551618	2.5657765936	156.9804232685
0.2228012429	3.2733812184	156.2865107974
-0.5196058989	3.9432081401	156.2737228833
-0.3881026498	3.5910525447	157.2003799569
0.5665724755	3.4068161928	157.4341584241
0.0449542454	3.8173721311	158.1820609869
-0.3570595108	3.8697293328	159.0961964601
-0.0615220671	2.9164849157	159.0330878191
0.1512445350	2.0024553063	158.6877180953
0.4909324589	1.0630546345	158.6414742610
0.4927274529	0.8831296151	157.6577955708
0.7321010545	1.7052862335	157.1413086167
0.7626707181	2.4307476533	157.8288922291
1.2419507644	1.5930670653	158.0907736330
1.6688351464	2.0711740391	157.3231907736
1.1317060530	2.6659005645	156.7250330210
0.8144495070	1.9644232657	156.0868497533
1.3981857069	1.2095321009	156.3858336629
0.4254143171	0.9839575250	156.4390495807
-0.2102077727	1.7428467786	156.2973750954
-0.1739026997	2.4783424241	155.6208190392
-1.1657017683	2.4043210525	155.5166295763
-1.7153810351	1.6278331026	155.2085400322
-1.3270334157	1.5411651409	156.1259683895
-1.3483907359	0.6908250832	156.6517684002
-1.5042724733	0.5580155597	155.6729617214
-0.5746998466	0.8146699215	155.9375808257
-0.6593715666	1.5113914623	155.2252537979
0.3057939979	1.3132678700	155.3961411155
0.9503380026	0.5783597558	155.6070275532
