-0.0348632921	-2.1080042543	34.3301644099
0.8991186865	-2.4535221566	34.2390872837
1.6881893463	-2.9096928428	33.8276558812
2.1319084143	-3.6020560285	34.3966432341
2.0179089152	-3.7407028831	35.3804019260
2.8490005373	-3.6628687215	35.9310638539
2.9944879532	-3.3034821011	35.0092858607
3.6828948626	-4.0096535184	35.1748692427
2.7949686496	-4.3592985152	34.8759789342
3.2602009759	-3.8667440088	34.1404866223
3.0335954359	-2.9267229002	33.8855155563
2.7190588743	-2.0045339882	33.6604947527
3.4995130871	-2.0221017396	34.2854608284
3.8858912382	-2.8850854354	34.6109928009
4.1103562766	-2.1384491709	35.2372114011
3.1256686160	-2.2968527034	35.3100024164
2.7012086488	-1.5406746387	34.8119778480
3.0529543319	-0.9942880255	34.0518879564
2.1136631209	-0.7894462207	34.3271548376
2.1087678426	0.0264690889	34.9053055479
2.9139395520	-0.5560536076	35.0165072860
3.6758024101	-1.2034025269	35.0389652942
4.2836921901	-1.1113432148	34.2502986356
4.5920455283	-2.0611719418	34.1979191727
4.9914798519	-1.6101295119	34.9960500815
5.2717109375	-1.9420779533	35.8967613398
5.3600523128	-0.9588607385	36.0563849909
4.4339464959	-1.2524508214	35.8194612074
3.5412755872	-1.6123125556	36.0908247662
4.2539130610	-2.2882675208	36.2785285646
4.9330730698	-3.0220726469	36.2620446485
4.7690103087	-2.9546096206	35.2779043381
3.8889904074	-3.1233843708	35.7218413347
3.1841707543	-2.6653071979	36.2635004159
2.6785608800	-3.2377154032	36.9090292700
1.7655121361	-3.4197787786	36.5440704798
0.9811157133	-2.8703760768	36.8319574772
0.2136172257	-2.3041032468	37.1324257010
0.2245824396	-1.9158630971	36.2109327003
-0.2935783212	-1.9016293950	35.3557679047
0.6708684079	-1.8610658253	35.0946221533
0.3113662045	-2.7882108423	35.2002643948
0.0533550849	-2.9572420588	36.1515050111
0.8525303181	-3.4477560694	35.8040644376
0.9047797682	-3.7177873981	34.8426316129
1.4960227273	-2.9180449126	34.9467647973
2.3579855506	-2.5432637007	34.6053572190
1.7952306428	-1.8496960095	34.1556119895
1.7086446744	-1.9119248186	35.1499109613
1.2576189174	-2.4383276006	35.8706577113
2.2038572007	-2.7465791478	35.7726062209
1.9952047356	-2.3836665882	36.6807684437
2.4824716088	-2.4231746312	37.5531273772
2.7644199891	-1.7632158485	36.8567370297
3.5581558973	-2.2886275823	37.1632102225
4.0974849896	-3.1004992569	36.9396291091
4.6549963346	-2.3355137917	37.2620858322
4.7234079166	-1.4231767127	36.8584016614
3.9497760638	-1.3290150530	37.4850014844
3.0635810148	-1.5369245827	37.8990449153
3.2436105142	-0.5938964255	38.1788435468
3.7275381778	-0.0458738149	37.4965787634
2.8937863081	0.3830017940	37.8443193735
2.2881263715	-0.3829656754	37.6287506441
3.0471914748	-0.7951213071	37.1248182040
2.7746005148	0.0694068166	36.7025797737
2.0762023413	0.0197864172	35.9885925139
1.1569507909	-0.3191175641	35.7882910447
1.0193467407	0.0562917414	34.8717033627
1.2738135690	0.7121713952	35.5823850868
0.9129660130	0.5565009063	36.5019261355
1.7295455481	0.2321449872	36.9794102719
1.0958167563	-0.5316087006	36.8566579899
1.9567568413	-0.9571976794	36.5779893855
1.9697715717	-1.4163550559	37.4662489874
1.4390287900	-2.2362239742	37.6810210907
1.1625039120	-1.7648699755	36.8435490615
1.1239512680	-1.3576971328	35.9310119555
0.2856298502	-0.9770931418	35.5406815793
0.1166423204	-1.0746136354	34.5598997646
0.8660547209	-1.3871615858	33.9762090651
1.2227362857	-1.0069780263	34.8295781074
2.0018444710	-0.8851712997	35.4445200210
2.4544803756	-1.6642731612	35.8782492305
2.8860784276	-0.7798963447	36.0560152783
3.7356474183	-0.4034714501	35.6865063760
3.9265780747	-0.7366239670	36.6098453630
4.7470870906	-0.2932262057	36.9706269871
4.7250202173	-0.0978760337	35.9901417177
4.6582633375	-0.4943072034	35.0745075950
3.8406331392	-0.1201338040	34.6369288865
3.0150814089	0.4406193328	34.5735233655
3.0029619375	0.3421518388	35.5685898311
2.3133498379	1.0582706829	35.4608449780
2.3109280116	0.9834907063	36.4580420949
3.2139352714	1.2586501035	36.1280948341
3.3740677605	1.2867412363	35.1413990988
4.0233886375	0.6138732519	35.4958438395
3.8000599743	0.3688212947	36.4392810904
3.4112780969	0.9748901781	37.1332041124
