1.3889558191	-0.6847307347	-45.0906640221
1.6880152758	-1.6374275342	-45.1448142718
2.3161704877	-1.1017800800	-44.5804537182
3.2262885296	-0.7402855185	-44.7829551547
4.0712494795	-1.1335312913	-44.4204654923
3.4768319366	-0.8789118169	-43.6576832770
3.1333019796	-0.3007754158	-42.9175849928
2.2334753725	0.1259717185	-43.0081331048
2.0127775321	-0.7194371007	-42.5217419127
2.0892391057	-0.2605674048	-41.6365344625
2.2808407738	-0.5383935643	-40.6952048572
2.5319480386	-1.4063165465	-41.1237545490
3.0036137258	-2.2215032003	-40.7875965518
3.5214694595	-2.7259077380	-41.4785390251
3.2137264940	-1.8441322444	-41.8359830711
2.9575364737	-0.8904210149	-41.9934681949
2.9799054549	-1.4062682644	-42.8498566838
3.9239341441	-1.2162924731	-42.5801920168
3.9189962966	-2.2129916616	-42.4991590276
3.6111523150	-3.1634396418	-42.4557917603
3.9220361703	-2.8799466696	-43.3629758449
3.7275853342	-1.9163163187	-43.5462936539
3.1913804962	-1.7182928004	-44.3668246149
3.0903242759	-2.6318110287	-43.9727788221
2.6952346690	-3.3012361918	-44.6018846586
1.9475079480	-3.9071234888	-44.8735560298
2.2695045861	-4.1021442570	-43.9471192727
3.1272130088	-3.6784728490	-43.6558482655
3.7596265135	-3.3972259957	-44.3776192586
4.0284043268	-2.4400507238	-44.4852017200
3.2414974151	-2.5287098393	-45.0958710852
3.7415093924	-1.6898269837	-45.3109607810
2.7500354149	-1.6327163085	-45.4280834633
2.2417697837	-2.4804478237	-45.5797980843
2.3260519994	-2.3035027442	-44.5991926861
1.4640947556	-2.7513958267	-44.8367247820
0.8191955287	-2.0147959124	-44.6329465854
1.3478282617	-1.3248865971	-44.1384037962
1.5478663575	-2.2600031754	-43.8459285918
2.4316606098	-1.8326727891	-43.6554122917
2.3635504870	-0.8417640816	-43.5393909808
2.7108098726	-0.0681336424	-44.0693974549
1.7333161374	-0.2586839534	-44.1599324013
1.3000408716	-0.4623650135	-43.2819878872
0.9585991710	-1.0121248791	-42.5196351766
1.6285344845	-1.4765537313	-43.0988523353
1.8774850912	-2.4155461323	-42.8615405859
1.5912726752	-3.0950510310	-42.1859996579
1.2370022184	-3.2063364385	-43.1144973700
1.3875443312	-3.4605427121	-44.0698592087
2.1969004723	-3.0317865796	-43.6684730908
2.5372881747	-3.3721645529	-42.7919578044
2.9346976844	-2.4597374015	-42.8896428843
2.5719690885	-2.6849899765	-41.9853811727
2.3001985809	-3.0027268977	-41.0769847613
1.7601703837	-2.1852167346	-41.2771014260
1.5481447907	-1.2466580958	-41.5494115973
2.1989564915	-1.6942868755	-42.1626591865
1.2409975972	-1.9787626135	-42.1999192356
0.6443670472	-2.6694541925	-41.7912908843
0.2956639591	-2.9098945403	-40.8854241196
1.2170053272	-3.2198101029	-41.1201205778
1.4217108404	-4.0242425554	-41.6777800458
0.6940669639	-3.7576647973	-42.3098169813
0.1494243571	-3.7840213737	-43.1480709773
0.3162762106	-3.7198404710	-44.1319618608
0.5860448771	-2.7833879778	-43.9077262826
0.7768561962	-2.1175358529	-43.1864551906
0.2099612345	-2.8091537271	-42.7389120995
-0.5697131024	-2.6553653600	-42.1319054549
-0.2251105496	-2.0873739150	-41.3844866975
0.6961110595	-1.8649620540	-41.0652944184
1.1545019413	-2.3824884491	-40.3427681353
2.1381681584	-2.3379113304	-40.1683730270
2.5606267484	-1.4415025186	-40.0342835724
1.6562005176	-1.3712890614	-40.4550961953
0.9730698899	-0.7213801872	-40.7881892764
0.9661728772	-0.2900612319	-41.6903624249
0.3326834050	-1.0638069436	-41.6933056077
0.2081027372	-1.8265961084	-42.3278387804
-0.7067201610	-1.4811584677	-42.1186214263
-0.1881879670	-0.9624771461	-42.7983964261
0.5050493390	-1.1450800954	-43.4955895130
0.0358095155	-1.8922574307	-43.9662698904
-0.1854987265	-1.6565013582	-44.9125477229
0.4116882674	-0.9600515352	-44.5146465563
-0.4264746190	-0.9952505658	-43.9703635379
-1.0307304976	-1.7920336979	-43.9669762769
-1.1801026977	-1.2867908178	-43.1170247619
-0.5187855586	-2.0329576681	-43.0402479882
-0.4709447050	-2.8886174310	-43.5555708218
-0.3797823392	-2.6858671695	-44.5305486444
0.3719495175	-2.8050094167	-45.1791658972
0.9898041648	-2.2266145521	-45.7118149518
1.3540738073	-3.1539825568	-45.7972328162
0.9126496548	-3.7311557081	-45.1101987043
1.0788140286	-4.4743876780	-44.4621279984
0.3789439164	-4.8114800353	-43.8324053858
1.0801916877	-4.2496449696	-43.3935512845
1.7788246379	-4.0999240030	-42.6939116393
