4.9987454004	-2.8814237212	9.6573205843
5.1928005706	-2.0376913542	9.1568625103
4.3315164597	-2.3994889261	8.8000821895
3.9125106828	-2.7983740621	9.6157566388
4.1737874258	-1.8470160074	9.7790120072
4.4812870375	-2.4454783913	10.5188003309
3.5892806586	-2.6559495852	10.9188334502
2.6563881492	-2.3035777320	10.9933025244
1.9357921248	-1.6232217891	11.1269332117
1.0592650962	-1.2624581716	10.8082641350
0.7176904294	-1.1877854747	9.8713806122
1.5789198132	-1.6784748571	10.0036979523
2.1898837056	-2.4676088097	10.0668701535
3.1500171134	-2.1945204989	10.0071490204
2.5774547521	-1.4188491065	10.2726791192
3.3458319973	-1.0959241112	9.7201251793
3.6573649810	-0.6234497594	8.8956767656
4.3920266673	-1.2990002626	8.9581565569
4.9187622825	-1.6553326225	8.1864203060
5.1727202274	-0.7494858684	8.5254586819
4.2920253394	-0.6876195142	8.0558321618
3.6217416072	-1.4254113130	8.1357257157
3.3747226394	-1.8966509144	8.9824339699
2.4188914641	-1.7953429639	9.2583387784
1.5403855183	-1.4290834024	8.9516121298
2.1067337209	-0.8055766970	9.4905825388
2.7174629752	-0.1221145241	9.0907210173
2.7274690628	-1.0062116282	8.6235249250
3.1482322406	-0.3146275406	8.0364390727
2.4545343592	-0.8983271786	7.6144462033
2.0778605174	0.0280099885	7.6184797699
1.8092495792	-0.4837908248	8.4345116880
1.1755216161	-0.3856307599	9.2018144121
0.8668809400	0.5651229190	9.2302463510
1.7889774638	0.4750571511	8.8539138407
1.1235016992	0.4238951800	8.1092498497
1.7297630463	1.2045162399	7.9573355981
2.6161109266	1.6531441989	7.8427913298
1.9730948457	2.2067782634	8.3719601518
2.8967332423	2.3785437286	8.7145805500
3.3687419264	2.0031608456	9.5122618732
4.1086415553	2.0262481154	8.8399408806
3.4123757836	1.3769152891	8.5340309987
3.6567884688	1.2874943001	7.5684916023
3.0387123269	0.5295794952	7.3598123476
2.6849297719	0.6386687291	8.2887566101
2.4138992589	1.3626886798	8.9230574631
2.9248245206	0.8663751419	9.6249322732
3.9052463430	1.0532907820	9.5630001045
4.8802643850	0.9204468409	9.3849767772
4.4722860038	1.0304499430	8.4786363567
4.0659057480	0.3405450358	7.8795651533
3.5831439102	0.4100951409	8.7525507149
4.4841171041	0.0072798774	8.9137560723
5.2925060228	-0.1022354798	9.4921277026
5.2079704076	-1.0852280628	9.6551593303
4.3158967422	-0.6531510899	9.7875000463
3.6166133561	0.0580930123	9.7158441121
3.4971871829	0.5987651028	10.5485571958
4.0235113393	1.1219987930	11.2187880425
3.8869411272	1.6704823991	10.3938551295
4.6720452390	1.8561587575	9.8029779650
4.8718279210	1.2252153687	10.5526427702
4.5194955661	0.3621441321	10.1907450606
4.6496166141	0.2796710750	11.1788071577
5.0900183591	-0.3992135685	10.5913023119
5.7550770002	-1.1449924767	10.6301716318
5.4086587274	-1.9860675698	10.2147356343
5.2599142649	-1.9614667773	11.2033052504
4.3197447092	-1.9466540028	11.5436900154
3.4853677203	-2.3184706822	11.9505897541
2.7231394482	-1.6723618539	11.9899781180
3.5918624917	-1.1825287460	11.9166037357
2.8173123912	-0.5780864995	12.1029413658
2.8282901670	-0.9530155616	11.1759528617
3.5455334471	-1.5737529774	10.8593345775
4.5000267385	-1.3446331132	10.6684245348
4.5513542191	-0.8040494036	11.5081475502
3.7485447125	-0.2176407867	11.6159521429
3.7593953576	-0.5126291481	10.6605129088
2.8400546878	-0.3370074934	10.3084195018
1.9091521136	-0.6428110902	10.5081807531
1.8789875847	0.1514061896	9.9012960739
1.7649131790	1.1383582875	9.7876625118
0.9691743996	1.6916603860	10.0339480833
0.9214900685	0.7212477621	10.2706452402
0.9725161906	-0.2769231769	10.3030660880
1.5265650865	0.2521311030	10.9458190654
1.0384135675	0.7259429115	11.6787654923
1.7523352569	0.1722030127	12.1073538098
1.8252553836	-0.6895537215	11.6053000416
2.4604290318	0.0124004931	11.2830971285
3.1399567069	0.6753332286	11.5973618688
2.1986086858	1.0127294491	11.6026243268
1.6277322197	1.3387049840	10.8490727286
2.4302835338	0.8087979612	10.5750108097
3.0047241974	1.5415711401	10.9397866207
2.5348192351	1.8500452886	10.1127237295
1.8632486945	2.1667294329	9.4428698933
1.2795874758	1.5520972651	8.9122411341
