1.5284299283	2.8910987017	-107.4538422768
0.8518232373	2.9136198846	-108.1898424005
1.6729480481	3.4535337130	-108.3749021290
2.4964449523	3.2931659222	-107.8307192366
3.3875989948	3.0825114037	-107.4288870000
4.2307115669	3.4763512364	-107.7950172731
4.1298315267	2.5985486725	-108.2632969719
4.2745511832	2.4348786934	-107.2874545876
3.4151521707	1.9241051721	-107.3107729771
2.4902195410	2.3039380466	-107.2957191396
1.6388595980	1.8171585801	-107.4912491843
1.8250340675	0.8539650970	-107.6851496254
0.9888146558	1.0023745396	-107.1572180646
1.7644410822	0.7953474046	-106.5609434534
2.0179470631	1.7586158816	-106.4723513613
1.1194524718	2.1727722992	-106.6178914972
0.4858447163	2.0519785267	-107.3820577596
0.0363412789	1.3518602799	-107.9368379866
0.1217196104	0.9840021405	-108.8627920512
0.9226972898	0.8290887059	-108.2844871273
0.9469587909	1.8274592680	-108.3361359440
1.7959369681	2.3391801189	-108.4679609244
2.4829786245	2.9475652557	-108.8652533704
3.3385071097	3.3873334115	-108.5919861385
3.4831241513	2.5467054101	-109.1139348663
3.1015435980	2.3952733995	-108.2020880439
2.5035013067	1.6048663327	-108.0694151883
1.8074220249	1.3046983111	-108.7216212848
1.6493219998	0.8776542430	-109.6119233380
0.9840395738	0.2543721419	-109.2009261165
1.8032705021	0.2056462134	-108.6295361709
1.0554269220	-0.3526940540	-108.2703897862
1.2671211022	-0.0354786690	-107.3459656554
2.0693008520	-0.4328556708	-107.7916103203
2.4810381553	0.1437087806	-107.0858867013
2.7476606243	1.1074858670	-107.0926827882
3.5325001571	0.8442885721	-107.6537122809
4.1875004307	1.5270869229	-107.9773804038
3.4133503624	1.4224220439	-108.6016695474
2.6406387709	1.8753279803	-109.0464088070
1.7824442913	1.9900500560	-109.5467497713
1.1522161042	2.4636944568	-110.1619517006
1.9040875783	3.0532736793	-109.8668489609
1.2213780567	2.8571740768	-109.1629649826
0.3504351480	2.3698318673	-109.1000680773
0.8705436569	1.5497682940	-109.3387789372
0.6933750729	0.9002143810	-110.0781644977
0.2830114392	1.8059133949	-110.1845176096
0.6971453174	2.0378172356	-111.0646958527
0.5737967621	3.0250679744	-110.9640921126
0.1466574931	2.8747735933	-110.0724847753
0.3386220464	3.4456889735	-109.2742334121
1.1610256900	4.0145079047	-109.2643708325
0.9816097685	3.5614125959	-110.1375916340
1.6581141723	3.4324294268	-110.8626468965
2.1401404067	3.9974623875	-110.1930287496
2.2667895431	3.9373467349	-109.2029044622
3.0103109184	3.4779897544	-109.6888747585
3.9982372299	3.3268877217	-109.6546727288
3.8715668225	2.5210774988	-110.2331400940
4.0875698562	1.6167651650	-110.6013274000
3.1410260704	1.9166388934	-110.7201996363
3.4647478525	2.6848729461	-111.2724863807
3.6093409598	3.5190352613	-110.7402589243
2.6942913408	3.1305078884	-110.6319506818
2.7827627051	2.4644403249	-109.8913247178
2.1065205689	2.2438395275	-110.5941987189
1.4481453620	1.4973288583	-110.4979495222
2.2953631559	1.2365287343	-110.9607727120
3.2089741421	0.8811638332	-110.7632106889
3.6221290440	0.6579167509	-109.8803382364
4.2481683260	1.1863197885	-109.3068706722
3.4436887623	1.6512600981	-109.6765234014
2.5408384439	1.3441345344	-109.9774140637
2.6593276740	0.7719220220	-109.1659135134
2.6925303744	0.5493284544	-108.1915677410
3.5242737782	0.3128546281	-108.6938455921
2.7506909932	-0.3042453759	-108.8379193924
1.9227831620	-0.8638402437	-108.8002072321
1.3496100835	-1.1800970122	-109.5561531815
1.7019785852	-1.4632838916	-110.4481406424
0.7540923939	-1.1544140995	-110.5263149341
0.9826837416	-0.2536524851	-110.1570257390
1.8409533535	-0.2271723395	-109.6445103000
2.4978806221	-0.9591378537	-109.8252671800
3.0918841822	-0.7140250565	-110.5914783044
3.3479737596	-0.3547112091	-109.6940867023
2.6656827897	0.1970945954	-110.1736587891
2.0561029014	-0.4036145302	-110.6909216876
1.6272223829	0.4937259601	-110.5867989462
0.8594256973	0.8332808358	-111.1301135291
1.0661657451	-0.1342411984	-111.2755771532
1.3552088909	-1.0723563869	-111.4663491452
2.0602805685	-0.4498211367	-111.8059427134
2.6657253875	0.1816484154	-111.3215020298
1.8339077352	0.6221138114	-111.6592439850
1.5309370972	1.5747382980	-111.6324973984
1.5667296825	2.5598014330	-111.4640648866
2.5067985244	2.2350650293	-111.5680689283
3.0231228952	1.3985252789	-111.7514002950
