0.1908600338	-2.4694859431	109.2962388205
-0.6983258700	-2.0485658787	109.1168656678
-1.5597626918	-2.3216537290	109.5450591149
-2.0360318886	-1.6830379854	110.1494907357
-1.5287857958	-1.2630619515	109.3969473600
-0.6211524155	-0.9471799180	109.1205053444
-0.6670599483	-0.6853219470	110.0845192973
-1.6138606434	-0.7248156195	110.4039072960
-1.7978346977	-0.1480148809	111.1998058167
-1.0462099459	0.1274171888	111.7991366165
-1.5444031849	-0.0131382740	112.6547344534
-1.0391771019	-0.2922788949	113.4713292849
-1.6061521837	-1.0279860720	113.1008239462
-1.4727555940	-1.8337911387	113.6777845552
-1.8065622931	-2.4676571736	112.9800833746
-2.1032033992	-3.2065245657	112.3750387225
-1.6135813576	-4.0722911832	112.2715089183
-1.0932947969	-4.6989599129	111.6913467014
-1.0913419397	-4.0374589462	110.9414049321
-1.1376484763	-3.5008099964	110.0988708916
-0.6957919254	-2.6052673797	110.0462761191
-0.9556429854	-1.6575150199	110.2313244670
-0.0425625438	-1.5853926191	109.8299736648
0.2194572916	-2.3212659761	110.4543421524
0.2502220992	-2.2248656051	111.4492092265
0.1675994177	-3.1935790576	111.6832343093
-0.3872099926	-3.2483234784	110.8530598899
-0.0087545622	-3.4099120962	109.9416540495
-0.2217370035	-4.2850289609	110.3761755711
0.0385714870	-4.2077544838	111.3386038255
-0.5894485967	-3.8024117171	112.0028989526
-1.2806584488	-3.2006379447	111.6027773871
-1.7035863898	-2.3337462652	111.8666538215
-1.1481291976	-1.7619913560	112.4704448710
-0.6212333815	-2.5126583500	112.0718475013
0.1417051310	-2.0156907918	112.4853061719
0.8442357204	-2.7065593385	112.3145682962
0.6770840423	-2.6667468892	113.2996953365
0.5848682371	-3.6533650859	113.4341601245
1.4349812671	-3.2453715249	113.7671001946
1.3511572694	-2.2838680959	114.0287959981
0.4605980251	-2.5436242190	114.4022005894
-0.1815254175	-3.0991119751	113.8738911751
-1.1708989394	-2.9859765155	113.7825653739
-1.6173415988	-3.8094391493	113.4324250555
-0.8902042653	-3.9962171629	114.0930196906
-0.0305090530	-4.4714022259	113.9056075838
0.5182632016	-4.6581731989	113.0907667305
-0.1864645653	-4.7305701381	112.3849923630
-1.0486842700	-4.7381542308	112.8914700648
-0.4653819548	-3.9547102999	113.1058855871
-1.0727499130	-3.2459354268	112.7470787554
-0.0890353260	-3.0662744939	112.7418289454
-0.6103365892	-2.3369496374	113.1849206364
-0.5876627641	-2.1370916674	114.1644831354
0.2088874905	-1.8121341646	113.6546691366
-0.5549620365	-1.2623612622	113.3166104791
-0.6906666690	-0.7170368527	112.4894433006
-1.5618574731	-0.8783273189	112.0257494701
-2.3438002706	-1.4907745393	111.9096724972
-2.3885083882	-2.0530054481	111.0839015911
-1.6251922275	-2.5672720546	110.6929050486
-0.7589947061	-2.2505600556	111.0794220127
-1.4436217295	-1.5265622147	111.1637604104
-0.8354601060	-0.7328458669	111.1761619796
-0.4558604232	-1.4725275141	111.7318373718
0.0019377635	-1.2846525246	110.8628587711
0.6222044043	-0.8726117902	110.1954071042
1.3863914248	-0.2316230362	110.2671818563
1.6835178497	-1.1864611488	110.2669242574
1.7951804011	-2.1761648928	110.3564673963
1.0023261820	-1.9308603647	109.7986073101
0.9980592471	-2.9084082460	110.0092775097
0.6950763362	-3.4941483714	110.7610154037
1.1609948243	-3.6164488500	111.6373501317
0.5268521349	-3.8958782325	112.3583094022
1.3940314716	-3.5382746920	112.7048923010
1.9126947207	-2.9314186041	112.1026347792
2.5692623718	-2.2344604104	112.3910237454
2.4647620176	-2.9608369598	113.0703298506
1.6622707183	-2.3668430937	113.0139472151
1.0006368449	-1.6187503607	112.9629778084
0.3256301279	-0.9369723494	112.6809411526
0.6412985137	-1.3447623635	111.8241676851
1.4328537096	-1.9316472280	111.9944807138
1.9492355780	-1.2981717474	112.5707259580
2.5406211764	-0.8775957695	113.2587513361
2.5014627982	-1.8677892481	113.3928538958
1.7107236162	-1.3631616605	113.7393831787
1.4380105629	-0.5965411622	114.3206925646
0.8490686303	-1.3844508769	114.5005416169
0.5991915215	-0.8497369238	113.6932978998
1.3702250091	-0.5206891111	113.1481053670
1.2485908910	-0.5421777098	112.1557629959
0.9282490429	-0.5410305160	111.2084616794
1.7113307338	-1.1454174066	111.3550889339
0.9945442784	-1.6632389780	110.8881007141
1.1827543640	-2.6032197640	111.1727286918
2.0098939188	-3.1431668758	111.0168528650
2.2479302485	-2.2229634762	111.3276010090
