0.9254299162	0.5480391390	-88.0873288506
0.1488019294	0.9476593182	-88.5743120973
0.7165204524	0.8430485847	-89.3908610995
1.0807865900	1.6858919678	-89.7869989702
0.2230371173	1.8450931274	-89.2982036829
0.0004130663	2.0766131217	-90.2452184791
0.2043755730	1.0986815178	-90.2904851778
-0.4179938672	1.0097249483	-89.5128329363
-1.2727944517	0.8162497124	-89.0312903174
-0.8059477416	0.6616414362	-88.1605719759
-0.6420425076	1.4683976927	-87.5928753873
0.2394136419	1.0256739958	-87.4284649716
1.0960127146	1.5269990204	-87.5505765941
1.6579840499	2.2777879646	-87.2034394749
1.8100613158	1.9967957370	-88.1510237051
1.0401093031	1.5682045707	-88.6237641310
1.7098790516	0.8418711371	-88.7781928428
2.0152053620	1.7014860323	-89.1878732990
1.8711171031	2.4485140001	-89.8368631209
2.1751662960	2.7328111715	-88.9276166160
1.2081088295	2.5042283523	-89.0396422887
1.4480647851	3.3648435139	-89.4888223006
0.6751101787	2.8719542456	-89.8883236720
-0.3026348655	3.0562554165	-89.7880854206
-0.7916124852	2.2373755290	-89.4875249156
-0.6834535198	1.6540257085	-88.6825375709
0.1321775974	1.9144531952	-88.1658912655
0.9073847204	2.5345535013	-88.0453527789
0.7050696659	2.7591350273	-87.0921310015
0.4471920230	1.8541872608	-86.7536510743
-0.4173188071	2.0573823798	-86.2939416355
-1.2128181384	1.5958720972	-86.6866108004
-1.2652928803	2.3237596827	-87.3702964476
-0.2735052798	2.4480749631	-87.3402453834
-0.8283587594	3.2498686924	-87.5622013064
-0.6840741498	3.0787262986	-86.5875771571
-0.2429366062	3.7658951861	-86.0103453253
0.2486190820	2.9001251505	-86.1042348927
1.1193590976	2.4106965172	-86.1518944994
1.1828543389	3.3857214063	-86.3647202968
0.6741613019	4.2348598957	-86.2226104099
0.1941667400	5.0191652675	-85.8295833061
0.0563490337	4.3177725796	-85.1302589341
-0.8186091129	3.8547804220	-84.9885320707
-0.8396362196	4.5811599449	-85.6755041586
-1.2126746349	5.0957967143	-86.4475089100
-2.0521737617	5.1630142070	-86.9866962845
-1.2871052957	4.9392257047	-87.5905082987
-1.0864157521	5.7564239880	-88.1307958821
-1.3052239257	5.3936236651	-89.0366098303
-1.9104054975	4.8647565898	-88.4415847200
-2.7152165099	4.3503866433	-88.1454381475
-2.8290885893	3.3637881037	-88.0285772428
-2.7295890992	3.0503388549	-87.0841994477
-3.0115805298	4.0097282570	-87.0769325207
-2.0576074194	4.1387633729	-87.3476449943
-2.0239787998	4.2470346689	-86.3540925586
-2.2825811208	3.3229348457	-86.0727309471
-1.3250995433	3.5372395310	-85.8795923166
-0.6975725216	2.8437006279	-85.5257369408
-1.4415322652	2.5079411835	-86.1034821229
-2.1877506357	2.2074665557	-86.6975133860
-2.3657533572	2.1481855281	-87.6797561212
-1.6552154030	1.5047372273	-87.9645544707
-1.5957449211	2.2765179656	-88.5976561637
-0.7003673681	2.6653384031	-88.3805900330
-1.1702182874	3.1733333393	-89.1025188788
-0.4712504192	3.7043948946	-88.6235433640
0.1383342373	3.2469327070	-87.9761370824
0.1976192023	2.8262601791	-88.8814104761
0.4167004577	3.7417095514	-89.2189839499
1.0536794571	3.4783645587	-88.4944791748
1.8302182598	3.1142996284	-87.9802377778
2.0421711826	3.3000935686	-87.0207813847
2.3116853979	4.1087598527	-87.5436780558
1.6090213517	4.3236749964	-86.8653899760
1.0451744657	3.6870535760	-87.3914981932
0.1194667985	3.7054326658	-87.0137052288
-0.4450178076	4.2146060787	-87.6633971289
-0.7216733546	4.7204236224	-88.4804713732
-1.2266746259	4.2662251902	-89.2144178973
-2.0488414628	3.8137388408	-88.8690227671
-1.3818270458	3.9441991135	-88.1354889336
-1.8199968283	3.0837175670	-87.8755298027
-1.6739594545	3.2477305537	-86.8999413517
-1.0834694400	4.0519872130	-86.8329132331
-0.2930876604	4.6593539774	-86.7528991341
-0.2943717101	5.2747595715	-87.5411086912
-0.1000951973	5.5685569091	-88.4770252265
0.1929150291	4.7894922531	-89.0312844339
0.4174946789	4.2478346715	-88.2212405800
1.3687183688	4.4784834709	-88.0163634871
1.9992411872	3.9677254062	-88.6008009729
1.2369543310	4.4006260403	-89.0819618503
1.0724151059	5.3619012436	-88.8608808085
0.7881397213	5.3944689774	-87.9026914491
0.6362063446	4.6656318465	-87.2350742792
0.4299631893	5.5453498538	-86.8066352654
1.2135095816	5.1631878629	-86.3167299034
1.6373313223	5.3434912474	-87.2043479641
