-2.5704913331	4.0294824326	32.0408001246
-2.1731576708	4.4233335309	31.2119411058
-2.1550921906	3.8557759954	30.3888055870
-2.3773204873	3.5441801089	29.4649427251
-2.5014851364	4.5283452065	29.5914425299
-3.2402420882	4.1014743649	29.0698876904
-3.3322244103	3.1071734022	29.1237843330
-3.6138391948	3.4129237689	28.2142735709
-3.8702970762	2.4469994514	28.2491958818
-3.4604985351	2.5812643965	27.3469552929
-2.7377003423	3.2654260515	27.4443493498
-2.8523049384	2.6608567990	28.2326144102
-2.3510027095	2.5317738271	29.0882040675
-3.1651882699	1.9643938198	28.9649896180
-3.0604065996	1.6740793800	28.0138122804
-2.9825727953	0.7708927474	28.4359447307
-2.0159278732	0.7898963389	28.1805304432
-2.1926824527	1.2921488176	27.3340670558
-2.3101566611	2.2848195079	27.3056996273
-1.8428246659	2.8675985064	27.9705074530
-2.0256962627	1.9203457325	28.2336997048
-2.3079322532	1.3744282729	29.0225703995
-2.3883799091	0.4037304929	29.2490080169
-2.5377458353	0.4914913190	30.2338876326
-1.7173620653	0.9258567585	29.8620044052
-1.1365054189	0.2569319200	30.3258417869
-0.5582774216	0.8686525103	30.8657031604
-0.0863703779	1.1095546445	31.7138009754
-0.7871807562	1.7723967696	31.4501627178
-1.1938383957	0.9525360361	31.8532234351
-1.5764569937	1.1089204767	30.9426483886
-2.5513121164	1.0464986893	31.1565666209
-3.2726458112	1.4607862237	30.6015499188
-3.1735135560	1.1365925201	29.6607676707
-2.4453036646	1.7364771645	29.9922020798
-3.1332619374	2.4579836095	29.9138320294
-3.1396416784	3.4143346988	30.2059824922
-2.8150761192	3.4520786228	31.1510923239
-2.2583358961	2.9744245331	31.8307149358
-1.3306020035	2.6014996847	31.8153239610
-2.0405874120	1.9235711721	31.6247100799
-3.0359494171	2.0152826301	31.5956672292
-3.5002775476	2.5805490819	30.9138511060
-2.5065306431	2.5184637364	30.8210475508
-1.6219163867	2.0944385106	30.6269851250
-1.8404726978	2.8482113232	30.0072596327
-1.5236388149	3.1373648623	30.9105904256
-1.4877918450	3.7694724443	31.6846414573
-1.1716948769	4.1513438676	30.8161617956
-0.5110528154	3.5142862215	30.4190350878
-0.5473329611	3.2846078385	31.3916252335
-0.5775031867	2.5200425740	30.7477854135
0.0739217053	1.7647973536	30.8202441404
0.2045307085	1.0314349025	30.1530703972
0.4525389741	1.9488538398	29.8418881457
0.1958642005	2.9135264933	29.9012576019
0.4758675317	2.7513047657	30.8474511580
0.3655315035	3.7396214273	30.9525993264
-0.1533080516	4.5805067930	30.7985950476
-0.6607845862	4.5584032720	29.9372130178
-1.3163825803	3.8233857741	29.7641796453
-1.4413486548	3.1513055362	29.0343223757
-0.7985270709	2.6673704300	29.6281129316
-1.5101625562	1.9738604337	29.5157794060
-0.7769495884	1.6256604326	30.0998645908
-0.6711313060	0.8192841773	29.5180056507
-1.2945875071	0.3021364037	28.9316094148
-1.0984721123	0.2369414403	27.9531982698
-0.6532742463	0.7842324701	27.2444871941
-1.1764650630	1.4319734448	27.7982949216
-1.2540556306	1.3350794283	28.7905606387
-0.4305801087	1.7991861812	29.1168932707
0.3272881078	2.4190869165	28.9135245297
0.5670466085	3.3883175597	28.9692723706
0.3030271205	4.3520943554	28.9314835107
-0.0568323323	3.8947557288	28.1182538046
0.3911962458	3.0164457797	27.9513945033
1.2669533646	2.7867153332	28.3759806441
0.8197995132	1.9582979868	28.0386705000
0.3150331525	1.1483540006	27.7400040298
-0.3920303819	0.9076283268	28.4049192938
0.3356707930	1.0312280454	29.0795852182
1.1175636683	1.6546144734	29.0738499764
1.2786609390	2.5743260595	29.4318699030
1.1376903946	3.4325170093	29.9254644726
0.3729751468	4.0753413885	29.9700448198
-0.3661684534	3.7015540109	29.4097326439
-0.7901163183	4.3925617694	28.8242614784
-1.7650154962	4.1705070774	28.8080347506
-2.5174701934	3.6087722274	28.4641366743
-1.9851960330	4.0236880025	27.7262145119
-1.1512205741	3.6519815130	28.1340370463
-0.6369455700	2.9300655688	27.6710482887
-0.4415699460	3.0358971281	28.6460498511
-1.0965630433	2.3052020375	28.4535174458
-0.2161478205	1.9904538865	28.0988307715
-0.3469294712	1.8922347854	27.1122968552
-1.2630203374	2.2903697505	27.1599001578
-1.4783424506	3.2621716857	27.0637888354
-0.7439843372	3.9311895846	27.1783890628
