-3.7949423587	-0.4992309229	5.2129150154
-3.4672287927	-1.4399589636	5.3002910536
-2.4957528088	-1.6424914903	5.4236401044
-1.9511143538	-2.0975484296	4.7191600582
-2.7726291301	-2.6475443908	4.5687675214
-3.7043194925	-3.0047386513	4.5026968869
-4.6709640319	-2.7493465353	4.4833784624
-4.2222437332	-2.2182037834	5.2020838753
-5.1306601724	-1.8682485830	4.9733680456
-5.4874910516	-0.9574069223	5.1808269398
-4.6458191742	-1.1767262760	5.6742714370
-4.7669432594	-0.2054503529	5.4694494726
-4.5211095081	0.6177839573	4.9577356490
-4.0876090384	0.0267810245	4.2774468309
-3.6196958863	-0.8484245591	4.1546768482
-4.4748763043	-1.1070705848	4.6038635423
-4.6643877128	-0.6925255379	3.7137861130
-5.1729220841	-0.2019758481	4.4214257071
-5.2298830708	0.1762009847	3.4974464167
-4.5872365111	0.8821691717	3.7951279889
-4.1779580732	0.1974950540	3.1920421634
-3.5942796466	-0.6134688884	3.1513361629
-2.8270567971	-1.1676654754	3.4741909944
-2.3315268560	-2.0016629544	3.7168806777
-2.8801872927	-1.5783555804	4.4378401719
-3.7890446590	-1.9485487793	4.2456546282
-3.7364282662	-1.7344149844	3.2702684313
-4.4168894760	-1.1553579493	2.8211966197
-4.8553972004	-0.3079492313	2.5218482603
-5.2127299172	-1.1343063588	2.0865929015
-5.4369343542	-1.2074967872	3.0583827613
-5.9697501699	-0.5800797271	3.6262340967
-5.4944471412	-1.2672067108	4.1757279904
-4.7455290633	-1.7451795786	3.7167468903
-4.3494585509	-2.6413382166	3.5166772908
-4.5312198772	-2.2070002340	2.6344566058
-3.6457818861	-2.6693174942	2.6820204035
-3.2362718011	-2.5892049348	3.5908017128
-3.5995400852	-3.5051917483	3.4204951914
-2.8962895680	-3.6287434175	4.1206192484
-2.2027304973	-3.0559764478	3.6836823950
-2.6208238047	-2.8966336315	2.7893626237
-2.8725083730	-1.9321948038	2.7086617824
-3.6696670054	-1.6452990375	2.1774095504
-3.8974340709	-0.6834080448	2.0261221347
-3.3705267583	-0.6080536990	1.1795464402
-2.4382815608	-0.7196163489	0.8353478540
-2.4634020687	0.2775594884	0.9061243297
-3.2785717386	0.4163752164	1.4684663991
-4.0788821959	0.4084874349	2.0680003471
-3.2039670984	0.1917610051	2.5010745058
-2.5144231443	-0.2450588385	3.0787574288
-2.6978181987	-0.3298652480	4.0581317837
-2.7742946481	-0.6375207374	5.0065512333
-3.1577334095	0.2557856298	4.7720763932
-3.5864877978	1.0369499030	4.3182569878
-3.2247852973	0.4627213085	3.5837960819
-3.6586807290	1.1000121832	2.9469325994
-2.9921093975	1.2242659835	2.2119199103
-2.3891893496	0.7880460611	2.8799016431
-2.1075178208	0.6498318282	1.9303975748
-2.4816968963	-0.2705152940	1.8165942614
-2.9222623197	-0.9275934840	2.4282725756
-2.7167032601	-1.4271453064	1.5867302714
-2.0462587703	-1.9859962669	2.0747771851
-1.9756908276	-1.2745284020	2.7739435764
-1.7057741671	-1.0308321165	1.8424087586
-1.5214955084	-0.1739893488	1.3608884087
-0.7334553451	-0.6771818876	1.7155572258
-0.8937548145	-0.8176728039	2.6925763569
-1.0409218489	-1.7891776080	2.5067800180
-1.7088715005	-2.3790462793	2.9605401017
-1.2515248982	-2.4931958478	3.8424720500
-1.2095839519	-1.5489746271	3.5158419174
-0.9838491004	-1.6523166799	4.4845339205
-1.5870141679	-1.1155462173	5.0745079639
-1.9590075253	-1.1050576377	4.1463318320
-1.5748622468	-0.4954288862	3.4529450782
-1.6648709425	-0.1499995610	2.5188267688
-0.9482257084	0.4255236496	2.1248817948
-1.3125494749	0.7551206355	2.9958777879
-1.7999561812	1.4114085983	3.5718298801
-2.7973149662	1.4683038059	3.6169784060
-2.4772239533	1.0256942494	4.4546170655
-2.0414222253	0.4030462551	3.8047045106
-1.7460619764	-0.1365941964	4.5930892558
-1.0179429396	0.3451875600	4.1055146385
-0.8304021249	-0.6321088497	4.2041055633
-0.2486186849	-1.0622403592	3.5138049668
-0.2909513021	-2.0252261025	3.2475975144
-0.0076740236	-1.4336904711	2.4927203190
-0.2078189507	-2.3549714301	2.1592785658
-0.7618440671	-2.8989188270	2.7894986860
-1.6261148810	-3.3965566177	2.7160644326
-2.0833579976	-3.0444098248	1.8994118941
-1.1998314457	-2.5894981432	1.7878942094
-0.8399004948	-1.7139397092	1.4656409871
-1.7084505873	-1.5796748611	0.9885731855
-2.3558726646	-2.3358521962	1.0836546853
-3.0388486974	-2.5002325318	1.7953588683
