1.1675745282	-4.2890755439	226.5921465346
0.9164986266	-3.3280561927	226.7079165574
1.6260891574	-2.8073390995	226.2332219319
0.7735488158	-2.3122930671	226.4008655772
-0.1305000064	-2.0541291089	226.7415224394
-0.8116116842	-2.3898561444	227.3921945841
-0.3035181332	-3.0336677384	227.9643375512
-1.0864622706	-3.6305804005	227.7891412284
-0.3470178222	-4.1165016005	228.2550838162
-0.3967360702	-5.0454715554	227.8882828910
-0.5597534322	-4.3517855550	227.1866953537
-0.8152632598	-4.7060909547	226.2871496841
-0.3337063021	-4.7292607176	225.4110412099
0.6342082370	-4.6501447932	225.6495409281
0.2051054449	-3.8338758749	225.2627905603
0.9954202408	-3.6347996510	224.6833328997
1.1831211952	-3.6302516163	225.6655485925
0.9794832219	-2.7106516881	225.3295909346
0.4669305724	-2.7049414630	224.4709541226
-0.0544842279	-3.5252454379	224.2359477510
-0.7629822041	-3.9949072247	224.7626814824
-1.3181302134	-3.2007998809	225.0100763375
-0.3597720638	-2.9489290483	225.1446524898
0.1918087478	-3.0767802837	225.9689174168
0.1268070442	-4.0009246417	226.3453905025
0.2841367583	-4.8897615296	226.7757581914
0.6320774994	-4.6897263069	227.6916856724
0.2951034670	-3.7781816637	227.4560273076
-0.2775918045	-3.1742678858	226.9016733819
-1.2731464563	-3.2505294486	226.8464003398
-1.6237215729	-4.1731269651	226.6854316777
-1.6180173736	-4.0773879069	225.6900415558
-0.7451485639	-3.6439777530	225.9142193415
-0.8163620463	-2.6578007968	226.0638310087
-1.0438331070	-2.1411861435	225.2383819088
-0.3286514297	-1.9333523805	224.5710586772
0.2454264278	-1.1609407807	224.2993696380
0.7203934601	-1.7676732351	224.9367722165
0.0601829994	-2.0798094686	225.6199216287
-0.3219398635	-1.1903110170	225.3693729861
0.5660820755	-0.7474930339	225.2455615585
1.5441669973	-0.9530612865	225.2125225025
1.5061675155	-1.8084607859	225.7290955716
0.7161052821	-1.3231711066	226.1036561068
-0.1455101513	-0.9803938067	226.4779855976
-0.8570639852	-1.6119874645	226.1701210285
-1.1887344492	-1.4857240617	227.1050286476
-1.6289294521	-2.2778803085	226.6822795020
-1.8277292072	-2.9433464405	225.9628120013
-2.3008325431	-3.2572529610	226.7859984503
-2.1490354900	-3.7524439645	227.6414185371
-1.5866297493	-4.5606802112	227.8159291453
-1.3696499260	-4.1480949532	228.7006286204
-1.4698099776	-3.1539188856	228.6608553807
-1.7359273089	-2.7922001947	227.7673559937
-2.0472508858	-1.8577051831	227.5947387760
-2.2145367484	-1.0924165551	226.9731691854
-1.9043354490	-1.4054644824	226.0755188364
-1.3492171602	-0.6762051600	226.4755494929
-1.0459363923	-0.4548296512	227.4023793910
-1.7388445754	-0.8650264991	227.9953522367
-1.6403405614	-1.0959413104	228.9633270862
-1.6875498621	-2.0434846286	228.6472053659
-0.9827907496	-1.5730708262	228.1161446838
-0.6398871038	-2.3295380802	228.6730776990
-1.0599770274	-2.6790794322	229.5105413098
-0.9135384954	-1.6909174375	229.4648069841
-0.0908933759	-2.2176913971	229.6787326785
-0.0261013013	-3.1616928068	230.0022497964
0.5655145699	-3.7602667856	229.4621573481
0.6462362402	-3.7082023564	228.4667813853
1.3932397380	-4.2783516027	228.8087106341
1.5895344324	-3.4729816358	229.3680384533
0.9587878015	-2.7661628719	229.6882976025
0.9757851633	-1.7709012891	229.7840340710
0.5098121015	-1.7365369270	228.8999027480
-0.2380960999	-1.1139554782	228.6696297320
-0.9324333517	-0.4008540950	228.5727679853
-0.7914811340	-0.6244543643	229.5372032563
0.0900828123	-1.0743509959	229.6801648922
0.8296318909	-0.6985612291	229.1217302841
0.7674268673	-0.9629422490	228.1593201785
1.5998736872	-1.3951935407	227.8126342792
1.5712580422	-1.4238230512	228.8118146913
1.7021323491	-2.3899633034	229.0341768483
2.1401757890	-2.3167746972	228.1382073328
1.6331424366	-3.1605159482	228.3143262723
1.3301492831	-3.8189461700	227.6253670631
1.9856930668	-3.5371712493	226.9247493059
1.5687031488	-2.7109750573	227.3035886658
1.5840910050	-1.8211881250	226.8474719823
0.6992582040	-1.5147769772	227.1984465153
-0.1394223698	-1.0827436014	227.5300517884
0.0354432358	-1.9563579987	227.9841662066
0.4949929283	-2.6577634242	227.4393318197
1.0471319923	-2.2699613238	228.1774049766
0.3892092802	-2.7612702807	228.7481529191
-0.3797896362	-3.3454100212	229.0078092885
-0.3818708220	-4.3060119361	229.2857294742
0.3769444649	-4.7203653217	228.7832251139
