0.9820915808	0.2262198348	27.6013439261
1.5551084602	-0.4859974814	28.0068043438
2.3141499016	-0.9907594830	28.4179872862
2.5734909438	-0.1966057016	27.8683856165
1.9752105962	0.6013787603	27.7957122084
1.3107117144	1.2701714917	27.4623092713
1.8672061655	2.0027551224	27.0703460715
2.8477303581	2.1205170673	27.2275225073
3.7445102966	1.7976018375	27.5300311787
4.0814861981	1.2605003537	28.3033158856
4.8552941337	0.6489904367	28.4684730842
4.7214249177	1.3100346464	29.2067816821
4.1444511200	2.0921408823	28.9713861160
3.6021688410	2.6348599137	28.3299923346
2.6213622281	2.5018911587	28.1873820327
2.2026447757	1.6127093232	28.0029061307
3.1205544352	1.6283602782	28.3993867790
3.4369636565	1.3272581901	29.2989548628
3.9484282290	0.5018715818	29.0599131557
4.1855652835	-0.2495417514	28.4441664381
3.6250475301	-0.2261515307	27.6163544149
3.8421207118	0.7153808568	27.3586802075
2.9007993513	1.0399665409	27.4511909100
3.1979699130	0.5622569915	28.2779213641
2.3930818432	0.9103107842	28.7585602644
2.9164387175	0.4419215533	29.4703952947
3.6072722887	-0.2116985019	29.7794742497
4.5907596733	-0.1565906358	29.6070918623
4.3079998659	0.6875374856	30.0626076207
3.3643541785	0.9254841205	30.2926385218
2.8770076298	0.0790307457	30.5071379994
2.0485504114	-0.0775499561	29.9694195591
2.1534366768	-0.0900975349	28.9750144960
1.3210989229	0.3448793198	28.6314901168
1.3634284248	1.3431212301	28.5900015404
0.4729362363	0.9807963706	28.3147846109
0.6064410026	0.8199957569	29.2927005786
0.3383941743	1.1519721335	30.1971023606
0.4625500843	1.6436147064	31.0590031034
1.2198349407	2.2865574713	31.1736514675
1.1844925902	2.5729595754	30.2161940256
1.0012251630	2.7084481270	29.2425124028
0.5295283231	2.0646624863	28.6399826193
0.5384481353	1.9533991460	27.6462316917
1.3835176681	2.3039551508	28.0499246101
1.9261533640	2.9692165407	27.5371149138
2.6320361143	3.5659230334	27.9187834932
2.9230359161	3.3354819595	28.8473393757
1.9452850474	3.1563514448	28.7381812445
1.9153727155	2.1797721005	28.9512493946
2.1171742197	2.7633672447	29.7378197097
2.9606106402	3.0659872857	30.1817072127
3.7879708763	2.7971690286	29.6885421448
4.7327055665	2.5138875243	29.8535510974
4.1054153893	1.7615831528	30.0549094004
3.1467269204	2.0183150727	30.1774048727
2.9186085718	2.2771677447	29.2388116098
2.3927984570	1.5214464393	29.6292076031
1.6893022734	0.8135615914	29.5660240455
1.2136053239	1.6931399231	29.5586503942
1.3622153178	1.4620772163	30.5201726743
2.1611401120	2.0628515339	30.5482688036
2.0468980676	2.9728272682	30.9468825495
2.2108546863	2.3080389619	31.6756999033
1.9895302022	1.3925754977	31.3396312818
2.3339969955	0.9534939506	30.5098421379
1.9922400772	0.2453915335	31.1277362840
1.1543359917	0.7576817066	31.3160857519
1.1321571954	0.4256023810	30.3730950719
1.0641600411	-0.1329748524	29.5464344031
1.4601027436	-0.9086510264	29.0549510876
2.0173741464	-1.7159187445	29.2492894907
2.7706556141	-1.9188339834	29.8749031384
1.9280264241	-2.2329159595	30.3123143414
1.8466487029	-1.6572857666	31.1259650942
2.8010753182	-1.8600502283	30.9069755762
3.4618986103	-1.2153625941	31.2912807036
2.6665280670	-1.3620777080	31.8793796529
1.7808086941	-0.8978570902	31.8800202534
1.0317970781	-0.2740076529	31.6568757290
1.3777528110	-0.5680458071	30.7658896490
1.9899411902	-1.1258428376	30.2054542280
2.4192536953	-0.7321307017	31.0182774111
2.8035070864	-0.2314608470	31.7939571311
1.9789276266	0.1475075447	32.2140186415
2.5853310217	0.9260921600	32.0525227614
3.4233941549	1.4716518184	32.0563755218
3.0026452488	1.5907972199	31.1570564843
3.0304848848	2.5884687699	31.0947954774
3.9366538256	2.1678027649	31.0512298618
4.0759683754	1.1779469764	31.0791041198
3.3136552754	0.5904597340	31.3506505754
3.9041146246	-0.0158457875	30.8179673942
4.1649631506	-0.8887430107	30.4056465432
3.1770150723	-1.0032297532	30.3014765844
2.6540423027	-0.8936661674	29.4561983444
3.1797195575	-0.3690939216	28.7865063386
3.4514739608	-1.1112881482	28.1738912275
3.0002980625	-1.7196707784	28.8268160962
3.6695255505	-1.2319492528	29.3874071083
