0.7762946453	-1.7389894828	-110.7581784142
1.7627606227	-1.8376782290	-110.6272379440
1.6056000728	-2.2313490779	-111.5329552422
1.1147889160	-2.8575353297	-110.9271539658
0.4717921913	-2.4280263255	-111.5612495639
0.2577945159	-3.3719462692	-111.3098134190
-0.5242617631	-2.7549699723	-111.3977237464
0.0132429547	-2.4661518187	-110.6054657376
-0.2626003904	-1.7172434873	-111.2079993551
0.3695919143	-0.9685638411	-111.4075279926
1.3289710543	-1.1899381101	-111.5824139515
0.8614091848	-0.6276135637	-112.2644528086
0.9405571742	-0.5727969467	-113.2598073858
0.8730601046	-1.5675070290	-113.1823735565
0.5239954461	-1.6397528424	-112.2480639683
-0.3772108339	-2.0731382895	-112.2459915001
-0.6526808016	-1.1330868532	-112.0449452514
-1.2588101094	-1.5373049104	-112.7299379699
-1.5486101801	-2.4140529983	-112.3461037486
-1.2589654875	-1.9125797249	-111.5308550085
-1.6713020502	-2.7690440160	-111.2202950674
-1.2071169915	-3.4003781107	-111.8415434011
-0.4540857780	-4.0497506923	-111.9476529752
0.5065995514	-4.0251388768	-112.2241994565
0.9951903108	-4.7102402369	-112.7644912261
1.6605782213	-4.2133869509	-113.3216229347
2.5183694372	-3.9396005833	-113.7566347218
1.9766531582	-3.2502741476	-113.2756227281
1.0447410434	-3.3980211136	-112.9443967563
1.1118390800	-3.1375528178	-111.9812487301
1.2414610264	-2.3117759427	-112.5301482687
2.0868539690	-2.8188680022	-112.3623137793
3.0308990577	-2.8977071968	-112.0420587999
2.6139109408	-3.6989838434	-112.4711003433
1.6749727184	-3.9702814329	-112.2594576433
1.2659220181	-3.9344954673	-111.3476479652
2.0769878659	-3.3553681949	-111.4300117483
2.1471246351	-2.8377966974	-110.5772511849
2.6268673798	-2.2666688184	-111.2433291419
2.4217961590	-1.2929546324	-111.3424577369
2.3525509407	-1.8324607431	-112.1815872003
1.6685138970	-1.2306047087	-112.5937311518
2.5897360034	-1.1546776712	-112.9752870660
1.8554387942	-1.0456077939	-113.6452955514
2.2371439606	-1.0641050284	-114.5693945819
2.6097946257	-1.8105934513	-114.0181355536
2.0433690167	-2.0673910568	-113.2350538086
2.9773318700	-2.2838587825	-112.9507034747
2.9169626845	-2.9000031820	-113.7360197425
2.0416560579	-2.7401869919	-114.1924155079
1.5155423081	-3.5905479677	-114.2019303962
1.8531535534	-4.5070162731	-114.4166499628
1.4291325238	-5.1482608635	-113.7771098611
0.4337633494	-5.1694450311	-113.6833471941
-0.2777933804	-4.5206213319	-113.9530040642
-0.1928727038	-4.5979772886	-112.9596237067
-0.0900664214	-3.6410441482	-113.2311192557
0.6727534696	-4.1483230972	-113.6320854410
0.7895677041	-4.4763244068	-114.5695125451
1.2220928828	-4.0698213340	-115.3742965047
0.5024286655	-3.5009199489	-114.9762580286
0.5412776426	-3.1748379782	-114.0317151204
1.2084414420	-2.5845164660	-113.5773881710
1.4424695676	-1.8344733681	-114.1959883551
1.9444555037	-2.0410787100	-115.0358242633
2.1785364946	-1.6823875066	-115.9394540051
1.5802934046	-1.0534017480	-115.4429843477
1.1794227573	-0.8173621172	-114.5577792772
0.4674803432	-1.4755119018	-114.8026810126
0.2718591107	-1.0230182548	-113.9326339835
-0.7109652430	-0.9062612605	-113.7897210940
-0.9383982868	-0.5156060101	-112.8977218306
-0.0678139914	-1.0074988910	-112.9088743338
-0.4464094880	-1.8211813193	-113.3499937687
-1.2674533832	-2.2964522016	-113.6662286667
-0.3984613694	-2.7442363706	-113.8768045866
0.3769719617	-2.1201112821	-113.9725700440
0.2878267285	-2.4973166427	-113.0507407521
0.0307615371	-3.0831976636	-112.2821960776
-0.7382078181	-2.8502708439	-112.8775373473
-1.0548225749	-3.7944322176	-112.7863540367
-1.7875561929	-3.2059646076	-113.1281248915
-1.1427381357	-3.5446387092	-113.8133325433
-0.4117512359	-3.6187243438	-114.4916904659
-1.0315094388	-2.8646432476	-114.7090874997
-0.9975604152	-2.0612019349	-115.3035027762
-0.5938271502	-1.7716642382	-114.4356506155
-0.6349519628	-0.8485430372	-114.8179541571
-0.1588322120	-1.1392112826	-115.6479071400
-0.1340492219	-2.1104667293	-115.8846531234
0.4828886295	-2.8942616231	-115.8135668936
-0.4324243399	-3.1986253280	-115.5498153000
0.0029769946	-2.5554809498	-114.9199018245
0.9976081764	-2.5357971358	-114.8183077314
0.9590278917	-1.8993516434	-115.5886639457
1.5332005533	-2.6078326366	-115.9990057994
1.7544589385	-3.1422991350	-115.1832912114
2.5902421171	-3.4689911182	-114.7419989879
2.9218599777	-2.5271322119	-114.7961413475
2.5981659435	-2.7111470971	-115.7242365443
