0.7510838246	-1.7055383212	240.5092769631
0.5445460680	-0.9023259825	239.9505354361
1.0498936283	-0.1633089597	239.5050270935
1.6227385036	-0.9320113222	239.7895361913
2.2334443861	-0.1411411010	239.8290661592
1.7213542607	0.6924473158	239.6219573593
0.9838252906	0.6378869471	240.2950652143
1.3221969033	-0.2686219799	240.5475453463
1.9923187702	0.4455856901	240.7496445485
2.3748587635	-0.0205369686	241.5473868757
3.1950793851	0.4426954390	241.8830263675
3.9944560254	0.3307540080	241.2927161921
4.1780377480	-0.0590449526	240.3903002562
4.7330709261	-0.8735172083	240.2212644143
4.3845784812	-0.8506519560	241.1582970691
3.7965930684	-1.6377064940	241.3448937156
3.3371212526	-0.7513357628	241.4017494742
3.5808352431	-0.8964699547	240.4428232220
3.5583384913	-1.8066128117	240.0291399179
4.4423257073	-1.7640450591	239.5635708165
3.8032366004	-2.4080390242	239.1430510354
3.1922510388	-2.8316013542	239.8118496569
2.5797366682	-2.5918431040	240.5650708244
2.8700219899	-1.6577454827	240.7729074570
2.4918001202	-1.2955457617	241.6248226990
1.6114128772	-0.8813158272	241.3938857730
1.7964410334	-1.5631167883	240.6861343824
1.5855189848	-2.3731170464	240.1389493393
1.1913805148	-1.8078904903	239.4142605739
0.9737814365	-1.0284590139	238.8267767744
1.6302060497	-0.9800004691	238.0739431297
2.0428807293	-1.3167908486	238.9202715819
2.6203527626	-1.6257854710	238.1645941547
2.7896342868	-2.4361219695	238.7255741230
2.4563983281	-2.0226471743	239.5729184388
2.6902040491	-1.0830454071	239.8228852444
2.4865997098	-0.6884018940	240.7188773039
3.1189539924	0.0862460901	240.7258459471
3.2871003290	-0.0312379195	239.7471098657
3.9879079171	-0.6952300106	239.4863739312
3.7573058665	-0.1069550166	238.7112899191
3.8196927248	0.1187545943	237.7390949534
3.3013064774	0.9380699237	237.4941498788
2.6271937592	0.3898595613	236.9991373116
3.2722431863	-0.3729174936	236.9535039795
2.5943654796	-0.6620814311	237.6294226374
3.4952340825	-0.8724707290	238.0091226553
4.1931344074	-1.3023525425	238.5819548847
3.2942310007	-1.4572094168	238.9918231733
2.8370163703	-0.5802084521	238.8440933876
1.8919692793	-0.2559585555	238.8022842923
1.0263991004	-0.0160295219	238.3627136789
1.7848119367	0.0992155899	237.7212087811
2.6861319937	0.2695312597	238.1194734260
2.7286978774	0.5383295285	239.0817289202
3.3246682544	1.2900893125	239.3639992464
3.5676527941	0.8729348171	238.4882477746
4.5452348438	0.6640933754	238.5150542749
4.9251424932	0.0242024870	237.8470648821
4.8041334314	-0.3935337234	238.7475387937
4.9084435920	0.0556809828	239.6348524576
4.1055946756	0.6112051491	239.4184580999
3.6876668869	0.8788484039	240.2866190594
3.7500977066	1.4244873691	241.1223106965
2.8080223277	1.0898199088	241.1001370295
3.0246083188	1.7103846284	240.3464859582
2.6934764187	0.8106907097	240.0620522797
1.9854071906	1.4350067045	240.3920030439
2.2143833335	1.5998058905	239.4326224342
1.2287425813	1.6926354169	239.5736720232
0.8965406649	0.9632487864	238.9756444067
1.7804042591	0.7694449271	238.5499388618
1.0610303820	0.9616153199	237.8824272402
1.4460899210	1.7331633632	238.3888290257
2.1938118210	2.3755088668	238.2205904621
1.9050460863	2.0676696024	237.3140313974
2.1589746722	1.1545668425	237.6330355089
2.6382890722	1.4048449032	238.4742361974
3.4540038299	1.9806723394	238.5293015932
4.2278858689	2.5778446839	238.7402323419
4.3713778460	1.6508483101	239.0867691734
5.1183537294	1.1502242299	239.5242649562
4.7276538672	0.8953078046	240.4087824709
4.2642449910	1.7411172935	240.1444748436
3.6011848927	2.2920988637	239.6377494590
2.7481333284	2.4949225566	239.1569526430
3.1354185958	2.9496212620	238.3549182241
2.7738524619	2.9245655285	237.4229084919
3.2877343535	2.4986967562	236.6782198387
3.8368927814	1.6798610688	236.8453519369
3.4559302260	0.8567201573	236.4242740685
2.7262973527	1.4777800056	236.7104917042
2.9927716724	1.9233451582	237.5651630631
3.8627704038	2.4091890171	237.6491746821
4.1717528628	1.4867426253	237.8807399953
4.3575821282	0.7930529216	237.1848505794
5.2252611381	1.0734397346	237.5953580349
5.5854868036	0.9930862090	238.5247561094
5.0871196236	1.8324372751	238.3076848265
4.8595510658	2.0582583281	237.3604692209
