-2.0401955007	-3.0381967848	123.2445335752
-2.5658397422	-2.4991382986	122.5864195427
-2.1880843521	-1.7820030928	122.0007421896
-1.2299126171	-1.5493581285	122.1674252621
-1.6080405288	-0.7562132425	121.6899941444
-1.3274516961	-0.2964182163	120.8474631712
-1.3032308807	-1.0832300688	120.2307456825
-0.3506165571	-0.9759140457	119.9461244929
0.1977339219	-0.9883220911	119.1099679330
-0.7798626557	-0.8564969346	118.9458732661
-1.5537905490	-1.4128710648	119.2483355665
-2.3537686323	-1.4616650119	119.8463775524
-3.2365670967	-1.6076189598	120.2928798664
-3.6966741684	-2.1009210027	121.0310902544
-3.3377235499	-2.0652392115	121.9637645080
-3.0612901530	-2.9315479160	121.5477190711
-3.3325025565	-3.5411448151	120.8028462948
-3.2770969199	-2.7382118891	120.2093575149
-2.5016329483	-2.5239096378	119.6154466008
-1.7979910898	-3.2242314687	119.7356026159
-1.2549215784	-2.4982991740	119.3135862544
-1.0384970122	-1.9539238832	118.5031444305
-0.4579381649	-1.8455929721	119.3101238841
0.0475974601	-1.8351920712	118.4473808441
-0.2925627128	-2.7276120009	118.7438226188
0.0445111725	-3.6272830824	119.0212629567
-0.9420158892	-3.5614038627	119.1710103605
-1.2556763702	-4.3790892204	119.6537191324
-0.2594749307	-4.4513743940	119.6051645687
0.7268721520	-4.2924398145	119.5620457568
1.1494705556	-3.5961667591	118.9818609402
1.7884480039	-4.2213589191	119.4300155827
2.3950815407	-3.6452983219	119.9778749994
1.9194420730	-3.8005378408	120.8437085796
1.3009783462	-4.5192474205	120.5259678697
0.3011133329	-4.5117591904	120.5405925600
-0.1416354364	-3.8452644669	121.1403911184
-0.8519649687	-4.4909429232	120.8601567760
-0.4081241938	-5.3762858223	120.9986245246
0.2601265017	-4.8707399682	121.5443940705
1.1340010085	-4.3876999595	121.5993094286
0.8769080396	-3.6267800368	121.0035711669
1.2487595320	-3.5223614823	120.0811703684
0.2491698618	-3.5434075965	120.1006010717
-0.7381516462	-3.6507490609	120.2175371653
-1.2876810744	-3.0163428650	120.7611787623
-1.7646836206	-3.8665557535	120.5384533367
-2.3419768372	-3.0540912770	120.6199028082
-2.6175326299	-2.1478496644	120.9405196275
-2.9774665143	-1.3009317941	121.3318988807
-2.2190348982	-0.9465165690	120.7849333132
-1.6617140301	-1.7147204211	121.0999829784
-1.6947291469	-2.1876081319	120.2194790232
-0.7742567423	-1.9770922333	120.5487412423
0.1557794530	-1.8979620791	120.1898943472
-0.3460174068	-2.7046791523	119.8777926404
0.5621383331	-2.7784599660	119.4657131049
0.8540524737	-2.5775894491	118.5305996519
0.9260616968	-1.8262948634	119.1866264176
1.5720343237	-2.5676326270	119.3686640114
1.8788520663	-2.7289800437	120.3066564868
1.4606820702	-1.8323189902	120.1612852049
0.8368460864	-1.0647469070	120.0141058505
1.2607161947	-0.8545523771	120.8951009645
0.7107230979	-0.9260631736	121.7272030013
0.1949664891	-1.0164020187	120.8752440742
-0.7453493014	-1.1152350087	121.2008792295
-0.3522648119	-0.9829454713	122.1108155253
0.3151050350	-1.5615859941	122.5796359950
-0.5580229149	-1.5492462018	123.0669709031
0.0323692534	-2.3333306588	123.2584092796
-0.3939916358	-2.3533760052	122.3540782693
-0.9392193954	-2.3456368544	121.5158260425
-0.0572874971	-1.8742726423	121.5123754986
0.8436430463	-1.8394854173	121.0798087351
0.7740029914	-2.6689577942	120.5256193823
-0.1490576193	-2.8188393332	120.8798715993
0.4083306906	-2.9252642447	121.7032743017
1.0385000204	-2.2380375304	122.0646689046
1.5025510070	-2.6993194538	121.3084442892
1.3151373130	-3.3850632962	122.0117447157
0.7261530335	-3.0433770721	122.7441025809
1.0282680276	-3.9926292679	122.8315485586
0.2787790237	-3.9224145203	122.1732658517
-0.5995009444	-4.3615372620	121.9840688238
-1.2063402375	-5.1250626471	121.7632180626
-1.8635040125	-4.4677291104	122.1320654488
-1.3406282159	-3.7197082347	122.5408021255
-1.4205242140	-3.7057672669	121.5440964122
-0.6103196290	-3.2517266642	121.9147925971
-0.3771573367	-3.3069859892	122.8856590928
-0.9898194064	-2.6509991027	123.3264837667
-1.6517449657	-1.9301727373	123.1209018979
-1.4548868714	-2.6168946574	122.4211448721
-1.9643030883	-2.7561047539	121.5719595761
-2.2958810518	-3.4421081845	122.2196133009
-2.4587941868	-3.9158438164	121.3541458771
-1.9715945643	-4.7502278805	121.0963867620
-2.6362559146	-4.4946807094	120.3943034815
-2.8001626197	-3.6842061062	119.8319285979
