-1.6293335501	1.5624168836	194.4290910892
-2.3464449161	1.9462613346	193.8473568489
-3.2470133507	1.6671075594	194.1805979993
-3.5700389756	2.2377416826	194.9356020676
-4.1918609001	1.8678747464	195.6259178966
-3.4543082931	2.3998458355	196.0418781259
-2.8685906542	2.2824471408	196.8438459519
-1.8953092611	2.2524364902	196.6161999751
-2.3598525312	2.7996730017	195.9199731797
-1.7008479524	2.1327402983	195.5722466573
-2.5508035299	1.7454109980	195.9293902268
-2.5167055894	1.9141371028	194.9443172184
-2.0950561290	1.0474282885	195.2108271877
-1.8814804610	0.1184174295	195.5130262246
-1.1116889116	-0.3876936819	195.1240885517
-1.1648773126	0.5601924649	194.8099502912
-1.0608754565	1.3544729200	195.4085337629
-0.2414938848	1.2601484511	195.9739687588
-0.9871353936	1.7449896050	196.4310768377
-1.6358943186	1.0062656157	196.2483236575
-0.9034142001	0.4010162904	195.9366409178
-0.8030403366	0.7105518978	196.8822162956
-0.7312673741	0.7772886421	197.8774021320
-1.6020731990	1.1122512746	198.2372593954
-1.6105592744	1.3758248719	197.2726574333
-2.5052767183	1.2521171969	196.8434988303
-2.6466233864	0.6894440696	196.0289928013
-2.7879813878	-0.2935934601	195.9121376313
-3.1792156738	-1.1994080685	195.7495472610
-2.9705596931	-2.0966173339	196.1387492854
-3.8364454497	-2.5775184072	196.2765027401
-3.7542309553	-2.0714762098	195.4179213105
-3.1762361175	-1.6496881414	194.7193393233
-3.8186550073	-0.9424889965	194.4240981683
-4.4582778487	-1.2550101373	195.1263895304
-4.6073843630	-0.2662210359	195.1343494525
-4.9576495005	0.4678469055	194.5525775119
-4.4469268531	-0.1931888717	194.0028556923
-4.2424688405	0.7058358038	193.6156199062
-3.2451361171	0.7616736611	193.5686138167
-2.5019541487	0.8952012195	194.2242440120
-2.0760525663	0.0169264100	194.4415944229
-2.6402416254	-0.6629434489	194.9100682008
-3.0799664750	-0.1614307081	194.1649997291
-3.7467128005	0.5054960308	194.4976527952
-4.2665371610	1.3570749936	194.5654458951
-4.3745443722	0.8016417784	195.3899629572
-5.0599994270	0.3096748133	195.9267309455
-5.2619656133	0.7115403757	196.8198791579
-4.3359796663	0.9216708050	196.5061990204
-3.7298967884	0.2952503466	196.0160348088
-3.5928989775	-0.3432535743	195.2587077046
-2.9035104898	0.3598480425	195.0843757525
-3.3147746063	1.2557428763	195.2524063245
-3.4417483538	1.3646525618	196.2383152188
-3.7504659999	1.6182441732	197.1550402101
-4.6473378093	1.3678395629	197.5196200898
-4.9158436826	0.6759998465	198.1898904851
-5.0844221135	-0.0813059285	197.5589631709
-5.5635546627	-0.3674021198	196.7291553801
-5.1169915617	-0.7918802693	195.9415008255
-4.1211825154	-0.7438676368	196.0193412415
-4.4520609230	-0.1065506976	196.7152913823
-4.1541698856	0.4457176205	197.4939187865
-3.3201721451	0.5694523300	196.9562037221
-3.4245514193	-0.4164854309	196.8256981716
-2.6564641785	-1.0353858777	196.6613685412
-2.7722695068	-1.8883644012	197.1703054375
-3.1639978991	-1.0894590597	197.6267034238
-3.2367250300	-0.1296062193	197.8976153821
-4.0296896278	0.0458684530	198.4810669961
-3.1735748001	-0.0551347324	198.9878862522
-3.4582595985	-0.9443558786	198.6297796776
-2.4648733080	-0.8380824227	198.6732495552
-2.1600176722	0.0813865088	198.4249756635
-2.6451012411	0.8370078564	198.8651237185
-2.3449964889	1.7800542842	198.7215947223
-1.9454966579	2.1891976116	197.9012279613
-2.8364999948	1.7614810204	197.7490058502
-3.4460899894	1.0436582079	198.0853545509
-2.5461988143	0.7606381116	197.7535481344
-1.6787756982	0.3501959880	197.4722753116
-2.4368974740	0.0777872288	196.8797849396
-2.2069161496	-0.5950453936	197.5829242235
-1.6876426896	-1.2408692701	197.0232219862
-1.9506286736	-1.9799810672	196.4030993180
-2.2332741213	-1.6764641609	195.4931602880
-1.8284053584	-0.8606676631	195.9061461946
-1.5366450343	-0.1391513083	196.5340713995
-0.8193743011	-0.8280369315	196.4293847551
-0.9722919661	-0.5158435529	197.3670155365
-1.1111506560	-0.1377878322	198.2823253945
-1.4483297191	-1.0718079641	198.1643564471
-2.2773822204	-1.6217796545	198.0633461011
-3.1994222062	-1.9553676591	198.2597164341
-3.9113734470	-1.8147999402	197.5717003390
-3.6733018284	-1.4697341075	196.6638173754
-4.5028587749	-1.7233579377	196.1663133803
-4.6390171476	-1.0877067904	196.9261873939
-4.1383494061	-0.6659805399	197.6821495505
