-0.5492605158	0.8381855897	-189.1692459900
-1.5208703678	1.0593900360	-189.2531679088
-0.8944927035	1.8315909285	-189.3597362125
-1.7890857817	1.9867010099	-189.7788353501
-2.4153802819	2.0121394680	-190.5580067586
-3.3700733042	1.7419302538	-190.6826992353
-2.7262185187	0.9913834677	-190.8314625940
-2.4400295554	0.1729599743	-190.3331867037
-2.0152114450	0.1280983388	-189.4290202330
-1.2679007024	0.1309518188	-188.7645516397
-1.0819817659	-0.5519746217	-189.4709832541
-1.1209566537	0.3115891797	-189.9737143144
-1.7016811534	1.0279315265	-190.3605123206
-2.5070849111	1.1107598151	-189.7736015423
-3.1303090589	1.8816154187	-189.6417937275
-3.8916890248	2.5248999039	-189.5612603896
-4.2058249011	1.5787081991	-189.4835435390
-4.7065899420	1.0471520467	-188.8004019499
-4.1743063243	0.4442027776	-189.3946462845
-3.5361789122	0.8381617665	-190.0561519315
-3.0727158546	0.2168821695	-189.4243183643
-3.4219181250	1.0500482395	-188.9954919728
-2.4799245075	0.7972790763	-188.7746848743
-1.7760012930	0.6767098470	-188.0747168971
-0.7770431929	0.6979271591	-188.0343121969
-0.4591976652	1.5892262432	-188.3576698365
-1.4590200424	1.6071525517	-188.3518507792
-2.1529306524	1.5786897940	-187.6323523867
-2.2486757693	2.4647057606	-188.0860136916
-2.3305235576	1.8616697584	-188.8795176423
-3.0112664476	1.6049773304	-188.1934432184
-3.2347872128	2.4439380002	-188.6896120023
-3.8091295059	3.2549214319	-188.8011324212
-4.2607708517	3.0234275850	-187.9394882409
-4.0240257395	3.8040053521	-187.3609987412
-3.4983425758	4.1400949388	-188.1424723500
-3.7463767755	4.3232568005	-189.0937508414
-3.1157780270	3.6693178542	-189.5117329856
-2.9401671674	2.8774751033	-190.0966653610
-2.2396368110	2.9045284480	-189.3835557367
-2.6673411123	3.3467747716	-188.5952111293
-3.2240231697	3.1344067101	-187.7920891626
-3.2276059077	3.2789904444	-186.8026030799
-3.0085806942	4.1986528917	-187.1285615725
-2.3724148256	4.1114915716	-187.8951748335
-2.5800620808	4.3985405245	-188.8303141365
-1.7898067164	3.7902588935	-188.9044081063
-1.5393043502	3.2983952226	-188.0705503883
-1.4297072500	2.6088534080	-188.7864558021
-0.4372417141	2.6773650857	-188.6848767196
-0.3919973872	3.3369124810	-187.9345766567
-0.0900259257	3.1320275791	-187.0035366933
-1.0842087381	3.1776760195	-187.1010905528
-1.6870868848	2.3802688197	-187.1271615705
-0.9461739442	2.3826970859	-187.7987582634
0.0252351314	2.2318416387	-187.6154360281
-0.2172614221	1.3093280681	-187.3151625969
-1.2091211605	1.4275322211	-187.2678124376
-0.7873114534	1.3096973794	-186.3688177095
-0.6256071853	2.2113676900	-186.7698693031
-0.4065342188	2.1705213460	-185.7950161800
-0.8443020265	3.0200270001	-186.0894639514
-1.7845760063	3.2924976146	-186.2935340548
-1.7761858907	4.0159372692	-186.9838706917
-2.2884528822	3.2029696915	-187.2607573960
-2.7951804426	2.3452285958	-187.1741121866
-3.6881956733	2.0826879429	-187.5396203307
-4.6838484889	2.1196664014	-187.4541331126
-4.1796213826	2.7525686391	-186.8666045747
-3.6409820298	2.7363332329	-186.0242245778
-2.6488025099	2.6282883362	-186.0867233841
-2.0650257179	2.5006127843	-185.2849106812
-2.5838629523	1.6711362857	-185.4917358789
-2.7528890037	0.8495279704	-186.0361529712
-3.6209824604	0.5165958319	-186.4043512080
-2.8918946700	0.0357080697	-186.8913604010
-2.9186214879	-0.5243906749	-187.7193550106
-2.3592470505	-0.2379924068	-188.4972214971
-1.5717793509	-0.8533589062	-188.4623117045
-0.9475845418	-0.4013586011	-187.8250703338
-1.8692054400	-0.2095986873	-187.4876639684
-1.1436904896	0.3456629212	-187.0810774427
-2.0510613831	0.7532347684	-186.9782997654
-1.9940932094	0.0120917123	-186.3093740613
-1.0867172143	0.2776231572	-185.9835491768
-1.7323630434	1.0370566832	-185.9035355349
-1.2888909697	1.6719522727	-185.2708902074
-1.4723222871	2.1721471842	-186.1171513978
-2.2572130260	1.7064200499	-186.5258624990
-3.2370225347	1.7779657770	-186.3391688044
-3.0744875418	1.2230962321	-187.1550745368
-2.8397461110	0.5332053679	-187.8398716280
-3.6018220062	0.1653484659	-188.3727145969
-3.9012167976	0.2497935889	-187.4223295276
-4.1218217718	1.1483277551	-187.0428960056
-3.9249559481	1.1196090148	-188.0229057410
-4.1324962143	1.9902949173	-188.4688127909
-4.7810616503	2.6307279753	-188.8801622451
-5.2404917974	1.8943944566	-188.3834360738
-4.9636230905	1.1544577582	-187.7703802839
