-0.8361066669	-1.4049454987	82.8362738054
-1.1102428511	-2.3458196840	82.6372634538
-0.9474145860	-3.0174366790	81.9144788607
-0.4510315742	-3.4207734201	81.1457634525
-0.9909241412	-4.2466222712	81.3085199926
-1.6434231093	-3.9208673194	81.9927193845
-1.8941825234	-3.1431278873	82.5691229688
-2.7691464551	-3.6243106344	82.6229865185
-3.4256663803	-3.5487604583	81.8724708566
-3.3067196314	-2.6682816624	81.4135495550
-4.0797206581	-3.1839624410	81.0440326442
-4.2641534501	-2.8561775294	81.9706078419
-3.4897643844	-2.7454318616	82.5935500318
-2.6313948689	-2.3528092331	82.2633239782
-1.8427665702	-2.4300997430	81.6533308770
-1.1466053467	-1.7232801484	81.7788920635
-0.2534878021	-2.1730340478	81.7867965843
0.0436976773	-2.2190746639	80.8330874816
-0.4790118736	-2.2438671012	79.9809372247
-0.8123791249	-3.1695162774	80.1599340920
-1.2747477554	-4.0559799540	80.1798689734
-1.9963867344	-4.2752307194	80.8365015083
-2.6041752657	-4.2679771601	81.6305673034
-2.4341771799	-3.2830722530	81.5979640084
-2.9189591035	-3.4645769347	80.7423691644
-2.0914540584	-3.4046554503	80.1841175939
-1.5394743620	-3.3135461990	81.0129827934
-1.0036327298	-2.4699663892	80.9776720335
-0.8158779201	-1.5421921301	80.6552079958
0.0780692217	-1.0983870303	80.7176222653
-0.5031919438	-0.9281181609	81.5133257086
-1.4844963661	-0.8457420004	81.3393837677
-1.3345406173	-0.6295784424	82.3041565853
-1.9135153601	-1.4288202480	82.4654041692
-2.4315767205	-1.4928661380	81.6124618788
-1.8211974338	-1.7366768918	80.8588084818
-2.4576341416	-2.4926227912	80.7055305837
-1.6150444893	-2.4861329919	80.1670135827
-1.5245229333	-2.9858535544	79.3055699065
-1.8640084299	-2.2762023253	78.6882007052
-1.3165086954	-1.8430863463	79.4041997202
-1.0091861820	-1.3987712436	78.5626909786
-1.8876558183	-1.3941574547	78.0849150781
-1.9933992454	-1.1318239483	79.0440811008
-2.0178185042	-0.2575984072	79.5289866617
-2.8624179814	-0.0962209091	79.0184878604
-3.7045468882	-0.0734180920	79.5572818246
-4.3377958502	-0.1766569715	80.3243134314
-3.5202963569	-0.7308464846	80.4810570504
-2.8448964534	-0.8608121620	79.7551480388
-2.4885729167	-0.8694113031	80.6894711050
-1.8034404468	-0.1457709327	80.6061757682
-0.8558340501	-0.4643785993	80.6292250983
-0.6745915768	-0.9602422986	79.7799487254
-1.6244442092	-1.0656162150	80.0743571397
-2.3079746558	-1.7674917140	79.8739652423
-2.6744713850	-2.5929304036	79.4446272435
-2.7990642541	-1.8127920442	78.8315524054
-3.4685342290	-1.0840769118	78.9757196985
-4.2874661372	-0.9811397255	79.5403031426
-4.3424976530	-1.5366488014	80.3699905529
-4.4338448366	-2.5174200809	80.1975278342
-3.4457746110	-2.6194065273	80.3129227819
-3.3926597116	-1.7283793757	79.8620908592
-3.2670281289	-1.6997265110	80.8537539667
-4.1269869107	-2.0622275732	81.2130085748
-3.5345950748	-1.7624052675	81.9607909614
-4.0595385678	-0.9699243722	82.2712879173
-4.1774426992	-0.9779133730	81.2782950716
-3.2189006026	-0.7808349959	81.4841036288
-2.9689408298	-0.9705092494	82.4336002267
-2.3047727556	-0.4539894447	81.8931485078
-2.7109566791	0.0851765054	81.1553716456
-2.7996710627	0.1551349611	80.1617743566
-2.0102577446	0.7016567538	79.8822380561
-1.1905649433	1.2529869252	80.0376045698
-0.8619102168	0.6150220929	80.7340146095
-1.7959083198	0.9153669189	80.9275101628
-1.5096808900	0.2617165264	81.6280920800
-2.3459867208	0.6478965954	82.0172675053
-3.1655222637	0.1037091009	82.1967708892
-3.8376527191	0.0784654177	81.4567685869
-3.6674676968	0.6073161358	80.6252916022
-3.2360902228	0.9982821760	81.4383469695
-2.7916846942	1.1636615527	80.5579190122
-2.1556361332	1.7857283115	80.1013281936
-1.9450748965	1.5799942083	79.1456412969
-2.6934514839	1.4284539951	78.4999106664
-2.8734115157	1.0030756421	79.3868535303
-3.8496604112	0.9770638261	79.6019383493
-3.6267495312	0.6406063512	78.6870027739
-3.5881922997	-0.2388858466	78.2126539424
-2.9135995751	-0.9659761661	78.0851222866
-2.1222157401	-0.3889367672	78.2869567676
-2.6422744745	0.4468646126	78.1109597043
-1.9475125202	0.5496165862	78.8228219513
-0.9964451097	0.7737161696	79.0355427954
-1.0737696376	0.1268192461	79.7941898067
-1.1894412214	-0.3309448672	78.9126728748
-1.2483784118	0.1952706319	78.0643665292
