2.0340580300	-0.4561624698	-96.7809940932
2.9546931851	-0.1618233026	-97.0375001669
2.2848001220	0.4652804170	-97.4349724413
3.0909839406	1.0403767867	-97.5740113433
2.8986149375	0.8417647329	-96.6129975979
2.5738574384	0.9207528052	-95.6705043877
2.5929034581	-0.0354074753	-95.9627282183
2.1771618919	-0.7007424550	-95.3426570008
1.9605118463	-0.5179174204	-94.3836795430
1.9651240927	-0.3100887783	-93.4055251673
1.2171329252	0.2461539143	-93.0434432979
1.0802513165	0.0150129956	-94.0066864141
0.9654024398	-0.4748870179	-94.8708667843
1.2428519774	-0.2560703759	-95.8063565124
1.8205198705	0.3174603891	-95.2255275644
2.7608416284	0.1674737653	-94.9200787073
2.1296748017	0.5443196604	-94.2421291457
1.2321336849	0.9743269080	-94.3396673978
0.7786625604	0.6076058529	-95.1519971381
0.7551441474	0.6498219060	-96.1508288002
1.1067660220	0.1488186409	-96.9416244664
1.8443072285	0.5927580666	-96.4327524246
1.3218792292	1.3155577975	-96.8851123860
2.1617375526	1.5241332465	-97.3862453809
2.7514273654	2.1789566286	-97.8589739108
3.5387624002	2.6256922458	-98.2838631097
3.8084633482	1.9424613329	-97.6052933503
4.4240517243	2.7275759444	-97.5371317924
4.3195993904	3.3539741927	-96.7646585278
3.4758980362	3.5871217091	-96.2811192218
3.1151274955	3.8442699495	-95.3846152343
3.6492563260	3.0622049070	-95.0635534619
4.3859119803	3.0658036025	-95.7398119158
4.6112321722	2.1035764207	-95.5870059544
3.7404791318	2.0027392995	-95.1057357416
3.4724487075	1.4636841860	-95.9042213559
3.9160623571	1.2187012833	-96.7663062167
4.2110677759	2.1567503429	-96.5845487827
3.5037293101	2.5580931241	-96.0026585295
2.7346924411	2.1146338380	-95.5423041490
1.7419920953	2.2313735800	-95.5120080095
1.4923587334	1.2822999824	-95.7042123047
2.1755069641	1.6368652695	-96.3426415899
3.0446697034	1.8775928750	-96.7746211642
3.3896573269	2.7813841382	-97.0278895833
3.6531181528	3.5357908306	-97.6291041338
2.7319504715	3.2515010169	-97.8948660661
2.7222787655	3.6761947343	-96.9895806390
2.3367371227	3.9763058283	-96.1170607407
2.4859523247	2.9886180165	-96.0700755317
2.2569569067	2.6184284191	-96.9703647965
1.4078081198	2.6594714320	-96.4438082384
0.7791573812	1.9317035306	-96.1696693490
0.1872180200	1.3651336503	-95.5964273727
0.8350966291	1.8453944951	-95.0051551605
0.8184094295	2.7391274597	-95.4534440466
1.6270368870	3.3272766767	-95.4392266829
1.4833040358	2.8452726565	-94.5749275495
1.5160249099	1.9447001520	-94.1414549338
2.0339620726	1.4600579518	-94.8463400545
3.0223729710	1.3158544656	-94.7989137908
2.8727319700	2.2542058685	-94.4872982976
2.5103918099	3.0576655958	-94.9596986309
3.0739303437	3.3019984537	-94.1705688726
2.2514505158	2.8579427265	-93.8151234566
1.9661267749	2.1050821932	-93.2220034179
1.7409182427	1.1374304318	-93.3357187886
2.5606267266	1.4466850712	-93.8178386590
2.8167497747	1.4928100099	-92.8522955609
3.0717073668	2.2779566939	-93.4166902020
3.9915619806	2.1025832084	-93.0658175326
4.7434542760	2.6251911532	-93.4677365693
5.3727432791	2.3489984528	-94.1941751027
4.6264860388	2.7388696191	-94.7337125017
3.8691362700	2.5752955802	-94.1015219754
3.7419782099	1.5854120131	-94.0385827078
4.5906693908	1.6141975666	-94.5666874998
4.7492376641	1.4769805802	-93.5889208603
5.3791442509	0.8221633238	-94.0065714950
5.0120443692	0.7171420804	-94.9308053481
4.5131190542	0.0896805198	-95.5286059169
4.5342751645	1.0398760636	-95.8395413564
3.9338054278	0.8978395447	-95.0526095153
3.5334347154	0.4281102498	-95.8394117027
3.4669380180	-0.5331176908	-95.5717943724
3.7840037630	-0.0781844660	-94.7396254747
3.9678998258	-0.6893667695	-93.9697953440
4.7753759561	-0.2587531904	-94.3729755080
4.2755430564	0.5557431905	-94.0784203894
3.2796084958	0.6429374437	-94.0558037301
2.6569830277	0.5251091673	-93.2822056279
2.1168968799	0.6595178719	-92.4513980370
2.5504674728	-0.2415839950	-92.4570519107
2.8892467018	-0.9487671388	-93.0776327960
2.5342803501	-1.3384836897	-93.9274091778
3.0605602690	-0.9613206083	-94.6894967429
2.9373121778	-0.3177716766	-93.9340798510
3.5549672116	-0.0085465833	-93.2109739799
3.2914639867	0.5536473538	-92.4270709071
3.8190417525	1.0318889792	-93.1291725014
