-0.7768177067	-0.7267262450	236.6233240364
-0.9434700524	-1.4364875295	237.3077697353
-1.0403306449	-2.1856383914	237.9630490740
-0.5453069421	-2.4631489643	237.1396783096
-1.3384881450	-2.1921755997	236.5943004453
-1.0780178754	-2.0674816374	235.6369046784
-0.7829893561	-1.1157294502	235.5524893546
-0.8917276691	-0.6970777444	234.6508759516
-1.0231939479	-1.3443150950	233.9000094991
-1.5347459444	-1.6042030195	234.7190167161
-1.4710045283	-2.3186382627	234.0222245554
-1.5632950831	-3.3112778590	234.1006406588
-0.7853904016	-2.8978103704	234.5738308345
-0.5236164674	-1.9430247052	234.7147518798
0.0440541250	-1.8825065181	235.5357802883
-0.3400137140	-1.7008027767	236.4410292294
0.1239029525	-1.0785957039	237.0716160077
0.9452524611	-1.4401268893	236.6303902302
0.5446233159	-2.0672006590	237.2984282347
0.5420762186	-2.3712973373	236.3457904638
-0.3588605543	-2.7147363495	236.0805310131
-1.0916547009	-3.1238871344	235.5368322234
-1.8411894122	-2.6907268336	235.0362626774
-2.0112591993	-2.8332163936	236.0113385682
-1.8742110560	-3.8237761871	236.0083216224
-1.6862932663	-3.8831440991	235.0279327427
-0.9164225402	-4.1771297218	235.5943879649
-1.1255230656	-4.4490193325	236.5337244381
-1.6322553776	-3.9116385307	237.2078492320
-1.6320588858	-2.9209135866	237.3437317052
-1.0805081591	-3.2838592836	236.5926909494
-0.2794913180	-3.8101201725	236.3073464259
-0.1366541109	-4.2934856551	237.1710334888
0.7499066409	-4.0819449454	236.7596206042
1.1935869324	-3.2713956559	237.1419263041
0.2033521507	-3.1753282246	237.0409009316
-0.5935150843	-3.4289135976	237.5892594533
0.0014612985	-2.7591177442	238.0335303378
0.8193553837	-2.2629581203	238.3248632969
0.0407832746	-2.0375402376	238.9105357728
-0.1016176813	-1.6320056076	238.0076162683
0.7467363870	-1.1076543802	238.0807679264
1.0806660022	-0.6031196628	237.2845671156
1.0480457224	-0.4380293739	236.2988282486
0.2779212965	-0.9680229747	235.9438421197
0.0935641272	-1.0034356805	234.9616209763
1.0669825941	-0.8605849986	235.1406465920
1.2552276092	-1.6942433514	235.6598551870
2.1351987372	-1.9579184375	236.0549833470
2.2608551769	-1.5437436155	235.1535014137
1.9326237960	-0.8693567659	235.8149139457
1.9897998589	-1.1392744032	236.7760983021
1.5485367683	-1.5807614722	237.5573639757
1.5419538353	-2.3140909702	236.8775224409
2.1839062027	-3.0764113212	236.7952737919
1.7678601044	-3.8842174463	236.3777155226
1.4355199051	-4.8262046830	236.3307044813
1.0523043490	-4.2164740044	235.6368930248
1.0072565324	-4.5399067029	234.6917147433
0.0736729595	-4.4090525664	235.0253296522
-0.7139175082	-3.9866789570	234.5766629728
-0.8060962372	-4.9822259865	234.5569349762
-1.4857358198	-5.0329569565	235.2887248411
-0.5566567139	-5.1526788226	235.6386943965
0.2385081645	-4.7752942883	236.1133455625
0.8095047502	-5.2900457054	235.4738192708
0.0923045865	-5.5487901110	234.8267680690
0.2067316700	-4.9100614462	234.0658921689
1.0404533982	-5.4589908072	234.1257640042
1.2316476464	-4.6517528747	233.5673630015
1.2584590919	-3.7327039816	233.9605935680
1.2290501030	-2.7937590740	234.3034019283
0.2388166599	-2.7129781996	234.4170336951
0.7390032187	-2.5854798045	235.2735134472
0.8241475923	-1.8031133181	234.6565425268
1.6459990974	-1.4173311143	234.2373382869
2.1714239073	-2.2581024885	234.1068305651
2.2157928198	-3.2511477963	234.2158829208
1.7718464283	-2.9704506423	233.3649300965
2.0801037902	-3.9206931904	233.3200246557
1.3230359402	-3.6852234770	232.7105968219
0.4557043128	-3.9920422350	233.1025127540
0.5556352171	-3.0351605803	233.3752604640
0.7739040866	-2.0854537536	233.5997947464
0.0671470345	-1.4699402586	233.9485605801
-0.4490525699	-2.2604409868	233.6189447930
-0.6595787623	-3.2325282784	233.5153831211
-0.5206424604	-4.2216494447	233.5637155360
0.1949976339	-3.7801314858	234.1049374382
0.7566247423	-3.5491598000	234.8994354378
-0.1285072373	-3.3615471758	235.3252791673
0.6068901934	-3.3241975968	236.0018851294
1.4830687031	-2.8424743098	235.9859510794
1.8389504656	-2.4705702147	235.1286089568
2.7955697965	-2.6795899874	234.9256552912
2.8275128297	-3.6785890721	234.9569677714
2.4925404367	-3.2466352459	235.7943502336
1.7536458287	-3.5264385739	235.1813699272
2.1020301322	-4.4388240775	235.3962677400
2.0656952396	-4.3128094090	234.4049050017
