4.7844014883	2.3356008268	-56.1439685523
4.4187152087	3.2414967842	-56.3575711257
3.7501554809	3.8274932940	-56.8154313455
3.3764284853	3.3822375215	-56.0017511688
3.8513864232	2.5732873488	-55.6553199703
4.1791930382	1.6525844582	-55.4435441210
3.9490032957	0.8448541630	-55.9863004684
3.7189494909	-0.1003806352	-56.2178310783
2.7837117843	0.1718137938	-56.4441950001
1.9681660251	0.7185071417	-56.6339619570
1.8642834645	0.5398352268	-57.6123712581
2.0461786985	-0.2851039658	-57.0772175864
2.8133708987	-0.8643253866	-56.8016841516
2.5537704027	-0.7523642295	-55.8424801682
1.8451754087	-0.0473051603	-55.8704952249
1.0788935093	0.5815206971	-56.0023667220
1.0020334242	0.2763073182	-56.9515439029
1.1344068813	1.2575240292	-57.0918686477
2.0323009620	1.5730286675	-57.3988589454
2.8415888038	1.8919645792	-57.8921469682
2.8826118092	0.9311143155	-57.6181325823
3.0658923773	-0.0416236152	-57.4760440479
2.4049425880	-0.1898026055	-58.2116991049
3.0346135076	0.2499199196	-58.8521353890
3.7418025088	0.4495398773	-58.1738761546
3.3876690644	1.2729202906	-58.6173107028
3.3080018202	2.2563012553	-58.7804517723
3.8464345425	2.6068292166	-58.0141487305
4.3045496264	1.7938453611	-58.3735758031
3.8114005532	1.6731775990	-57.5120403815
4.5003502226	0.9690001277	-57.6837449010
3.7720441594	0.7275226963	-57.0424501729
2.9986047249	1.1519650714	-56.5716634786
2.7668773670	2.0888502773	-56.8334812443
2.0257407062	1.7046804518	-56.2829088192
2.3681011298	1.0078052241	-55.6527070599
2.1670947767	1.9087900063	-55.2682296635
2.4589351564	1.2071850125	-54.6181684160
1.6672547303	1.5791286015	-54.1335035116
2.3591716751	2.2915723878	-54.2504427816
1.8920332744	2.8923161833	-54.8992020641
1.9973456108	3.5570338795	-55.6388369039
1.1005843284	3.6715179160	-56.0662858571
0.2794940410	3.6295387238	-55.4970332880
0.8653836671	3.1720196768	-54.8281464010
0.1635794102	2.4878094100	-54.6298357963
0.5629883845	1.7460035921	-54.0911368082
1.2170217928	2.5001025578	-54.0313450817
1.1398245415	2.1195407319	-54.9528727704
0.9843586757	1.6561017558	-55.8252572498
1.4512106317	1.0969629671	-55.1401199889
0.4608303254	1.0160421728	-55.0278761738
1.0127809501	0.6637158464	-54.2720874019
1.0982045644	0.0529454046	-55.0592737036
2.0679623184	0.2244413163	-54.8856100893
2.9427559928	0.1227484156	-55.3593131410
3.3604423206	1.0013969933	-55.1279804618
3.2821331440	1.9324266384	-54.7715376572
2.9388320563	2.8283163099	-55.0535413093
2.5480979637	2.6621894940	-55.9589300379
3.0891208405	1.8406733633	-55.7789147784
3.8193380043	1.8547197276	-56.4619854874
4.6596062663	1.3757122288	-56.7159560839
4.9608101803	0.5329111710	-56.2699038682
5.2357759946	1.3709043755	-55.7985640861
5.6907350228	1.7462876146	-56.6060909937
5.5421204728	0.9359707476	-57.1729245588
5.1932564536	1.7604878707	-57.6184191265
4.5264664118	2.3677132681	-57.1863677907
3.6241174385	2.7325860802	-56.9569464285
2.7803877020	3.2690667202	-56.9393778579
1.8161120208	3.1863829216	-56.6877118091
1.9728497077	3.6452201249	-57.5622984077
2.1513354409	2.6612819798	-57.5593709928
2.9057326207	3.1273951831	-58.0215650829
2.4887725473	3.0181034524	-58.9238951859
1.8141891888	2.5380058675	-59.4846478956
2.5127829701	1.8313253313	-59.3725347895
1.6180588440	1.3892401277	-59.3090571489
1.0086403970	2.0743861646	-58.9100783718
0.5645711388	2.8128073587	-58.4025976982
1.5508654359	2.9737460112	-58.4389612732
2.0099417977	2.0865785752	-58.4856820881
1.4136339962	1.3249498966	-58.2320312220
2.3297712042	1.0544602575	-58.5278824877
1.6016530052	0.3829688906	-58.6655169040
1.2562679040	-0.2521680904	-57.9746405423
0.7593647537	0.6146194730	-57.9326098491
0.1263719662	1.1105742747	-57.3381782167
0.3877156324	1.6897989251	-58.1103169947
1.1675486399	2.1953241832	-57.7411223389
1.3030147837	2.2480647280	-56.7517450808
1.4525866416	2.6388163719	-55.8434822267
0.4652745595	2.6006546687	-55.6893441817
-0.0990443825	1.7837648202	-55.5700332138
0.1453271957	1.0311724471	-56.1814964193
0.3119411925	1.9209403991	-56.6064114315
0.1336760548	2.4760372717	-57.4188700475
0.4975720399	3.0289446262	-56.6692880511
1.0079703850	3.2031972384	-57.5113863568
