-1.2416013045	1.0274468532	-173.7730175976
-1.0493480321	0.0714570074	-173.9946526446
-1.9587065815	0.2606329666	-173.6241401818
-2.6560670560	-0.4141363002	-173.3825313965
-2.7435186425	-1.1682047329	-172.7315836114
-3.0060792437	-0.2931497840	-172.3249624521
-3.1405690750	-0.8329702580	-171.4939953401
-2.1915567605	-0.7883161447	-171.8060556499
-1.6520584390	-1.1967967898	-172.5423199528
-1.5786318816	-0.7346331501	-173.4260695276
-0.6483538978	-0.7454758769	-173.0593744117
-0.9847169458	-0.4331219454	-172.1709516962
-1.6176886402	0.1629402748	-171.6769307819
-1.9172016285	-0.0961445272	-172.5951720548
-1.0696657523	0.3200276754	-172.9245405967
-0.7124693261	0.6858502972	-172.0651311934
-0.8441756598	1.4395190057	-172.7090542630
-0.7103755324	1.8345771586	-171.8001942179
-1.1336995331	1.5905158255	-170.9277087704
-0.8542313216	0.6303807145	-170.9215372753
-0.9543113195	-0.3565868682	-171.0475491190
-1.7455650432	-0.0185549819	-170.5379885352
-2.3252649191	-0.7975960797	-170.7768253452
-2.6079034707	0.0471438360	-171.2312809800
-2.5001825224	0.5866000228	-172.0663757170
-2.8244666324	0.6536587295	-173.0099555736
-2.3516975086	1.2609129410	-173.6484942789
-1.8696279230	1.0554063913	-172.7968042105
-1.6185683397	1.2574337634	-171.8501500886
-2.0201686346	0.9203123733	-170.9986417965
-1.5595287823	0.9891142117	-170.1137252843
-0.5883455663	0.9128711782	-169.8879152742
-1.1964629791	0.2000422835	-169.5385327058
-2.1040182916	0.5574610421	-169.3180895479
-2.5061200274	-0.2094543045	-169.8182445691
-3.2960471933	-0.5234109621	-170.3449762747
-3.6290738116	0.2986471554	-169.8831172889
-4.2431109950	1.0681818634	-169.7076901797
-4.5782811704	0.5657393001	-170.5046923278
-4.7454411634	1.5352765787	-170.6837314357
-4.9361812951	2.5145552873	-170.7517859215
-4.6408486921	2.1861150301	-169.8546205794
-4.0642858981	2.0697314951	-169.0458992323
-3.7347907427	2.8123958970	-169.6288936822
-2.9622115602	2.4497129287	-169.1077579309
-2.3719599492	1.7326750769	-168.7370022772
-1.4886965617	1.3475193367	-169.0043986946
-1.1125458312	1.8837749832	-169.7600047491
-0.6820122279	2.4670088400	-170.4488291714
-1.3609786228	3.1838741730	-170.2903718304
-2.2599327394	3.2573388326	-170.7222102725
-2.4809672596	3.4320653367	-169.7627237485
-1.9425117404	2.6383401773	-169.4797643428
-2.2249442546	1.7223564451	-169.7647304411
-1.8013051551	2.2474113479	-170.5028681399
-1.3476101350	2.6434561606	-171.3011847031
-2.3031076069	2.3705254646	-171.4131374444
-3.2933829941	2.2337464521	-171.4385571094
-3.8865544581	2.2064002607	-170.6339455260
-3.7052689090	1.2231950039	-170.6128986102
-3.0800061914	1.0561045522	-171.3752156800
-2.6870463079	1.6832149426	-170.7026719355
-2.7589058201	0.8418132975	-170.1670606191
-3.0632746151	0.9594496715	-169.2217980523
-3.3129281106	1.7436347553	-169.7898886143
-2.9290241400	2.5615724179	-170.2183693274
-3.5008130329	3.1994166116	-170.7343269287
-4.1622767309	2.9815933386	-171.4519750304
-4.3469299627	2.0125502776	-171.6158613626
-3.6582626711	1.5344973371	-172.1610244094
-3.6123470106	0.5355769783	-172.1539626127
-4.2473265952	0.9251325009	-171.4868438661
-3.6540401809	0.2431067871	-171.0592317098
-4.3451690774	-0.1491635115	-171.6662447750
-4.5197448560	0.1896234645	-172.5907698868
-4.0135891802	-0.6712441601	-172.5386799190
-3.6762432360	-0.0546662952	-173.2500373893
-3.2909943822	0.5308947056	-173.9632706155
-2.4658565621	0.5654960861	-174.5271414538
-1.7582630854	1.2506412427	-174.7000217190
-2.6491861008	1.6986394179	-174.6254977925
-3.3544697242	1.6317202672	-173.9197380332
-3.0196302404	1.7534358597	-172.9853570431
-2.5592125272	1.6190410101	-172.1078870700
-1.7538787098	2.1504793831	-172.3705859435
-1.5660037701	1.9874853778	-173.3391601334
-1.6835811469	2.2634284530	-174.2931155724
-2.5245920574	2.3737001958	-173.7634545571
-3.2383084079	2.8751719756	-173.2744402168
-3.1002234639	3.5961135197	-172.5953409323
-2.9385901819	3.3541866990	-171.6386037188
-1.9966602554	3.2745609960	-171.9648363980
-2.1063559266	2.9974193753	-172.9193830871
-2.8082491689	2.5721049993	-172.3480219421
-3.8056857693	2.6242238138	-172.3970510908
-4.1093661386	1.9717507451	-173.0913544307
-3.8012819219	1.0208797522	-173.1218252409
-4.7645175331	1.0520428288	-173.3886698021
-4.6720050503	1.2806150513	-172.4195484580
-5.2630923638	1.3704109092	-171.6179547381
