4.3405922711	-1.6888319416	194.5824765896
4.4775182559	-0.8195113068	194.1075735377
3.8162874214	-0.0704875301	194.1492528534
3.7812844992	-0.6578479944	194.9578210202
3.7893127333	-1.4767749124	195.5316626800
3.6149205965	-2.3888318038	195.1605298071
2.7540493095	-2.4930296021	194.6624902041
1.9903080926	-2.4149508365	195.3032733656
2.7708918816	-1.8551220344	195.5812673596
2.7035565452	-0.8734924647	195.4027474998
1.8058445779	-1.2569940849	195.6196339472
1.8699943487	-0.2647083884	195.7257183632
0.9676882652	-0.4795457040	195.3519689023
1.0153787811	0.4955915217	195.5683782502
0.9864588172	1.0576431345	194.7417818432
1.0851408012	0.8642871910	193.7656285022
1.0139000022	0.0830157202	194.3857411028
1.7814416753	-0.5099637277	194.6291649195
1.8947108453	0.4437091602	194.9078728631
2.8450412208	0.1617422978	195.0396562687
2.8576480865	-0.5500756082	194.3374053622
2.2789331154	-0.8407786568	193.5754468858
2.6335409432	-1.7537487159	193.7772858307
2.2204820883	-1.4878841545	194.6483187907
3.2200084451	-1.5177992881	194.6410975066
3.6121496815	-2.2147739228	194.0407212836
2.9777815331	-2.7163869050	193.4525363905
2.0104001479	-2.4945413559	193.3302342738
2.3211672906	-1.7433970747	192.7478202871
1.3334311409	-1.6930767226	192.8956213721
0.7087420478	-2.4256787393	192.6253292670
0.8424726426	-2.2994615671	193.6082765461
-0.0650622372	-1.9654397490	193.3536987251
0.4876427899	-1.1365605144	193.4401647149
0.6095228647	-0.9355925559	194.4121508913
0.2873751114	-1.8821900220	194.3989576274
1.0991527176	-1.7071934055	194.9560871476
1.6217670728	-2.2890404199	194.3329272262
1.4577837155	-1.3821896426	193.9446861590
1.3177979921	-0.4832598879	193.5295605234
1.2023130416	0.2580088187	192.8683616646
1.0166209071	0.2130146366	191.8867843856
1.9764892501	0.4581467122	192.0230305949
2.2611478662	-0.0098074312	192.8596836843
3.1125557416	-0.1442974302	193.3666521940
2.9552331392	-0.9393990958	192.7809364436
3.3555167422	-1.8380431099	192.9604133864
3.4926071121	-1.1472257561	193.6703271940
4.0070069279	-0.6642668975	192.9617063008
4.6864537175	-0.0527952744	193.3672362185
3.9170328186	0.5664579921	193.2106575725
3.3621485086	1.3760093341	193.4023083671
3.0013046544	0.6768511410	194.0195356623
2.1230941210	0.2148709816	193.8957592862
2.0830669380	1.1897510863	194.1148633850
1.9936024745	0.9878649458	193.1395490274
2.1519199414	1.5390133384	192.3202987428
1.3466074706	1.2953756624	191.7798244075
2.0603403348	1.0575905427	191.1210045267
2.8807832996	1.3769185854	191.5952438571
3.3679421738	1.7986511228	192.3599777312
3.9673451168	1.8398129717	191.5605893311
3.7781354096	0.9761034869	191.0934644950
3.7768547916	0.8599272795	192.0866922881
2.9088034110	0.7951231459	192.5789190903
3.3538325214	-0.0718962513	192.3548064943
3.8847430313	-0.0815008968	191.5074330340
4.4482251910	0.0908465699	192.3153836552
5.2418955650	0.6119034179	192.6293694808
4.5277896002	1.3096480922	192.6859825585
4.7855427182	1.0992456703	191.7429586187
4.9446163225	0.1902501666	191.3577018696
5.4982694297	-0.2836476910	192.0424566122
5.0448807276	-0.8887384487	192.6969058919
4.6639576157	-0.8597385309	191.7727540713
4.1108453082	-1.0247536717	190.9561533252
4.0608558591	-1.8839179609	191.4654055016
4.2712607559	-1.7038243198	192.4262884601
4.3761490271	-1.7273691493	193.4204937163
4.0653216091	-2.6417762670	193.1611754963
3.6219314191	-2.6112827055	192.2653656492
2.6367029982	-2.6987212690	192.4126051011
3.1268850828	-3.5030368021	192.7484593063
2.3339147568	-3.5445616548	193.3563028296
2.0558347724	-3.2299540230	194.2638784795
1.2734108580	-3.2741552075	193.6427029218
1.5457951195	-3.1985342274	192.6834905983
1.6415297217	-2.4470760681	192.0306923747
2.0404937749	-1.5773923432	191.7400415481
3.0134185296	-1.7561260501	191.8865737418
3.6498209510	-0.9890537007	191.9677646819
3.0636402016	-0.8561428242	191.1685608106
2.4890203139	-0.5467188398	191.9262340795
1.7650772350	-0.8412993914	192.5500359048
0.7819590293	-0.6697109251	192.4865064492
0.2115860066	-1.4898405030	192.4410962034
1.0017581743	-1.5161045339	191.8287742733
1.4824053505	-0.6954307253	191.5197875553
2.0757566756	-0.0545014571	191.0328133484
2.9125693542	0.3333484765	191.4192288890
