0.8730195705	-4.8219712785	-207.4932184965
1.3185986582	-5.3063423155	-208.2461089103
1.9201751637	-4.7535711172	-208.8227801428
2.0044359391	-4.2917689309	-207.9398085338
1.0898241312	-4.1723869089	-208.3261156313
0.9146898131	-4.6464355257	-209.1890211183
0.3274415040	-4.9720336048	-208.4479912172
-0.5371505088	-4.5354749941	-208.1991996763
0.1826476870	-3.9928387587	-207.7662603347
-0.3972296661	-3.3319966036	-208.2427368833
-1.0164986896	-3.7684895395	-207.5900656082
-1.1536112397	-2.7847410637	-207.7059926750
-1.2276177622	-2.4750516288	-206.7580393594
-1.3142341318	-1.7410505699	-206.0844370657
-1.2378571823	-1.3385438160	-206.9966622982
-1.8470719389	-1.9703920721	-207.4758544950
-1.9045137903	-2.3532635497	-208.3978685217
-1.0684069168	-2.6976689527	-208.8248465240
-0.3803019971	-3.2114784198	-209.3372052373
0.0655471384	-4.0155140832	-208.9438285726
0.6015111806	-3.2271931027	-208.6416819572
0.7278808221	-3.4241225681	-209.6139213821
0.3785843242	-2.5059296154	-209.4270694137
0.7117703269	-1.7424129750	-208.8738701480
1.0573067336	-2.3733008821	-208.1791867379
1.5856695454	-3.2220926264	-208.1988161528
1.2258415925	-3.6716512002	-207.3812460133
0.5337249262	-4.0290885803	-206.7541789996
0.6747030086	-3.0441022487	-206.6545441318
0.3746327300	-2.9416187755	-207.6029401280
-0.3420429682	-3.2275299740	-206.9668342169
-0.2682405110	-2.4799296478	-206.3067986499
-0.3047343595	-2.1581518869	-207.2529103091
0.6402603206	-2.0049445194	-206.9639249163
0.3686040587	-1.5785571433	-207.8267091772
-0.4289945715	-1.0038360154	-207.6435915915
-0.8938333001	-1.7669539917	-208.0925636516
-0.1273936061	-2.3324581973	-208.3971538496
-0.4461002320	-1.8728983635	-209.2261477251
-0.1897648319	-1.0620261154	-208.7000504338
0.7395269393	-0.7164472599	-208.5696968429
1.2785413946	-0.7231691869	-209.4119665341
0.4139300162	-1.1065218251	-209.7367555720
0.3819607718	-1.9291789617	-210.3043938398
1.1423482184	-2.5774877571	-210.2655784183
1.2899614120	-1.7246333080	-209.7647295052
2.1084344109	-2.2926401016	-209.8511600120
1.9354554913	-3.2726002340	-209.9499346669
1.5907308389	-3.7488306854	-209.1410035999
1.4462689397	-2.7594476985	-209.1251270514
1.8276546851	-1.8786847370	-208.8444109689
2.7633908686	-1.6908922560	-209.1429604269
2.9597506564	-1.4394569399	-208.1952140919
2.2766430911	-2.1131030577	-207.9131414731
2.6139001047	-3.0428548134	-208.0608553171
2.5193952455	-2.9432425442	-209.0513835739
2.6031310412	-3.8991267308	-208.7698276501
3.0439712527	-4.0395275504	-207.8832908388
3.5829240972	-3.3915540040	-208.4214916514
3.3659085322	-2.4279957986	-208.5778880363
3.3265398083	-2.3455319157	-207.5820718828
3.2401692108	-3.2539654560	-207.1730625641
2.2807519614	-3.5358316711	-207.1814278713
1.6735172935	-3.3072799227	-206.4204875606
1.5071222408	-2.3384848107	-206.2367793207
0.6041138774	-2.1475138511	-205.8519339124
0.0477106584	-2.7976324252	-205.3344773467
0.5829539350	-3.5580028174	-205.7023788302
1.2884218771	-4.2047433247	-205.9922782937
1.7097026761	-4.4800254466	-206.8564207829
2.4452234135	-4.1669255277	-206.2556065974
2.7389781095	-3.2120829868	-206.2110655983
2.3504341411	-2.5657302491	-205.5543603957
2.3287736920	-1.6923441103	-206.0409068762
3.1648389483	-2.1495879891	-206.3440948090
2.7422882808	-1.5550103958	-207.0281477448
2.3738983994	-2.4771099437	-206.9097360945
1.4501987448	-2.6454590152	-207.2538836476
1.6454910919	-1.6715475716	-207.1383094319
1.4461308145	-1.3263522029	-208.0554220952
2.2189576841	-0.8056250817	-207.6926799075
2.1786685574	-0.8158307516	-208.6918158495
1.5780966360	-0.1037030408	-208.3282398729
1.0746832557	-0.4751029182	-207.5480879008
0.4327976330	-0.9477209959	-206.9442543145
-0.3298687022	-1.3865557184	-206.4691078660
-0.2869947450	-1.6764751468	-205.5130176251
0.3812815475	-0.9703156408	-205.7469952929
1.2224735163	-1.2884781049	-206.1842237436
2.0168868306	-0.8334607435	-206.5865503359
2.1142475773	0.0138653504	-206.0644781420
1.8566108048	0.1379424620	-207.0227203681
1.1048010945	-0.2446736353	-206.4857035326
1.1801327480	-0.2356564643	-205.4885857700
1.9005856378	-0.9241286590	-205.4051970974
1.5042708802	-1.8361993116	-205.3000223023
1.2842234822	-2.8115438712	-205.2832254931
0.7288322580	-2.9032529259	-204.4567086830
0.5088187388	-1.9900778767	-204.7997908609
0.9090511146	-1.0744725816	-204.8382744789
