0.2271515165	1.8678242689	208.1562445602
-0.2311899798	1.0888072656	207.7283946084
-0.2045202638	0.9910189818	208.7232444352
-0.3395623917	1.9164041375	209.0773996798
-0.9411216194	1.6753351614	208.3158143304
-1.1673040038	1.4949302060	207.3585810355
-0.5860195210	2.2985956276	207.4859789952
-0.3831250975	2.7943778027	208.3303923346
-1.1596380562	2.6333369284	208.9395667446
-1.8216953579	1.8888727544	208.8532346946
-2.7558297105	2.2399226754	208.9177092188
-2.8595658323	2.6115619103	207.9951458898
-2.1036717659	3.0158421238	208.5101038193
-1.7257477067	2.3248878791	207.8938606554
-2.4115686904	1.7415286802	207.4587266262
-2.8024429320	0.8229320360	207.5170149830
-2.1283060962	0.1726828596	207.8673227552
-2.0659721856	0.4008549027	208.8389461402
-1.9278755882	0.4834680017	209.8259134171
-0.9773414010	0.3534776914	210.1080255901
-0.3389098817	1.0518438532	209.7844674052
0.3740207477	1.7447767993	209.8920492346
0.2735463092	2.6834776740	209.5622833252
-0.4159850405	3.3506668348	209.2804941460
-0.3633978756	3.2560745769	210.2746203426
-0.4733906338	2.2626942549	210.3077432804
-1.1601280346	1.8213987468	209.7301188202
-1.2401266068	1.0151039175	209.1440395793
-1.0179847866	0.0480453590	209.0197385082
-1.0777526776	0.5286364357	208.1448327897
-1.8525305642	1.1580491017	208.0851760859
-2.7490056820	1.1921475690	208.5269561871
-3.6747745691	0.8176062310	208.5786355236
-3.4826425014	1.5041924235	209.2798378259
-3.7560490371	2.1712575039	208.5868204777
-3.4019509675	1.6586411333	207.8046190881
-4.3623944352	1.4104076683	207.9308272189
-4.7232550819	0.6557241846	208.4787619167
-4.5077547409	1.4658303867	209.0240027300
-4.3329005608	2.3588095259	209.4387487638
-4.3736009613	2.8095189830	210.3304911385
-3.5293839250	3.3454614612	210.3225378019
-3.5495940859	3.1954460367	209.3340607299
-3.2578033402	2.3783100856	209.8311995417
-2.9426749256	1.6384683231	210.4256137480
-2.4532423208	2.0857417580	211.1742139082
-2.6390294836	2.8717583498	211.7638417971
-3.5333275615	3.2307792019	211.4967557143
-2.7885984425	3.6944376941	211.0167563998
-2.5695065734	2.8732720525	210.4897974432
-2.1602115905	2.2763560246	209.7997475373
-2.4296424086	1.3570950365	209.5127522933
-1.9410537116	1.4273069462	210.3824369332
-1.4891801225	2.2737233143	210.6641985191
-1.3605032045	2.9443168802	209.9336189409
-1.5381024745	3.6454481536	209.2430587069
-2.4346909272	3.2887304445	209.5055117930
-1.9795724915	3.7747651838	210.2515931838
-1.7183754858	3.2729857327	211.0762103717
-1.6318398014	2.4870877952	211.6884815593
-1.2017090863	3.1953740679	212.2482298276
-0.3360120242	2.6990559664	212.1831380546
-0.7146917870	2.9842508409	211.3026464188
-0.7332955055	1.9912361145	211.4191610303
0.1805647795	2.3559286374	211.2406708538
0.0779429408	1.4182727598	210.9086012626
-0.5733318743	0.9255019574	211.4856784251
-0.9349614705	1.2829539733	210.6246023010
-1.6225752755	0.6094925039	210.8959635074
-1.6222781970	1.3969936794	211.5122765855
-2.2982907614	1.7489292737	212.1596932599
-1.9556574243	2.5262178089	212.6873531212
-1.2148840815	1.8936384214	212.4613040710
-0.2717434024	1.5952971395	212.3147498526
-0.7354035769	0.7560869414	212.5989073548
-1.7166463723	0.8457365632	212.4282453443
-1.2616689704	0.1967728868	211.8184570938
-0.9547273524	-0.2700580924	210.9890864409
-1.9311501048	-0.3946812641	210.8128261969
-2.8728744650	-0.5471639235	211.1126666011
-2.3903896381	0.1570968686	211.6334593895
-2.6262931815	1.0933496335	211.3731129314
-2.6810189661	0.5169859510	210.5577541184
-3.4547464757	0.2992139726	211.1526668063
-3.7003877802	1.2683906291	211.1715601399
-3.4082282496	1.0469615572	212.1019428432
-3.3383084030	2.0206197697	211.8849154253
-4.2365056074	2.2383955089	211.5030574551
-3.4833065525	2.4116236395	210.8684842138
-4.0538918940	1.7886424613	210.3333890637
-3.5739369591	0.9317819233	210.1451517692
-3.0148019751	0.4619803202	209.4620306062
-2.7308095635	-0.3453915988	209.9792335593
-1.7928074388	-0.5517320011	209.7007094987
-2.4743118376	-0.6072766171	208.9710064426
-3.0116560836	0.0363290008	208.4259991308
-3.6765577903	-0.2764766632	209.1042751344
-4.2572158655	0.4594278760	209.4525289338
-3.8104679313	-0.0802456332	210.1660895737
-4.4556498402	0.5436021010	210.6071726827
