1.2388858185	-2.2618679811	-147.2263438831
1.5894187330	-1.4945371708	-147.7633076653
2.1961744760	-2.2808994223	-147.8794191538
2.2745434244	-3.0938569440	-148.4564446089
2.1043479243	-3.1206314372	-149.4414911145
1.5870971429	-3.2603344121	-150.2858457249
0.8400047836	-3.2187761569	-150.9492655904
1.4548635661	-2.4304670389	-150.9720122835
1.1732983609	-1.5443555255	-150.6038717927
0.6505226118	-0.8140160176	-150.1642017808
-0.0389925817	-1.1692232267	-150.7953884700
-0.2204190368	-1.0183522588	-151.7671509885
-0.1825464035	-2.0060736867	-151.9187163034
-0.0837817600	-2.8835380297	-151.4493530412
0.3984773627	-2.1776979363	-150.9304928469
0.7944555830	-2.5734409754	-150.1018863685
1.0287006992	-3.0783015918	-149.2710765326
0.4347807586	-3.2844190423	-148.4934039146
0.4199687956	-3.3791330097	-147.4980095856
0.0590487725	-4.2814924795	-147.2624589025
0.5568237170	-4.4178928566	-148.1189722076
1.3268221366	-4.7332817592	-148.6736182874
1.4069131810	-3.7941336722	-148.3395729381
1.5471001314	-3.2680774195	-147.5007568450
1.2606218618	-2.7112647227	-148.2804297391
1.7665877221	-2.1655818104	-148.9484332627
1.7549419699	-2.1539093775	-149.9482973188
0.9760219024	-1.6597007139	-149.5622386118
0.0585849784	-1.8292022537	-149.9222090531
0.2603293913	-2.2519260191	-149.0386911925
0.8916285411	-1.6839586636	-148.5106055304
0.6255984568	-0.8024726378	-148.1204640425
0.4453568239	-1.4643369795	-147.3928318917
0.3852951243	-2.3373513192	-147.8768138696
-0.4615136037	-2.7918672907	-148.1530930942
-1.3763430415	-3.1950022199	-148.1769537006
-0.8541598833	-3.3468551980	-147.3377484680
-0.4154719692	-3.8209798822	-148.1011348039
-0.9085394246	-3.7525129993	-148.9684275863
-0.9171258990	-3.4514287452	-149.9219864699
-0.0408213620	-3.2633459140	-149.4784605889
-0.1921013968	-2.8283948097	-150.3661158643
-0.2669994490	-3.7578788573	-150.7272940571
-0.5462371728	-4.7162825515	-150.6682292400
-1.4179405409	-4.3234728787	-150.3752551812
-1.2034415396	-4.7233556791	-149.4841413140
-0.3228823800	-4.2994989056	-149.6961814093
0.4916907581	-4.1221163487	-149.1439078980
0.6689375458	-3.8110648199	-150.0776265509
1.4788736276	-4.1250348809	-149.5822213186
0.9043040462	-4.9335020325	-149.7096993986
-0.0170835525	-5.3047254075	-149.5946424613
0.4914336427	-5.4031334641	-148.7392325498
-0.1014992399	-5.3025104103	-147.9402922530
-0.3576692998	-4.7121204507	-148.7056788194
-1.0876141150	-4.6902840309	-148.0225216357
-1.8275397528	-4.1645958794	-148.4422382279
-2.2708742063	-3.6056828210	-147.7414738199
-2.5270170762	-3.3075249679	-148.6609806033
-2.8357195070	-4.1500161758	-149.1024682859
-2.7930655802	-4.0990548728	-150.1002576364
-2.2927597038	-4.0690775152	-150.9655872777
-1.3839873206	-3.9275430837	-151.3581439747
-1.9807350499	-3.1407261256	-151.5156597581
-2.6626803299	-2.9306863874	-150.8150643374
-1.8816806743	-3.3169861542	-150.3243383159
-1.8588383380	-3.8692867451	-149.4910062782
-1.8127531611	-2.8887336128	-149.3002401614
-2.7104662424	-3.1161565770	-149.6775861816
-3.5466994665	-3.0970576284	-150.2256274439
-3.2318361008	-2.1881508660	-149.9522237894
-2.7469926403	-2.2682374886	-149.0812972990
-2.1049860692	-2.3368021886	-148.3176701356
-1.7924544987	-1.8429618788	-149.1291168473
-2.5546724080	-1.1958311204	-149.1447897628
-2.2331346300	-1.2675734714	-150.0889647955
-2.1840179041	-2.2663484941	-150.0829646938
-1.7733948988	-2.1938226974	-150.9918809476
-2.6807506026	-1.7790546558	-150.9235208830
-2.0060460555	-1.0762822269	-151.1490972280
-1.0702775688	-0.7236696893	-151.1477790771
-1.2154766404	-1.5305736372	-151.7203375882
-1.1108876373	-2.5168655144	-151.8479678091
-1.0416154700	-2.9777175782	-150.9631984934
-0.6820822702	-2.0448717711	-150.9400775430
-1.2058749100	-1.4631940264	-150.3177494368
-1.1503119346	-2.4201270477	-150.0328074277
-0.8101135384	-2.6520183464	-149.1214943768
-0.7443885756	-1.6639768639	-149.2609728991
-0.4631036327	-0.8915730088	-149.8304209350
0.2168568489	-1.0467536325	-149.1137810551
-0.1719136844	-1.5239431631	-148.3256518625
-0.5728267636	-0.9819857021	-147.5870377457
-0.5402572298	-1.9581610442	-147.3725128590
-1.4364908891	-2.3956200504	-147.4459624730
-1.1137695981	-1.9997376932	-148.3056880848
-1.6643780116	-1.1651097378	-148.2906364703
-0.8224401185	-0.7440409789	-148.6280408042
-1.4782440299	-0.8550392864	-149.3747673978
-1.4967616852	-0.3617205973	-150.2444189185
