0.1301069034	1.4509534390	-90.2852927949
0.0829240606	2.3523559354	-89.8548891252
-0.8374010357	2.3322138494	-90.2455245222
-1.6739049567	2.0364449191	-89.7842416046
-2.0422746651	2.9660847763	-89.7928144659
-1.1261817726	2.9887907421	-89.3924917817
-0.7036638435	2.1122257507	-89.1620304714
-0.0761098232	1.3346518771	-89.2014617103
-0.8956247049	1.2435391788	-89.7672300682
-1.7969826558	0.9477594308	-90.0835656259
-1.4855957045	1.5843438854	-90.7891139223
-0.5523271260	1.7848146753	-91.0871428183
0.0413030772	2.5664557086	-90.8957257948
-0.7782118507	3.0846827822	-91.1403397420
-0.3086703603	2.6475469198	-91.9074401438
0.1173447313	2.1633235927	-92.6716645293
-0.6524710073	1.7707749218	-93.1749430501
-0.6950705536	0.8065033465	-92.9134748730
0.2066472855	1.0836267432	-93.2452994677
0.0897548542	1.0141313690	-92.2545893423
0.1660432730	0.9630149868	-91.2588146727
0.3969694193	1.8601066876	-91.6355102995
0.7483410121	2.7792242423	-91.8137262483
0.3467408380	3.5824951190	-91.3738703641
-0.4371612228	3.9902823007	-91.8420660212
-1.1019078290	3.2944454495	-92.1139539139
-1.8594211738	3.8647285819	-92.4316812834
-2.7494964377	4.0868487501	-92.8297122563
-2.5143512162	3.1152702779	-92.8024726298
-1.6527317009	3.2696566442	-93.2859771912
-1.6889722865	3.1310932337	-94.2756674464
-1.1019652582	2.5222566586	-93.7420563768
-0.1021326595	2.5073966656	-93.7313813962
-0.5814062584	2.9429086051	-92.9693930971
0.1788631167	3.4357605124	-92.5462058162
0.2814287651	3.5736784845	-93.5313245506
-0.5923315477	3.4638114435	-94.0051094692
-0.7367107419	2.7831210437	-94.7233122456
-0.5896525458	1.8509576954	-94.3924869458
-0.6917189822	0.9516835511	-93.9671771105
-1.5421388796	1.4192271613	-93.7259532089
-1.8583592340	2.0384111554	-94.4447131612
-2.7014300580	2.5224517844	-94.2103283171
-2.7057136141	3.4450286997	-93.8245388842
-2.0602016078	4.1841814184	-93.6322695209
-1.0921974407	4.4314456483	-93.6750285338
-0.8137595880	3.9659699583	-92.8349066711
-1.1681820315	4.7155701869	-92.2759037831
-2.0487374363	4.8895204629	-92.7167705208
-2.1554393364	4.6004284608	-91.7654343453
-3.1351952504	4.6015474997	-91.9656269941
-2.7254674414	3.7045015108	-91.8000020675
-3.4626843809	3.4023162144	-92.4043159186
-3.6655026273	3.0997997856	-93.3356314233
-3.1291762339	2.2962784864	-93.0773534304
-2.4408894571	2.0519000343	-92.3943157412
-2.1265962157	2.8504164321	-91.8809042874
-1.7887588668	3.5808351279	-91.2873097670
-1.3570730570	3.5939747386	-90.3853814371
-0.4186202340	3.3363089741	-90.1553495854
-0.3154822876	4.1436321637	-90.7363761180
-1.1505569395	4.4261104090	-91.2084527713
-2.0086048318	4.4365888846	-90.6949900014
-2.5706090350	3.8465682117	-90.1153117448
-3.1339692330	3.0540709880	-89.8817021606
-3.7366553998	2.2785143054	-90.0695351086
-4.4376489438	2.2539915833	-90.7822809871
-3.8044924997	3.0053509609	-90.9682164677
-3.2806004787	3.8559405904	-90.9231117837
-2.6720490107	3.0625391294	-90.9097240095
-1.7664109655	2.6587915356	-90.7800798369
-1.3061077004	2.2968432196	-91.5907057189
-0.7231328470	1.6815680656	-92.1213438302
-1.5252136718	1.4387595465	-92.6669722511
-1.4160826951	2.4312516396	-92.6117465781
-2.0441301448	2.2575612178	-93.3702899443
-2.5743915251	1.4104377442	-93.4049985743
-2.5156949557	0.9044908448	-92.5444333835
-1.6835703135	0.3808563059	-92.3617438941
-1.2217069112	-0.2603933525	-91.7489787896
-0.9793076578	-0.1542271074	-90.7846285782
-0.7127282437	0.8074351509	-90.7202770684
-0.9145244201	0.7632639877	-91.6987080631
-1.6833565631	0.5213675973	-91.1067762494
-1.8935657539	1.2826256795	-91.7202077683
-2.3891423778	2.0384300103	-91.2922315734
-2.6103890251	2.1436449854	-90.3227060554
-2.8198126589	1.8903390810	-89.3782602600
-3.2968196932	1.2737248722	-90.0045598742
-3.5670930550	0.8896426127	-90.8874149743
-2.5997556832	1.1275369034	-90.7998666134
-2.5673261369	0.1418854837	-90.6342175771
-2.5714968573	0.3673335802	-91.6084638298
-3.4472335685	0.3769842046	-92.0911563593
-4.0232340359	1.1453370645	-91.8121270700
-3.0534050093	1.3867705839	-91.7783407585
-3.4389581866	1.9789165137	-91.0707307350
-3.1357241848	2.6142452800	-91.7809465465
-3.8275241032	2.1019184504	-92.2898022162
-3.5049998906	1.3064796192	-92.8028862230
