-0.0124896369	-3.1582803128	-18.8493025082
-0.9814126331	-3.2072050204	-18.6068265290
-0.6093001304	-2.2812157889	-18.6706718765
-1.1889276710	-2.3944576546	-17.8636971594
-1.7209380373	-2.9779412675	-17.2500915503
-2.1932006511	-2.8730547181	-16.3748962376
-2.7700648939	-2.5333216099	-17.1177347535
-3.1792248870	-2.8836239687	-17.9602763593
-2.2321994578	-2.6789076868	-18.2077315683
-1.6084990990	-2.3842960846	-18.9317494315
-1.4077604989	-1.5470969429	-18.4230239539
-2.3578716393	-1.6806554103	-18.7048944145
-2.7132032365	-2.4326382999	-19.2601071574
-2.0924580600	-1.8308228915	-19.7625946102
-1.4998849689	-1.3928355645	-20.4386302846
-2.1878174177	-0.7553505134	-20.0916983670
-1.6071067032	-0.9466314578	-19.3003787942
-0.9993977360	-1.7013697023	-19.5474819981
-0.5607018842	-0.8742027505	-19.8986810635
-1.2006737770	-0.1088378189	-19.8304718426
-1.4589454747	0.7717463176	-19.4331466498
-2.4386800965	0.9134703790	-19.2916038602
-2.1571151165	-0.0460640473	-19.2877506964
-1.8523837998	0.4262421685	-18.4606680746
-1.0641869279	-0.1015670010	-18.7771537326
-0.5596576953	-0.9637467023	-18.8229403698
0.0753375288	-1.6484391139	-19.1806796142
0.4033394883	-2.0508898962	-18.3260170595
0.3232076357	-1.0636623463	-18.1883193800
-0.4866615701	-1.5779668953	-17.9061798750
0.1195719612	-2.0410306551	-17.2596098016
-0.1848436999	-2.8102643949	-17.8214020754
-0.7130575618	-2.7562135441	-16.9740127778
-1.1443205044	-2.6738994417	-16.0755492767
-1.5615615003	-2.0269516264	-16.7138035173
-0.6274492201	-1.7117209751	-16.5462807298
-0.2931709038	-0.9474632381	-17.0977951165
-0.8239944828	-0.5336782203	-17.8373952023
-1.3855672541	-1.2056037254	-17.3545369021
-2.1143814760	-1.8417473086	-17.6078177178
-3.0608757092	-1.8253940941	-17.9301238439
-2.7551286736	-0.9214080725	-17.6312459040
-2.2662572787	-1.0467233937	-16.7679378307
-1.4314218541	-1.0873998436	-16.2189430764
-1.8741199715	-0.1918797628	-16.2643541075
-0.9962540648	-0.1422513671	-16.7406822216
-1.8050978696	-0.1822377005	-17.3273446395
-1.8703967373	-0.6333716516	-18.2174088035
-2.7488432746	-0.7459580754	-18.6817965493
-3.1149597895	0.1735032234	-18.8251479274
-2.6736066524	0.0616979681	-17.9348069852
-2.7717066847	0.0119861076	-16.9408728251
-3.2303403538	-0.6507047697	-16.3488458336
-4.0585375760	-1.1327227368	-16.0629296912
-4.0953561669	-0.1730698137	-15.7841633758
-3.7906978526	0.2809433542	-16.6214538600
-3.6990092793	0.1491122360	-17.6084765354
-4.1496449269	0.3217659837	-18.4843293750
-4.6481077610	-0.3611424619	-17.9503154632
-4.8773152500	-1.2301315061	-17.5117701770
-4.4446680467	-1.7832471005	-16.7998154477
-3.8316924219	-2.3898009476	-17.3061289020
-4.1153113439	-1.7980284764	-18.0606921196
-3.5410110367	-1.7029004026	-18.8737910107
-3.0030794374	-1.2301321250	-19.5717306573
-3.1325629709	-0.2593330709	-19.7736791927
-3.8297254509	-0.5707508474	-19.1279366395
-3.6604664793	-0.7865777914	-18.1662869471
-3.9425687543	-0.7970011282	-17.2069592344
-3.3565868934	-1.5604858282	-16.9354516441
-3.5652265099	-2.1225420671	-16.1351002871
-2.6074735607	-1.8466873244	-16.2164234028
-1.8299295995	-1.9191628278	-15.5917853557
-1.4372811442	-1.0983829417	-15.1768786565
-2.2719594672	-1.0795693413	-14.6264623181
-2.0688483012	-0.2195033460	-15.0944712261
-2.4082235924	-0.9402553597	-15.6989056284
-3.2872819441	-1.2532529696	-15.3393379570
-3.1289006523	-0.2977227940	-15.0905861736
-2.7641075401	0.1966662495	-15.8795763250
-3.4764135543	0.7994634022	-15.5200547888
-3.4076276263	1.3804375700	-16.3310649690
-3.1713880601	0.9933685202	-17.2223384500
-2.4340593744	0.9235675126	-16.5504201301
-1.4609046634	0.7734460621	-16.7248720107
-1.2359440006	1.4961980601	-17.3783414052
-0.4652966238	0.9480553145	-17.0533150199
-1.0628275060	0.4932541201	-17.7137033286
-0.9699899109	1.0336419538	-18.5499820920
-1.8233422000	1.5135729109	-18.3463742653
-2.7327261543	1.1088800738	-18.2502257791
-2.0957262424	0.8367707974	-17.5289854211
-2.4003424628	1.7780630364	-17.3834592067
-1.8761283930	1.8332502847	-16.5336627742
-0.9329643615	1.6346137624	-16.2672324050
-0.6512637358	0.7214541569	-15.9726406664
-1.0662787179	-0.0823614544	-15.5464446697
-1.7003109800	0.6848125155	-15.6436413279
-2.4831967198	1.3033882410	-15.5769031055
-2.6341503631	0.6490443310	-14.8359260174
