0.7470182482	-0.9270876631	-20.6005768864
1.5159606423	-1.3902067774	-21.0413129532
2.3307188965	-1.5091649306	-20.4738467031
3.2187760625	-1.1473071692	-20.7574193224
2.7925766551	-0.4655220351	-20.1628412401
2.2699912453	0.3569251398	-20.3875302118
2.2718336089	0.4241022891	-21.3852695747
1.4993578538	1.0557845218	-21.4505287861
0.7430769287	0.6304791187	-21.9476751191
-0.0870580829	1.1082928483	-21.6603253281
0.5481036828	0.8774240303	-20.9232574070
1.3392440679	1.0212334628	-20.3287696122
1.2637651809	0.2388767803	-19.7105294009
2.1913852741	0.2425031832	-19.3370219552
2.2779624621	1.1888341163	-19.6484094236
2.8984054722	1.8513876096	-20.0680203620
3.5270970965	1.2784629754	-19.5421836905
3.2940852299	0.3070965616	-19.5885815368
3.2043969221	0.8034990833	-20.4520284338
3.8677415614	1.5400637876	-20.5841129745
4.4813850149	2.2922760848	-20.8241512461
4.0075744886	1.9183223086	-21.6214354855
3.3832723649	1.7150326235	-22.3757034500
3.3969471677	1.8477731502	-23.3667599329
3.4389727457	0.8905045076	-23.0806295489
3.2525945145	-0.0815109827	-22.9376294033
3.9122339073	-0.0765325187	-22.1860636467
3.1480055600	0.5410138786	-22.0000757967
2.6321910670	-0.3081872359	-22.1131813927
1.7810020043	-0.8251216746	-22.0223190487
0.9483043064	-0.4697545484	-21.5976677218
1.3318215733	0.1071725517	-20.8765091906
1.7082124736	-0.5894178340	-20.2656968424
2.2696613284	-0.6517646599	-21.0908562553
2.6293235040	-1.3954571742	-21.6543849269
3.4187891442	-1.0500320680	-22.1617560918
2.6415378504	-1.1759395071	-22.7782199943
2.0360548688	-0.4128042205	-23.0040847622
2.4802403798	0.2196120866	-23.6387097272
2.4409613917	0.6725711610	-22.7480441121
1.6875029192	0.2503150428	-22.2440598853
1.0061314600	-0.3432739584	-22.6722946717
1.1366470019	0.3950778354	-23.3339609938
0.4705301199	1.0087115706	-22.9100011624
1.4350833893	1.2042567833	-22.7328033630
1.9593402706	1.2076978910	-23.5843565799
1.0295755970	1.5664191426	-23.6671618656
1.3716340901	2.2568902694	-23.0297878700
1.0946218792	3.2171472473	-22.9955713333
0.4928215454	2.6143493504	-22.4716714825
0.7378707949	1.7448367403	-22.0428373816
1.6933621209	2.0378678280	-22.0086451670
2.0008473515	2.3251791414	-21.1015040302
1.0931414184	1.9281911818	-20.9655978162
1.7234138997	1.9654106757	-20.1901164763
2.2671079748	1.3573645433	-20.7686289253
3.1145652992	1.3940492490	-21.2982234075
2.3757162264	1.3091442535	-21.9667241101
2.3736239699	1.8172599115	-22.8280104159
2.8989638513	2.6671592888	-22.8691085609
3.1334345194	2.9671728938	-23.7937789576
2.5266569066	2.1746615923	-23.8549897867
2.0522267841	2.9692409309	-23.4760970134
2.5214556578	3.7256985061	-23.0204697525
3.5010211012	3.5672711481	-22.8965652962
3.7198580207	4.0064740107	-22.0252380051
2.8452791572	4.2650672802	-21.6150656848
2.0169569240	3.9421477050	-22.0728923179
1.9566353368	2.9823177183	-22.3469136724
1.2144343667	2.9367232775	-21.6782890640
0.4891999048	2.8582025450	-20.9942792177
1.3558582299	2.9714611797	-20.5084028658
2.3337124661	2.9502131130	-20.3001971685
2.1395004248	3.3410141730	-21.1999505873
3.1130543193	3.3605302030	-20.9723282264
3.2769937905	2.3753138560	-20.9226029860
2.7842135149	2.3677525994	-21.7927239129
2.9076394747	3.3283754538	-22.0416611820
3.6929828455	2.7374259311	-22.2260912542
4.0888030413	3.1379058522	-21.3996880806
4.7892875981	2.6060663263	-21.8755747313
4.5287625318	3.2912837359	-22.5557245615
4.0997923804	2.6931494292	-23.2326440252
4.3771443320	1.9129752283	-22.6719265283
5.0217420086	1.5673434857	-21.9899935890
4.7499037433	1.2416001413	-21.0844577084
3.9321888456	0.6834330635	-21.2251412516
4.1142119927	0.9811399453	-22.1622848834
4.8690521704	0.4026701286	-21.8531102119
4.9326982697	-0.5855108406	-21.7136557527
4.0276593827	-0.7135259242	-21.3080491064
3.2171028100	-0.1408828198	-21.1852569351
3.8173907365	-0.2300790077	-20.3904623420
4.6668170026	0.0512869693	-20.8369018176
4.2946573809	0.6711221211	-20.1460316412
4.6820037399	1.5648285674	-19.9196435097
3.9643855878	2.2496610880	-19.7930393763
3.2982301386	2.9833675738	-19.9268740136
4.1409553928	3.2833738931	-20.3738755285
3.8885921031	4.0759252920	-20.9290106922
