4.8389817367	0.9555577165	-176.9371000070
4.5715270011	1.3561700351	-177.8134433955
3.6348876545	1.6090593881	-178.0558350404
2.7407732214	1.6641282536	-178.5002749131
2.7996297264	1.0517753139	-177.7118842809
3.0104512516	1.8580595607	-177.1591999245
3.3112175098	2.7062642249	-176.7232085193
4.0499137472	2.1437300207	-177.0945347074
3.6863292342	1.8828005764	-176.2002628656
3.3455371477	1.3381481491	-175.4339636504
3.0273736582	1.0585542458	-176.3398329805
2.3151139306	0.3586958124	-176.3935382271
3.0445775532	0.2714350299	-177.0719690482
2.8183698451	-0.0339153608	-177.9969507841
3.2333183823	0.6237511000	-178.6256737261
3.8201214250	0.4863791115	-177.8276817926
3.8037984619	1.1014372450	-177.0393690036
4.0757779995	0.8868606264	-176.1012943766
4.1001637560	0.0978148439	-176.7151445930
4.1611324464	-0.6055042201	-176.0068896157
4.2756207396	-1.0014129385	-176.9180145893
3.6475107930	-0.5632076604	-177.5610185000
3.2728223385	-0.6801437618	-176.6412715183
3.2953517936	0.0688388990	-175.9790650570
3.8995645009	0.2850409666	-175.2121337235
4.0745755719	1.1181771622	-174.6874860277
3.2436389054	1.5651680817	-174.3562106526
3.1228659971	0.5829172774	-174.4997281153
2.8283014360	-0.2212149514	-175.0160643216
2.0453467084	-0.8102902271	-174.8161337985
1.2893846448	-0.8467992474	-175.4697303483
1.7501722217	0.0371150921	-175.5495441909
2.3596142077	-0.6543771748	-175.9373829595
3.2326843321	-1.0259295555	-175.6216340305
3.6088135868	-1.6368925230	-176.3182336545
3.5085530049	-1.6795749654	-177.3122789375
2.7725571176	-1.1922808496	-177.7822305293
2.4297963324	-2.1114623687	-177.5882707938
2.9639864870	-2.4334575283	-176.8066314935
2.6149152811	-1.5095124614	-176.6501872329
1.6565153690	-1.4383473128	-176.3737724536
1.6968150910	-1.3109558502	-177.3648059282
1.8266205252	-0.5855109901	-178.0407351436
1.0042472816	-0.4634600352	-177.4850321541
0.6744480716	-0.8759417163	-176.6358611797
1.5286591025	-0.3661036676	-176.5339363118
2.3430137230	-0.5162434247	-177.0945472334
1.9295467111	0.3317357140	-177.4261741479
0.9872241236	0.6416285515	-177.2997045057
1.2158169683	0.6266773472	-176.3262972051
0.8313276969	0.4553273484	-175.4192100108
1.5987705800	0.8919090660	-174.9497125933
2.5054600983	0.7361012150	-175.3416794682
1.9147593649	1.2906424773	-175.9278165103
0.9632880437	1.4729501688	-175.6798926701
0.1837788407	1.0626190424	-176.1531724700
-0.0885114413	1.1232375104	-175.1928686620
0.6432519269	1.1096387773	-174.5114455574
1.2827827332	0.6339652594	-173.9075125710
1.2627559882	-0.0982893244	-174.5882490501
2.1732388940	0.1933569079	-174.2950539728
2.6909253034	0.5396623648	-173.5127028291
2.7743841987	1.5309703007	-173.4110013586
2.2443039570	1.2539302575	-174.2124149546
2.4101409835	1.7598410156	-175.0589091280
2.4458230357	2.2805076028	-174.2058950037
1.9403547785	2.2127861150	-173.3457115111
1.2312075557	1.7278677828	-173.8575361172
1.4060452456	1.9803284804	-174.8092164093
1.7006069965	2.2640917090	-175.7217468499
0.9219365712	2.7794452616	-175.3638598780
0.1644107146	2.1549113581	-175.5538914018
0.3482900641	2.1733604374	-174.5711157324
1.0029026452	2.8925002689	-174.3380486357
1.4659024761	3.7006587417	-174.7020692935
1.9766731781	3.2895591840	-173.9470127104
2.7847073000	2.9905795077	-173.4393789732
3.4976722270	2.5107330383	-173.9506796465
4.2317810651	2.1828881289	-174.5453240186
4.4302967196	1.8671899029	-175.4731850885
4.0002231423	2.7443523385	-175.6867799844
3.2716460981	2.3967933644	-175.0965442263
2.9211561288	3.2077477352	-174.6280255075
2.0506149009	2.8565157190	-174.9726906225
1.7428700780	3.3423531241	-175.7907707773
2.6858071480	3.0112594701	-175.8260790531
2.6713681669	2.0418503811	-176.0711046313
2.0222170958	2.4008482293	-176.7417188511
2.1847722808	2.2402952520	-177.7152683123
1.2092646323	2.3325394430	-177.5155789610
0.6961233114	1.5856533127	-177.9384821333
0.0855131465	1.1995046930	-177.2470745328
0.0315188936	2.0470070962	-176.7190363739
0.9033375569	2.4252098065	-176.4077568721
1.1868968072	1.5482197087	-176.7956776373
2.1453321631	1.3091475239	-176.9513894195
1.6972628456	1.2942030796	-177.8452633202
2.1146756926	0.6889672523	-178.5230952378
1.2818125254	1.1253367991	-178.8635663280
1.1191638343	0.3086740247	-178.3098449935
