-0.3066424720	-2.1369731279	19.5620261473
-0.2812444522	-1.1947327869	19.8959993206
-0.2730736104	-1.1030991770	18.9002400530
-0.8047258116	-0.5273864721	18.2790308946
-1.1812408148	0.2757105950	17.8172175631
-0.8741881768	0.4901826001	18.7444286699
-0.9600373996	-0.3024443461	19.3480613689
-1.6762365316	-0.7926597886	18.8513243930
-1.1910162059	-1.5366231249	19.3107585990
-2.0176134063	-1.7482952174	19.8322295891
-1.2970218911	-2.4373935981	19.9089843275
-2.2360971968	-2.7489629170	20.0541123046
-2.9339336858	-2.2533668649	19.5369964686
-2.7486101383	-3.1633367665	19.1660383025
-1.7757373318	-3.3505507527	19.3019405683
-1.9139077252	-2.4030702964	19.0135142738
-0.9441292610	-2.5176972195	18.7981299685
-1.4350627641	-2.6229168558	17.9333102626
-0.5813368983	-2.3470980763	17.4916360084
-1.2647347713	-2.6513054640	16.8279906119
-0.7629701092	-1.8417604052	16.5232464215
-0.6450635024	-0.9271502788	16.1364824770
-1.2940905198	-1.4446069595	15.5788064831
-1.8381574813	-2.1893621834	15.9652399157
-2.3648620731	-2.8843549986	16.4546960013
-2.8795323110	-3.4854620872	17.0660754369
-2.7182990875	-4.1537766387	17.7922706641
-1.7250559662	-4.2695102373	17.7836778599
-1.8275675622	-3.4516118499	17.2175209907
-0.8680449963	-3.4277864023	17.4981431449
-1.1991697055	-3.5716041017	18.4307056878
-2.1629724376	-3.3712633669	18.2547855820
-3.1357752085	-3.1940374999	18.1056354528
-2.7435750668	-2.3231823467	18.4019298184
-2.3989550331	-2.6070686156	17.5071417884
-2.3769989180	-1.8944104417	16.8059740080
-1.5346077069	-1.7827043682	17.3331350847
-1.5968345264	-1.1627975602	16.5509309091
-2.4796450666	-1.1900114461	16.0819906629
-2.5016010982	-1.6957032795	15.2195559104
-3.0159116844	-2.1365291623	15.9551897608
-3.3030650499	-2.4635572507	16.8555205745
-3.3393543011	-1.4643987647	16.8364048711
-2.8544800164	-1.5231258198	17.7090147845
-2.4720501510	-0.8533577308	17.0724944745
-2.2212330659	-0.1719688861	16.3848899137
-1.3621160140	-0.0947778305	15.8789655793
-1.9603571251	-0.6634671115	15.3144303061
-2.3286839942	0.2644195552	15.3724100555
-3.0057147719	-0.4562688415	15.5215326930
-3.6040228359	-1.1945646453	15.8328954502
-4.3169114660	-1.4172592575	16.4978743302
-4.2372057774	-0.4848618129	16.8504108651
-3.2827881037	-0.3768996843	16.5721464530
-3.3666366720	-0.5525048740	17.5530298482
-4.0376854972	-1.2898351915	17.6307310521
-3.6808122321	-2.1931855892	17.8686376130
-3.5146864911	-1.5562777652	18.6214660542
-2.6172339457	-1.3291324404	18.9995982139
-2.5042234722	-0.7058526144	18.2258082609
-1.6281439821	-0.7978307871	17.7524957396
-1.9115382519	-1.6075115406	18.2664069822
-0.9124529341	-1.6330528628	18.2321116664
-0.0176131085	-1.4182014679	17.8408309940
-0.6983418795	-1.0187917525	17.2267624151
-1.2476310000	-0.2389752018	16.9264831960
-1.6323971288	0.6826589834	16.8760306954
-2.2453501002	0.9981051359	16.1516120459
-2.7914932276	0.6028279250	16.8901806690
-2.2208257390	0.0752794896	17.5194908197
-2.2626500471	0.9735058651	17.9570295101
-2.1464478026	1.5576134280	17.1537142586
-3.1120167592	1.4972858678	17.4067699351
-3.2932387046	1.2732460799	18.3643527148
-2.5999227414	0.8958038161	18.9782340655
-1.9353570815	0.2303744456	18.6382984295
-2.6204716717	-0.2525138899	19.1836761462
-3.4622016659	-0.5032722253	18.7055434511
-3.0282436928	0.2476887414	18.2078104865
-3.6746978502	0.5131756814	17.4925387150
-4.1930982733	0.2799464291	18.3152568424
-4.4998363891	-0.6713875681	18.3448432257
-4.3345122717	-0.2832757945	19.2515058903
-3.5151438092	-0.4474115492	19.8007733813
-2.9606428870	-1.2522489605	20.0123518981
-2.3165519681	-1.1876455110	20.7745679321
-2.7467884500	-2.0875591945	20.7034909898
-1.7596467957	-2.1419213845	20.8538110039
-1.1947949183	-1.4227142093	20.4492329574
-0.9057186369	-0.4667367556	20.3988145927
-1.6118572450	0.1325430730	20.7759511108
-2.3907620177	0.7545693363	20.8558928565
-1.6654081281	1.1712859981	20.3079795800
-0.9166236123	0.6719537143	19.8721022816
-1.5839826871	1.0923006720	19.2573337882
-1.9010378336	0.2681600042	19.7266611725
-1.8463832684	-0.7137292626	19.9080622374
-2.6242770334	-0.2704037270	20.3534202507
-2.9331728049	0.5841531670	19.9359086735
-3.5678867027	0.4982917952	19.1679463744
