4.9987454004	-2.8814237212	9.6573205843
5.1928005706	-2.0376913542	9.1568625103
4.3187697498	-2.4213502677	8.8587417926
3.9034184290	-2.8261344673	9.6733785412
4.1577123977	-1.8757632381	9.8526244733
4.4677273010	-2.4682377610	10.5961731936
3.5574861848	-2.6947129801	10.9428287658
2.6589575584	-2.3107215155	11.1554243034
1.9083669505	-1.6503139142	11.1772311728
1.0581875506	-1.2471772564	10.8385929839
0.7032203629	-1.1991424360	9.9049490734
1.5644497467	-1.6898318184	10.0372664135
2.1780737022	-2.4707566838	10.1539797198
3.1372841743	-2.2076091407	10.0506906077
2.5487118914	-1.4330827821	10.2824050605
3.3296155206	-1.0998237051	9.7540794890
3.6349334411	-0.6424878891	8.9188400509
4.3760035058	-1.3103483534	8.9879599431
4.8571034873	-1.6352972511	8.1737419000
5.1583512031	-0.7602000135	8.5524959604
4.2797989355	-0.6973679820	8.0790003967
3.6214023531	-1.4460431104	8.1564567869
3.3641311936	-1.9052637362	9.0067084952
2.3957997979	-1.8566748563	9.2516032256
1.5287098986	-1.4415795110	8.9761926943
2.0959774376	-0.8217767234	9.5184583522
2.6993574719	-0.1187033357	9.1421335647
2.6990779366	-0.9983735837	8.6665495272
3.1373501586	-0.3151915992	8.0824435133
2.4737767985	-0.8835062419	7.5959367172
2.0816441620	0.0331846866	7.6728115320
1.7432194993	-0.5094819468	8.4415648557
1.1646395341	-0.3861948185	9.2478188528
0.8471845072	0.5620548773	9.2545136527
1.7774749770	0.4632304028	8.9012526090
1.0664604531	0.4725911477	8.1981375947
1.7167891827	1.2099382503	8.0154033783
2.6053256060	1.6513342972	7.8902133058
1.9619930899	2.2047356048	8.4192409672
2.9028300076	2.3348836167	8.7321105715
3.3578598444	2.0025967870	9.5582663138
4.1028436602	2.0175922336	8.8913523382
3.3872127588	1.3945981259	8.5755189095
3.6137217545	1.3162951070	7.6046624257
3.0112980036	0.5452359822	7.3983775493
2.6460550287	0.6370024803	8.3247557005
2.3977085390	1.3589018584	8.9706545386
2.9160740690	0.8516368800	9.6591161708
3.8905505335	1.0613131862	9.5789197447
4.8693823030	0.9198827823	9.4309812179
4.4086748614	1.0370217205	8.5511931056
4.0290136741	0.3703091076	7.9098260697
3.5722618282	0.4095310823	8.7985551555
4.4759484893	0.0118828300	8.9573830055
5.2315299466	-0.0910912124	9.6042933610
5.1970883256	-1.0857921214	9.7011637709
4.2989089128	-0.6595011550	9.8086335551
3.5848025056	0.0379577154	9.7486072007
3.4540959019	0.6229546357	10.5490410749
3.9851390736	1.0935224669	11.2537105478
3.8859575392	1.7232941739	10.4832881828
4.6180030303	1.8412508982	9.8123220062
4.8870102664	1.2073505820	10.5374464755
4.4703900526	0.3595864474	10.2092337861
4.5771977443	0.2603000944	11.1985438170
4.9989628423	-0.4365086141	10.6183957102
5.6668850351	-1.1732347305	10.7238213889
5.3595532139	-1.9886252545	10.2332243598
5.2102659668	-1.9712210701	11.2218650489
4.2866012976	-1.9402889864	11.6038163352
3.4292221685	-2.3271758768	11.9432564080
2.6793982566	-1.6781652984	12.0719007642
3.5490522464	-1.1911359301	11.9912513224
2.7533228596	-0.6014196812	12.1292712080
2.7847066871	-0.9418900193	11.1895398611
3.5085022130	-1.5663772777	10.8960510185
4.4434635913	-1.3001900059	10.6615482308
4.4862513576	-0.8145163608	11.5346406185
3.6741138444	-0.2391128955	11.6313024610
3.7189416570	-0.4908983859	10.6645581649
2.8006050946	-0.3026322614	10.3164004067
1.8889559332	-0.6514663527	10.5336803718
1.8994356578	0.1498773091	9.9355679149
1.7285785943	1.1227453079	9.7795688098
0.8940067523	1.6487217872	9.9433936666
0.8566389858	0.7140724902	10.2969956202
0.9467874168	-0.2805648822	10.3476883994
1.4987652270	0.2623421602	10.9805963235
0.9969165186	0.7026967390	11.7250664161
1.7266064832	0.1685613074	12.1519761212
1.7366250906	-0.6572422877	11.5881072979
2.4426870248	0.0010100316	11.3269934737
3.1142279332	0.6716915232	11.6419841801
2.1915916832	1.0572298535	11.6521106901
1.6007761694	1.3330229434	10.8939054407
2.4042060579	0.8199948557	10.5917422474
2.9577367572	1.5615323751	10.9708541994
2.4833335554	1.8179002553	10.1287039088
1.7914655756	2.1621906051	9.4940521511
1.2531934869	1.5492745751	8.9156084644
