0.3633136894	1.0473741054	-227.8866354678
-0.2271336116	1.1127982387	-227.0822153863
-1.0287808366	1.4789776794	-226.6096962398
-0.4093084053	0.9327804899	-226.0458500400
-0.8400853816	0.9608270668	-225.1438275423
-1.1097180112	1.8023350517	-225.6119755493
-0.9218606288	2.4810224126	-224.9019804297
-0.5688751004	3.3936582454	-224.6958322947
-0.5903883341	2.8387002257	-223.8642321641
-0.5607885136	1.8691246818	-224.1072282858
0.3298403521	2.0213500740	-223.6787336491
1.0621285530	2.6977569367	-223.5998175740
1.5495694869	1.8559521728	-223.8316927028
2.0981882513	1.7153702548	-224.6558614814
2.1133560375	2.6841104606	-224.4082481702
2.0000484853	2.6136131849	-225.3993039369
2.1361419754	2.7988229623	-226.3725335606
2.2706823743	1.8387492110	-226.1272637638
2.0735014097	2.0140347067	-227.0918334411
1.5404282322	1.2160006033	-226.8108093188
0.7137674388	1.3025631618	-226.2548067504
1.2838771356	2.1241110966	-226.2606312189
1.3285484796	1.5983006875	-225.4112032439
0.7529367747	1.6418860028	-224.5946424774
0.0089347079	0.9987152247	-224.4135561032
0.4399101442	0.9265347908	-225.3130282586
-0.1492199793	1.7259228483	-225.1951112061
0.5996783278	2.3198612364	-225.4890304412
1.0943846503	2.6782749297	-224.6973200908
0.1096966343	2.5550800495	-224.5739809949
0.4180161577	3.4176377780	-224.1728161452
0.5407354122	3.4090583714	-225.1652204874
1.1972516412	3.1080590500	-225.8568749167
1.4634841027	3.6843541878	-226.6295353794
1.8763535217	4.5930455431	-226.5677384252
1.2070673849	4.6299725038	-227.3098249879
1.4471658745	3.7676911773	-227.7557214212
2.1464808389	3.1383685887	-227.4167351972
2.5677233705	3.7164246280	-226.7178747354
2.1518073701	3.7346290972	-225.8086539273
1.6619918963	3.5907374918	-224.9487841654
1.1539397394	4.1752007853	-225.5814654946
0.7768955564	4.6833517827	-226.3558169961
0.3131874207	5.0360823133	-225.5430710717
-0.2103746885	4.2174734971	-225.3069305966
0.2197321671	3.8000423034	-226.1074050130
-0.3053919758	3.3961228641	-226.8564669070
0.5754195855	3.7517401156	-227.1690486786
-0.0923642873	4.4698748554	-226.9732242812
-0.6223957465	4.8259211430	-226.2036154887
-1.3360483441	5.1511852003	-226.8240212132
-2.0982468258	4.5049962522	-226.8626646846
-1.5856213893	4.4534490850	-226.0056010630
-1.3005791836	4.0792594147	-225.1231425476
-1.6809168004	3.3179470445	-224.5980265867
-1.6953989776	2.4379927586	-224.1231890132
-1.5140586093	1.5730536249	-224.5911590612
-2.0934398312	2.1610303677	-225.1556063569
-1.5890256927	2.8936624794	-225.6125708694
-0.9743644781	2.7120278077	-226.3801647968
-0.8328044631	3.6134506102	-225.9710221649
-0.2605037510	2.8664527662	-225.6326937503
0.3758132824	2.8073024872	-226.4018503518
-0.1224559840	1.9588674447	-226.2232846305
-0.3587854911	2.3639231490	-227.1065050110
0.5376068015	1.9209503960	-227.1225049413
1.2642216952	1.7020345999	-227.7737396689
1.3848507067	2.6488115614	-228.0721722856
1.1956239803	2.7705567432	-227.0978153917
0.3881123953	2.8774394864	-227.6779025569
0.4546354785	3.6848662135	-228.2641079474
0.2663825797	4.6198230384	-227.9634144465
-0.6298865671	5.0314139660	-228.1286249931
-0.4657800277	4.2307640064	-228.7048442968
-0.5315503818	3.9001144109	-227.7633852666
-1.0893165891	4.1041828230	-226.9588649491
-1.4806225438	4.5471711178	-227.7654881700
-1.5746948190	4.4685942138	-228.7579477798
-1.3864267831	3.5994325179	-228.3006589289
-2.1019625304	3.6198135960	-227.6023801838
-2.3066799900	2.7366190818	-227.1804107396
-1.9363274459	2.1263600384	-226.4801087383
-2.5471284894	2.7809319918	-226.0346228877
-2.3104292130	3.6968733359	-225.7105474230
-1.7869126006	3.4159846349	-226.5149303507
-1.2390237270	3.1101202432	-227.2935604015
-0.6837390901	2.7757041675	-228.0550227186
-0.3443573479	3.1936055624	-228.8977435841
0.5865065120	2.8293274657	-228.8695665967
0.3640096395	2.0399987836	-228.2973294314
-0.4915620033	1.7165119327	-227.8931593914
-1.3130034177	2.0782857094	-227.4523037039
-1.4075933290	1.6972067131	-228.3719947103
-2.2340212581	1.6577997422	-227.8103329183
-1.5424172427	1.0175644622	-227.4759937609
-0.7796932815	0.7163741815	-228.0483018717
-0.2543906797	1.1212055604	-228.7967460789
-0.5242100412	2.0739496161	-228.9363035095
-1.3302427576	2.6640040078	-228.9826400495
-1.9177131058	2.6766461665	-228.1734931125
