0.1908600338	-2.4694859431	109.2962388205
-0.6968956899	-2.0428085321	109.1235073466
-1.5597626918	-2.3216537290	109.5450591149
-2.0609463349	-1.6848113368	110.1309317319
-1.5328361753	-1.2428529114	109.4058300774
-0.6211524155	-0.9471799180	109.1205053444
-0.6670599483	-0.6853219470	110.0845192973
-1.6131280033	-0.7274779877	110.4057327833
-1.7944058395	-0.1876982287	111.2277888385
-1.0382791632	0.1235610794	111.8034537519
-1.5406442960	-0.0565200061	112.6491487773
-1.0312463191	-0.2961350042	113.4756464203
-1.6277172450	-1.0200883017	113.1290716699
-1.4818637533	-1.8307171107	113.6961763279
-1.7810385860	-2.4724728164	112.9900290106
-2.1123115585	-3.2034505377	112.3934304951
-1.6226895169	-4.0692171552	112.2899006910
-1.1087155714	-4.6989422117	111.7074256815
-1.1257974577	-4.0348258708	110.9599916076
-1.1666215601	-3.4872121069	110.1242568660
-0.7018397521	-2.6032370415	110.0736016111
-0.9643188973	-1.6546343253	110.2503997587
-0.0570899803	-1.5983070886	109.8335509437
0.2257902995	-2.3135562950	110.4726106592
0.2415461873	-2.2219849104	111.4682845182
0.1721854811	-3.1938205190	111.6935058367
-0.3970213541	-3.2582230083	110.8738376733
-0.0264664221	-3.4067406404	109.9569780573
-0.2223482556	-4.2903898272	110.3821773306
0.0429804608	-4.2031650266	111.3423817393
-0.5942060677	-3.8094721957	112.0049519490
-1.2822251970	-3.2001943331	111.6107309906
-1.6999407577	-2.3299615656	111.8718988306
-1.1426738344	-1.7550288641	112.4709864410
-0.6186175846	-2.5147457594	112.0860250325
0.1418128605	-2.0199155838	112.5066063392
0.8558984813	-2.6944591579	112.3193292912
0.6814930160	-2.6621574320	113.3034732502
0.5915302811	-3.6496544482	113.4329195682
1.4446199119	-3.2321883960	113.7459054738
1.3730874247	-2.2888889996	114.0700495036
0.4701428120	-2.5503078070	114.4111524697
-0.1724564924	-3.0707740241	113.8488526823
-1.1686021709	-2.9913983286	113.8115259325
-1.6129326250	-3.8048496920	113.4362029692
-0.8741797925	-3.9686659262	114.0899678305
-0.0261052579	-4.4668216011	113.9093840343
0.5197030278	-4.6846576833	113.1002853033
-0.1817641272	-4.7327879730	112.3892105494
-1.0442752963	-4.7335647735	112.8952479786
-0.4503842362	-3.9521603137	113.0868216691
-1.0683409392	-3.2413459695	112.7508566691
-0.0846263522	-3.0616850367	112.7456068591
-0.6257413490	-2.3496515891	113.1930472796
-0.5832192720	-2.1325672241	114.1682735362
0.2132964642	-1.8075447074	113.6584470504
-0.5569876105	-1.2722787737	113.3118163759
-0.6825783668	-0.7188409696	112.4884491680
-1.5396565527	-0.8926166812	112.0034553688
-2.3530860563	-1.4648643843	111.8992200157
-2.3835518209	-2.0466981043	111.0864830597
-1.6220103878	-2.5729022017	110.7081130113
-0.7542359746	-2.2454687803	111.0819511079
-1.4382349361	-1.5228161975	111.1815436036
-0.8345549068	-0.7256014867	111.1859170433
-0.4514514495	-1.4679380569	111.7356152856
0.0092383478	-1.2818106219	110.8677895608
0.6285220191	-0.8694246418	110.1996387261
1.3852149937	-0.2247521503	110.3083269084
1.6814903179	-1.1790324511	110.2687031807
1.7974484574	-2.1680916018	110.3598936743
0.9866728200	-1.9171085236	109.8310738939
1.0188313801	-2.8981570142	110.0221489738
0.7043663873	-3.4963107487	110.7592540397
1.1647597880	-3.6173360474	111.6386804401
0.5291201912	-3.8878049415	112.3617356802
1.3909504106	-3.5214169551	112.7124613796
1.9149627770	-2.9233453132	112.1060610572
2.5395650182	-2.2054703621	112.4135144600
2.4618428776	-2.9608547604	113.0641708053
1.6653701950	-2.3581614535	113.0152622815
1.0040064556	-1.6097086974	112.9661046143
0.2863311714	-0.9717871386	112.6868229086
0.6496467047	-1.3240108321	111.8243031738
1.4387742830	-1.9139911463	111.9951858647
1.9684284992	-1.2828628933	112.5618811441
2.5351724038	-0.8596617026	113.2687772459
2.4960140257	-1.8498551812	113.4028798056
1.7055966710	-1.3415701819	113.7447668702
1.4276668744	-0.5762439369	114.3253103801
0.8531533874	-1.3755574579	114.5014698203
0.5937703493	-0.8314405756	113.7035617693
1.3733527318	-0.5303670851	113.1543750414
1.2471610705	-0.5318086938	112.1623702095
0.9244445155	-0.5319614409	111.2158745667
1.7118030677	-1.1331772338	111.3522786746
0.9970435569	-1.6554879796	110.8871869347
1.1789498367	-2.5941506888	111.1801415792
2.0060893914	-3.1340978007	111.0242657524
2.2656051763	-2.2127067914	111.3135582780
