-0.4304421695	3.0163736526	-11.2641969917
-0.6679188634	2.1273576630	-11.6556754588
0.0564262385	1.8379634786	-11.0299157770
0.0823788448	1.0447799133	-10.4214864105
0.5271793428	1.8832946941	-10.1067714926
1.3975776892	1.8657184775	-9.6147371492
1.4127552847	2.5499212154	-10.3438710560
1.6633817589	2.9637591645	-9.4686999172
2.6075433888	3.2567437637	-9.3179722111
2.6829272438	4.2331223002	-9.5204622799
2.9573768017	4.6176895144	-10.4018166343
2.1743168754	4.5184878336	-11.0158004927
1.4073980326	4.6093981577	-10.3805282664
0.4773467456	4.4503993112	-10.7117743538
-0.3612481218	4.0822029828	-11.1132592378
-0.0018207695	3.5667962864	-10.3353338457
-0.2746395908	2.6112769444	-10.2232951121
0.5351901712	2.8658176135	-9.6947264747
0.9415103821	3.7665217201	-9.8484665098
1.2145006787	3.5978456154	-10.7955803729
0.5765074126	2.8311254245	-10.8670278444
0.4953161441	3.5382277665	-11.5694623652
0.4941833241	3.2103527071	-12.5141827800
0.4236835809	2.4676452460	-11.8482883338
0.2786149410	1.5179344503	-12.1257851701
0.6137928146	2.0635322678	-12.8938859542
1.3868013701	1.4702354366	-13.1185115163
0.7371364563	1.5301344083	-13.8763687673
-0.2342625570	1.5503247233	-13.6397756395
0.3238656587	0.9787351617	-13.0382955752
1.1487932651	0.4754064201	-13.2955009833
1.7826051315	0.8679057720	-13.9620043793
2.4104354580	0.3574933445	-13.3743750446
1.9122388178	-0.1972389894	-12.7079876607
0.9223390155	-0.3078439434	-12.6193032451
1.0651789508	-0.1432152146	-11.6433451853
1.6836882537	0.2146421825	-10.9437850910
2.1000600314	-0.3717226770	-11.6386309690
2.7117985904	0.3331075146	-11.9977832158
1.9994861458	0.8417390400	-12.4814204276
1.0371695406	0.7499646517	-12.2254434499
0.7590466513	0.8757230200	-11.2731659215
1.1978324051	1.0748906412	-10.3969243332
1.1340422886	1.8240897006	-11.0561902813
1.2697018950	1.7920128093	-12.0464263866
1.4559408775	2.6448514965	-12.5342595701
1.4213746828	2.7884757123	-11.5452311263
2.1535821975	2.1138335208	-11.4517962891
1.9042879587	1.1460561594	-11.4163088088
2.6576252816	0.7560022984	-10.8868365588
2.1422861841	0.7419038785	-10.0299661782
2.1039620558	1.6348330111	-10.4785292455
2.4311604283	2.5777083325	-10.5411978449
2.4827652691	2.1949959184	-9.6187726997
3.0243227815	1.4186744973	-9.9413258145
3.8562291991	1.2964226792	-10.4826078161
3.6362177015	0.8367942060	-11.3430359698
3.9936797527	1.7417420971	-11.5738826644
3.9722943079	1.5718936543	-12.5591207926
3.1593087787	1.0394952048	-12.7949309285
2.4637489799	1.4637278007	-13.3747785559
2.1999361512	1.8602154187	-12.4954604336
2.2829281290	2.5458354162	-13.2186737844
2.3002071568	3.5016397379	-12.9251784118
2.4053278768	2.9330387625	-12.1093092035
3.0674634246	2.7580490013	-11.3806425446
3.0842502718	1.8382289117	-10.9886614168
2.8664586210	1.3549100463	-11.8365822098
3.1607057236	2.2061488886	-12.2711061746
3.3128301399	2.0670192015	-13.2496260222
3.8071527732	2.8520181485	-12.8762337520
4.0355575004	2.7668402671	-11.9064007720
3.9728515427	3.3027988769	-11.0644884658
3.5915569992	2.6252325760	-10.4355859464
3.0140891904	3.4348372452	-10.3303661316
2.0562035902	3.6964700973	-10.2120300528
2.2236909656	3.4051288233	-11.1538730551
2.3676326983	4.0043215129	-11.9414318773
3.1301193380	3.9425396094	-11.2973844251
3.2644011931	3.4868830290	-12.1773534383
4.2022310363	3.7346984871	-12.4203815930
3.6510096356	4.4854169042	-12.0562705857
2.8137343016	4.9593167419	-11.7835271918
1.8459328995	5.1958533902	-11.8696135440
1.8256788777	4.5826315503	-12.6592645743
2.8176959991	4.5092241571	-12.7617993760
3.3472890173	3.7947946761	-13.2190976940
3.0501614123	2.9990053037	-13.7467665874
2.6796153415	2.1649499281	-14.1554807172
1.7093846668	2.0138031358	-13.9662531158
1.2875765306	2.8403132363	-13.5934811346
1.2403836707	3.7387844819	-13.1569925840
1.4180337781	3.6350107010	-12.1783856957
1.2043896130	4.3714459758	-11.5364984340
0.6303318371	4.3618039556	-12.3552564577
-0.2799159800	3.9769302250	-12.2025439075
-0.5711174974	3.0279311567	-12.3233844830
-0.4508928629	2.1202217792	-12.7253916013
-0.6578045512	1.1636208026	-12.5202035781
-0.4230672762	0.9281881988	-11.5770864588
