0.9254299162	0.5480391390	-88.0873288506
0.1656196868	0.9802275483	-88.5730258695
0.7270388152	0.8578433693	-89.3914577084
1.0542015770	1.6883118567	-89.8423308819
0.2351331188	1.8701932312	-89.2982297642
-0.0167664744	2.0856291477	-90.2416988738
0.2021923556	1.1117215858	-90.3013737560
-0.4072582038	1.0093369499	-89.5151884076
-1.2659352096	0.8469131736	-89.0290893267
-0.7882702430	0.6779297513	-88.1669519927
-0.6379935509	1.4767507032	-87.5844556386
0.2519156830	1.0437599843	-87.4409962617
1.1055984658	1.5483329356	-87.5699607651
1.6916360599	2.2804612247	-87.2227603813
1.8419773291	2.0044792200	-88.1720924811
1.0724478738	1.5695467685	-88.6397014845
1.8475890107	0.9398170540	-88.5887436149
2.0389525994	1.6906267556	-89.2209340680
1.9047691131	2.4511872602	-89.8561840272
2.1724612492	2.8000917259	-88.9580712314
1.2216943479	2.5068354906	-89.0582863990
1.4591243858	3.3731173521	-89.4978119539
0.6860449121	2.8779085945	-89.8941910825
-0.2907407851	3.0660268074	-89.7917155251
-0.7887185824	2.2530281831	-89.4899683622
-0.6723939190	1.6622995468	-88.6915272241
0.1346824627	1.9319292564	-88.1662391759
0.9405526240	2.5106641854	-88.0411825282
0.7161292666	2.7674088656	-87.1011206548
0.4373110327	1.8562873410	-86.7976112482
-0.4077945711	2.0734658322	-86.3091135293
-1.2065715305	1.6083865751	-86.6907634393
-1.2542332796	2.3320335210	-87.3792861009
-0.2624456790	2.4563488014	-87.3492350367
-0.8172991587	3.2581425307	-87.5711909597
-0.6629657915	3.0825944376	-86.5988926111
-0.2318770054	3.7741690244	-86.0193349785
0.2597915200	2.9091787471	-86.1196040232
1.1304186984	2.4189703555	-86.1608841527
1.2093239988	3.4026860273	-86.3223692312
0.6854319316	4.2503923261	-86.2391158052
0.2380324403	5.0417280374	-85.8224366874
0.0800949844	4.3096976387	-85.1597246418
-0.7929539930	3.8419075746	-85.0220368094
-0.8143544100	4.5820034646	-85.6941975757
-1.1940989325	5.0929914602	-86.4653560328
-2.0321206129	5.1632103037	-87.0064558177
-1.2716927929	4.9328850839	-87.6136623918
-1.0744027964	5.7511627661	-88.1535682096
-1.2869792765	5.3847699311	-89.0594200355
-1.8746980360	4.8085038052	-88.4915256687
-2.7084200560	4.3412046926	-88.1973503251
-2.8216990742	3.3584838491	-88.0509686062
-2.6811633652	3.0540766755	-87.1088507860
-2.9810280014	4.0063890778	-87.0524390101
-2.0377101754	4.1081304758	-87.3683506545
-1.9961725230	4.2370385915	-86.3775644408
-2.2671686179	3.3165942250	-86.0958850402
-1.3208728342	3.5404092518	-85.8625802533
-0.6890091528	2.8360084909	-85.5392107185
-1.4129857986	2.4999361680	-86.1416335020
-2.1646001165	2.1864639442	-86.7219877749
-2.3248593647	2.1515462815	-87.7084449357
-1.6362253919	1.4841142731	-87.9918488273
-1.5796706391	2.2887366967	-88.5829362282
-0.6684623806	2.6546335216	-88.3936770853
-1.1399529248	3.1634300731	-89.1139705920
-0.4234200198	3.6885378698	-88.6547948109
0.1694080812	3.2344403936	-87.9897005884
0.2286930461	2.8137678657	-88.8949739820
0.4524619494	3.7261600800	-89.2377099231
1.0956486240	3.4825149802	-88.5117981054
1.8563869273	3.0947357277	-87.9913132495
2.0765597684	3.2861950866	-87.0348263265
2.3421903970	4.0961034631	-87.5577878842
1.6526462611	4.3164486083	-86.8678770917
1.0846409623	3.6898217221	-87.4014581316
0.1546515184	3.6904263497	-87.0338724019
-0.4096296286	4.2031005124	-87.6809828949
-0.6918346821	4.7256100759	-88.4855598420
-1.1939442531	4.2784037353	-89.2257574289
-1.9797796599	3.7575547494	-88.8923222068
-1.3423605493	3.9469672597	-88.1454488720
-1.8146336267	3.1057234889	-87.8822625149
-1.6230205224	3.2422376543	-86.9103323215
-1.0443731660	4.0545671522	-86.8376135224
-0.2536211638	4.6621221235	-86.7628590724
-0.2485076127	5.2803059153	-87.5488760259
-0.0557214526	5.5722297499	-88.4856865571
0.2332798567	4.7926054598	-89.0412621231
0.4569611755	4.2506028176	-88.2312005183
1.4080789092	4.4835944672	-88.0284939623
2.0340274984	3.9637669308	-88.6098438536
1.2973223668	4.4124228168	-89.1157820367
1.1831417546	5.3686838935	-88.8464726587
0.8183110450	5.3964929472	-87.9158141768
0.6718814188	4.6681621145	-87.2464170132
0.4896635829	5.5636812656	-86.8404094883
1.2657062811	5.1893337477	-86.3328450428
1.6504578822	5.3076020108	-87.2482568755
