4.7844014883	2.3356008268	-56.1439685523
4.4523267428	3.2193172503	-56.4737740196
3.7566149850	3.8328812958	-56.8473035527
3.3525123279	3.3721031863	-56.0571234616
3.8353098262	2.5670226682	-55.7125194353
4.1940042673	1.6682530158	-55.4604253856
3.9822194227	0.8728645700	-56.0283200941
3.8082881011	-0.0779676108	-56.2845739904
2.8426419798	0.1322963389	-56.4372718620
2.0391539105	0.6879223797	-56.6510161607
1.8431460496	0.5382375348	-57.6201267662
2.0654610280	-0.2843752187	-57.0967871937
2.8018848124	-0.9070187407	-56.8322214091
2.4688257016	-0.7573214657	-55.9012743888
1.8236190252	0.0066495995	-55.8937540054
1.0592370802	0.6389263006	-56.0200331223
1.0491842317	0.2698326878	-56.9493709754
1.1458961831	1.2647834014	-56.9762014831
2.0026762697	1.5778152401	-57.3860050351
2.8076536283	1.8950688240	-57.8873648018
2.8667300023	0.9217674860	-57.6655664982
3.0849683163	-0.0376737765	-57.4871162190
2.4041492583	-0.1915793164	-58.2032157198
3.0273336600	0.2689888339	-58.8352902253
3.7403879864	0.4357032792	-58.1542910907
3.3853628993	1.2539148634	-58.6064934690
3.3413566622	2.2385659170	-58.7753891579
3.8904977488	2.6601897535	-58.0538093580
4.3303406405	1.8142031596	-58.3552142576
3.7736172248	1.6483521878	-57.5412409819
4.5047317290	0.9828526697	-57.6915139775
3.7531906010	0.7429756698	-57.0769857375
2.9762026791	1.1653057049	-56.6101590988
2.7710881574	2.1123181142	-56.8573341979
2.0610204286	1.6855033226	-56.2973047753
2.3616209020	0.9930986811	-55.6413968794
2.1552012471	1.9062450321	-55.2898934404
2.5139401342	1.2454868316	-54.6305718108
1.6827278415	1.5814901943	-54.1876408176
2.3667388501	2.3045247982	-54.2843357078
1.9008733457	2.9113302570	-54.9283515980
2.0151000196	3.5769002776	-55.6658940136
1.1277666463	3.8010276149	-56.0688908142
0.2911409813	3.6330128300	-55.5475190382
0.8837748977	3.1781230496	-54.8827932836
0.1803912603	2.5092297115	-54.6423080226
0.5954558642	1.7551845906	-54.1332526914
1.2265034126	2.5253795500	-54.0406313322
1.1522798546	2.1584786773	-54.9679255752
1.0742369952	1.6693530016	-55.8366403646
1.4482228025	1.1053489695	-55.1004107349
0.4626600263	0.9405007292	-55.0617963349
0.9344879017	0.6110341883	-54.2439759058
1.1064650418	0.0562024526	-55.0579695227
2.0746918827	0.2428529336	-54.8915412124
2.9462235268	0.1071566361	-55.3627302490
3.3559487033	0.9995723740	-55.1737344013
3.3263703448	1.9391071226	-54.8325605790
2.9364326708	2.8244030305	-55.0859373061
2.5011565034	2.6571011570	-55.9705528956
3.0611893791	1.8391822163	-55.8387508300
3.8035941087	1.8350151728	-56.5086895237
4.6721591940	1.4009879952	-56.7478863078
5.0175636822	0.5586961271	-56.3340745770
5.2472500628	1.3906056158	-55.8289302716
5.7103682203	1.7604987417	-56.6343498192
5.5794743493	0.9540565271	-57.2109933391
5.2108896024	1.7980129228	-57.6007148888
4.5028714298	2.3761352622	-57.1951475973
3.6051870013	2.7714198023	-57.0004355038
2.7872717193	3.3448057314	-56.9530734134
1.8276104264	3.2609622981	-56.6847070935
1.9919504119	3.6640286606	-57.5850014213
2.1241143218	2.6733689755	-57.5514441682
2.8800032600	3.0849579551	-58.0605870019
2.5367687908	2.9615714723	-58.9916970249
1.7994745317	2.4865183901	-59.4720320587
2.5146307209	1.7960742319	-59.3632272361
1.6123768816	1.3662275429	-59.3290244081
0.9796938446	2.0165542635	-58.9085635524
0.5450888280	2.7595090057	-58.3995088102
1.5156089599	2.9888045813	-58.4737665552
1.9726519095	2.0993734202	-58.4786606160
1.4154704212	1.3064404932	-58.2320715602
2.3292184258	1.0491083588	-58.5464674200
1.6276746314	0.3752205427	-58.7782248706
0.7337582185	0.8146659945	-58.8665489426
0.7507224076	0.5948273297	-57.8911602110
0.1285999487	1.1009398299	-57.2938212927
0.3623650485	1.6609616091	-58.0886354124
1.1487049933	2.1659797304	-57.7327896757
1.3431460954	2.2843316173	-56.7590415108
1.4055199635	2.7058639083	-55.8543758111
0.4267419058	2.5840552331	-55.6895845478
-0.0879081545	1.7448778012	-55.5137535118
0.1013465154	1.0390164786	-56.1963532944
0.3385997940	1.9317024716	-56.5795276669
0.2048089557	2.5068389141	-57.3865704687
0.5318177858	3.0732358730	-56.6300919760
1.0524585012	3.2009303057	-57.4742645753
