3.0884250339	1.0131685398	-210.3294359569
2.6484510193	0.6186373873	-209.5227340069
2.1701680904	0.0823632598	-208.8272805576
1.4656527224	-0.1772484555	-208.1667808577
2.3559975262	-0.0022124947	-207.7464850777
3.1667685551	-0.2665146672	-207.2241875568
3.3913978416	-1.2132450557	-207.4549325571
2.4486869388	-1.1368420995	-207.7796766748
1.5478464146	-1.4150908980	-208.1129392682
0.6507711410	-0.9735079254	-208.1290771684
0.4087719970	-0.9084934719	-209.0971729979
1.4005130644	-0.8291221852	-208.9964265137
2.3748038073	-0.9874081524	-208.8361046471
2.9376163916	-0.4097010150	-209.4272869018
2.7791143437	-0.0670493084	-210.3532819930
3.1521547067	0.3242320802	-211.1945546970
2.3266842081	-0.2234160411	-211.3312294614
1.7311092449	-0.6983199719	-210.6833431136
1.9266978434	-0.3025095573	-209.7860810472
0.9464476299	-0.4023549598	-209.9567866847
1.0432102200	0.1283037190	-209.1147425245
1.6165801320	0.7690187991	-209.6253609046
1.9336036304	0.5039479613	-210.5359835226
0.9417457640	0.5793295081	-210.4333404756
1.0599714847	-0.0262906775	-211.2202628795
0.7057609292	-0.9179651969	-210.9383915722
0.5310460349	-1.4322187890	-210.0987381027
1.5041838607	-1.3565754110	-209.8812964984
0.9920083680	-1.8128648900	-209.1536453622
1.8723989865	-2.2612511725	-209.3081189859
1.2038624891	-2.9789079968	-209.1131122320
1.5716451972	-2.5056099670	-208.3126593261
2.3932423834	-1.9572071977	-208.4683271334
3.3026170269	-1.5513287433	-208.5594338732
3.8166719483	-0.8109054401	-208.9924706729
3.1835717842	-0.5205793145	-208.2749088825
4.1198691388	-0.1968107816	-208.1388162637
4.8561856860	-0.4853953632	-208.7508267878
4.4961931214	0.4018660726	-209.0392232127
4.2250147631	1.0887810255	-209.7134710495
3.3955522610	1.3152223140	-209.2028671908
2.7101806649	1.0707494981	-208.5169380272
3.2957101241	0.5408279955	-207.9034737221
3.4585766521	0.2986056037	-208.8599269656
3.6615179016	0.2247113337	-209.8363256988
4.4165174206	-0.4230513828	-209.7344473920
3.6065743332	-0.9315267522	-210.0267571488
3.1620649791	-0.8540991109	-210.9191787949
2.5418568520	-1.0918087128	-210.1716254361
2.7767840100	-1.7912630750	-209.4966640849
3.1376788311	-2.5681554626	-208.9807249933
2.6214988605	-3.0081484129	-208.2459022653
3.1619688010	-2.3207589932	-207.7607342231
4.1133186316	-2.1170947410	-207.5295322072
4.2743038304	-1.2777883414	-208.0488091405
4.6637580830	-1.5407288580	-208.9315252160
5.0877802163	-2.3295965032	-208.4866734779
4.0907605145	-2.3487387214	-208.5614082742
4.5504853894	-2.6509716475	-209.3964581516
4.2776757577	-2.3892666770	-210.3222472276
3.8241578882	-1.9087423671	-209.5716355240
4.5782767537	-1.4297790896	-210.0209671560
4.8929894061	-0.7194758988	-210.6505903159
4.7494078006	-1.0334088948	-211.5891159664
4.0569933340	-1.3578197089	-210.9446628415
3.3180285861	-1.8895487230	-210.5309052349
2.9371251062	-2.6703993928	-210.0357438769
3.7517527633	-3.1659059799	-209.7343222413
3.0222426341	-3.7925603510	-210.0084011906
3.8564542304	-4.2584287019	-209.7133457853
4.2360610371	-3.7564685912	-208.9362134159
3.2442106451	-3.6306001561	-208.9559602350
2.3479888634	-3.2943217323	-209.2452755298
1.8617032561	-3.0208709904	-210.0751857658
1.0832593865	-2.3991289595	-210.1615685700
1.3108704830	-1.7868570790	-210.9187451234
2.1092117279	-2.0417419983	-210.3731400148
2.4211568475	-1.4871630938	-211.1445883158
1.7186561751	-1.0558694656	-211.7106966195
1.9310078173	-2.0024267071	-211.9534643449
1.8829841429	-2.6891580709	-211.2281411337
2.8518773741	-2.4644925021	-211.3319259529
2.6006118114	-3.3009158046	-210.8448308123
3.5757473916	-3.0795911836	-210.8336052872
4.0548324833	-2.3738334680	-211.3555090349
4.9332629235	-1.9622179825	-211.1127485484
5.3245909832	-2.6480540637	-210.4991597453
5.3823615075	-2.1127157872	-209.6564999704
5.6284036569	-1.4420302507	-210.3562457613
5.4409387939	-0.9822549490	-209.4882229522
5.4794594085	0.0157802868	-209.4388080709
5.8862598721	-0.3611329139	-210.2709437702
5.5116287277	0.1172994263	-211.0651439977
4.8863414415	0.3241357400	-210.3126584170
4.1199945307	0.7878794473	-210.7572415769
3.9554808660	-0.1984032545	-210.7437624761
4.5223339984	0.0135608270	-211.5398458602
3.6905720624	-0.4837745110	-211.7864825229
2.8178290130	-0.8467041807	-212.1129815653
3.3801944825	-1.5878771456	-211.7463649879
