-1.0276939113	-5.3460227071	-73.1194949775
-0.4892379364	-4.5165666876	-72.9709423780
-1.4788616811	-4.4309055555	-72.8555863446
-1.7680201368	-4.7431706109	-73.7605050828
-2.4946660685	-4.1488272735	-73.4159159256
-2.4440377746	-4.9648266129	-72.8400844797
-3.3167236938	-4.4870497303	-72.7393445322
-2.8924093336	-4.7447549906	-71.8712746487
-1.9224668069	-4.5053654797	-71.9149112944
-1.6643989593	-5.4297523760	-72.1958202689
-1.2210039389	-5.1707170325	-71.3377401172
-0.6003400761	-5.3318369123	-72.1050840777
-0.8331458092	-4.3685337654	-71.9714856578
-0.2199528072	-4.4666204435	-71.1876659427
0.2332291059	-4.6056965303	-72.0681680697
-0.0089954312	-3.6354778497	-72.0664402291
-0.2088781285	-2.7717844102	-72.5291286230
-0.0413648423	-3.5249677722	-73.1652529207
-0.7921609697	-2.9659055176	-73.5170405990
-1.0306833222	-3.9124153747	-73.7343564471
-1.6503734584	-3.3202239674	-74.2494229207
-1.8898828842	-2.3827880718	-74.5021068667
-1.6886311528	-2.3241399482	-73.5243246117
-2.1302142770	-1.4792350313	-73.8262186758
-2.5706003061	-1.0750687293	-74.6279104779
-2.6092020022	-1.8988981825	-75.1934323088
-2.9876590684	-2.1366343785	-74.2988643963
-3.6138559652	-2.6093478715	-73.6788487514
-3.3587813001	-3.5193088534	-73.3518809752
-2.5590067014	-3.0148015719	-73.6772008089
-1.7860986522	-3.4254025775	-73.1934447117
-0.9569348751	-3.5591220511	-72.6506680236
-1.7180994478	-3.4388668530	-72.0133555565
-1.8372152742	-3.0530292450	-71.0985108921
-1.8316253616	-2.2998914384	-71.7563499279
-1.3022760998	-2.5904337484	-72.5534537638
-2.2895801733	-2.7374901121	-72.6134961859
-2.7159530165	-2.9108582852	-71.7257182434
-3.0396383379	-2.8713630849	-70.7803781238
-2.6814922650	-2.0085688546	-71.1371939119
-2.8266378017	-1.9234848438	-72.1229390536
-2.8198807161	-1.0801443283	-72.6602761141
-2.9778408751	-0.8435906232	-73.6189684176
-3.6993155851	-1.5118265001	-73.8004485976
-3.6908992018	-1.7416185071	-72.8272452283
-2.8048754706	-2.0187811656	-73.1989209046
-1.9794955321	-1.7232360199	-72.7178793015
-1.0917289312	-1.5576816784	-72.2883886470
-0.6596054995	-1.9636896708	-73.0936382045
-1.2349630311	-1.2072250978	-73.4046447327
-0.6007253982	-0.9799807346	-74.1436322998
-1.3920654904	-1.4455285034	-74.5399227658
-0.7471166279	-2.0735228618	-74.1044184024
0.0961436656	-2.4489681047	-73.7197718804
0.7504130556	-2.7080323991	-73.0092669496
0.7192020797	-2.5701026343	-72.0193168220
0.1407081736	-2.4353072885	-71.2148449361
-0.0770568595	-3.3882170657	-71.0037967259
-0.8139182828	-3.1018054207	-71.6161721112
-0.8291360092	-2.1109541844	-71.4820742056
-0.0784268217	-1.7419430147	-72.0300399640
0.3565243819	-1.7189671266	-72.9302008157
-0.2934718235	-0.9671546305	-72.8193725536
-1.0176342257	-0.2833880215	-72.9091057120
-1.4654631092	0.2334207144	-72.1794770245
-0.9915218238	0.2101766145	-71.2992274180
-0.8150459395	-0.6195520901	-71.8287616841
-0.1571317977	-1.0385922368	-71.2030186558
-1.0110043228	-0.7503483581	-70.7696398639
-1.5701904360	-1.2741790526	-71.4122223834
-1.6498022707	-2.0085543190	-70.7381638370
-2.2140461616	-1.2221964731	-70.4866282136
-2.7475135585	-1.9420107887	-70.0424662079
-2.2001640354	-2.7758797725	-70.1136772845
-1.3733947029	-2.3529235294	-69.7427858082
-1.2759260952	-1.3791005880	-69.9481361171
-0.5496900172	-1.7784438524	-70.5076949755
-0.8111364653	-2.7420684420	-70.5631332769
-1.3196981306	-3.5406041213	-70.2410994256
-1.3372330146	-4.0280634565	-71.1140690267
-1.4059986514	-4.6524184585	-70.3359609888
-2.1517531574	-4.8660861602	-70.9669889835
-3.0613222435	-4.5593623571	-70.6866238888
-2.3037339772	-3.9607737257	-70.4263323809
-2.5301553789	-3.8678427205	-71.3959184664
-2.6066949455	-3.7851960017	-72.3895538193
-3.5372503133	-3.6071808704	-72.0695892582
-3.3906165190	-2.7813515406	-72.6141114786
-3.6820270704	-2.5382939125	-71.6889072417
-3.6484179203	-1.5431290765	-71.5966176207
-3.2514969265	-1.1792620635	-70.7539702914
-2.8638555321	-0.2685232445	-70.8964095865
-1.9380738224	-0.3264195170	-71.2700086330
-2.5872234944	-1.0237561878	-71.5738610162
-3.4157298678	-0.5700119512	-71.9020276768
-3.3098431210	-0.1484567158	-72.8026270218
-2.5361654177	-0.0829537194	-72.1724427879
-1.8138945845	-0.7611924678	-72.3077832612
-2.0552565854	-0.4649393276	-73.2318928117
-1.7185266625	-0.4873712032	-74.1732268491
