1.1002319773	2.3741158831	91.1378264576
0.4028986468	1.7549342589	91.4988532468
0.0951975884	2.6664211679	91.2258849823
-0.5970915499	3.1180697365	91.7886898504
-0.8091011257	2.1611319502	91.5903920617
-1.7210046531	2.1439309551	91.1803480610
-2.0244303490	3.0938873349	91.1060801435
-1.0731491221	2.9554747836	90.8305697210
-0.3094456827	2.8036278034	90.2031149008
0.0791220788	3.6054937429	89.7492139096
0.6719177576	4.2746985618	90.1972743894
-0.2811271013	4.5557609589	90.3100104789
-0.8842663088	3.7747346659	90.1480814015
-0.1882066456	3.6650885148	90.8576437080
0.4031676162	3.6299213428	91.6632737425
1.1728836414	3.7956371930	91.0467711086
0.6752520916	3.1491843416	90.4684445992
0.5426337190	2.1957226092	90.1976622288
1.2747460458	1.5323430897	90.0429393988
1.5903950005	2.4787490690	90.1113605926
1.6033343912	2.1537804169	89.1657243267
1.3336183214	1.6873968395	88.3232638823
0.7916978177	1.4228602074	87.5255530713
-0.1257927560	1.0405214034	87.6352257031
-0.3042625745	1.8514662134	87.0779851455
0.4739018384	2.4418180885	87.2923325503
0.5466735254	3.2096133410	86.6557834698
0.2921023176	4.0997853107	87.0336556236
1.2725342026	4.1279428162	87.2284901016
1.7945735892	4.3866904324	88.0412167161
2.1923939833	3.5514373672	87.6616231821
1.6497652422	3.1397843481	86.9294375217
1.4988850241	2.3568482385	87.5329656553
2.0440650795	2.6262803091	88.3268076211
1.5372100843	3.4584960547	88.5515629697
0.9432378574	3.2646598617	87.7707784131
0.8686657421	2.6192668197	88.5309802422
0.1905908631	2.6568267391	89.2650127421
0.6206776319	1.7614181340	89.1498224595
0.5293498912	0.8618726627	89.5769959475
1.3966229273	0.9123409625	89.0817279074
0.6155381296	0.8655401031	88.4590592809
-0.2989972898	1.1801422627	88.7133238042
0.1212323310	1.9247450536	88.1946970121
-0.1105838370	2.8974541496	88.2046105838
-0.3789884581	3.0684641596	87.2566050269
-1.3302417758	2.8942878363	87.0020863951
-0.7422190792	3.1744593019	86.2433155086
-0.7386973863	4.0313174735	86.7588556830
-0.7682062909	4.7796623002	87.4215088690
0.1771464304	5.1020178011	87.4704492735
1.1753974471	5.1478936992	87.5077361319
0.8575475301	5.2007751078	88.4544013245
0.1784791483	5.5526635739	89.0986378031
0.9775124603	5.1712600141	89.5634787338
1.2735262704	4.3052907158	89.1603993389
2.2357673506	4.0471012911	89.0742000086
2.1697760302	3.1022205131	89.3948952862
1.7632453674	3.7289702047	90.0596641515
1.0847318886	3.2483080141	89.5041613904
0.5092568978	3.5741839408	88.7540724522
0.6041846862	4.2814810479	88.0535586998
-0.3048082264	3.9009775512	87.8834147197
-0.5207166978	3.6535762778	88.8279654816
-1.2297830110	3.1277432368	88.3581521395
-2.0271107670	2.7821078770	87.8633747677
-2.1771663809	2.9831218953	88.8314019766
-2.6088423205	2.1097336440	88.6059050906
-1.6556089363	1.8784573467	88.4113353352
-0.9106373660	2.2391670088	87.8501705652
-0.7353284700	2.2215551858	88.8345265042
-0.3149347732	1.8027979155	89.6394559970
-1.1728266715	1.3456230139	89.4049083466
-2.1475944653	1.2518998565	89.2023158544
-1.9509253996	1.3669441890	90.1760129737
-1.2479533784	1.2220016734	90.8723045826
-0.3697884749	0.9626212162	91.2742351494
0.4288765663	1.0500169471	90.6788393665
-0.4496875861	0.9617128053	90.2094489014
-0.3491283076	1.8330629894	90.6896953883
-1.1825509600	2.0849653137	90.1978093228
-1.8003894167	2.2411318641	89.4271682585
-1.0504829943	2.8991603481	89.4952775219
-1.5119438299	3.7468266518	89.2335224172
-2.4854924935	3.9081883448	89.3952796538
-2.8741777894	3.5533614827	90.2455864447
-2.9220435770	2.8318199816	89.5548717941
-2.8664127049	1.8383079638	89.6540639142
-2.3996107025	2.3594860502	90.3685352522
-1.9163248282	3.1721972852	90.0430583525
-1.8954673776	4.1424770903	90.2841435375
-1.3646238829	4.9670999165	90.0886892495
-1.8057219666	4.8225312899	89.2029509176
-1.0271656414	5.4209167982	89.0137821256
-0.7273665551	4.5420257086	89.3848225014
0.2496123481	4.5118957719	89.1736249404
-0.2917573192	4.8323835392	88.3963177460
-1.1986444753	4.4110478481	88.3906678360
-1.4393302036	3.8439163529	87.6029926191
-2.1341515162	3.9316859284	88.3167992071
