2.7783370992	-2.3407654654	-213.8840849227
3.6207047135	-1.8531146331	-214.1134611816
4.0503948811	-2.6306759327	-213.6543699212
3.9484565886	-2.5354006045	-212.6641521692
3.0118680163	-2.8617912856	-212.5365944586
2.1906469268	-2.2932559410	-212.4879787823
2.3217845626	-2.8258050800	-211.6518003713
2.1209195956	-2.5665737326	-210.7071033968
1.6978718893	-1.6842862849	-210.5007069387
2.5603772196	-1.7512901083	-209.9991144320
3.1112051266	-2.1100151030	-210.7527091474
3.4711931611	-2.7631551935	-211.4189047922
4.0501808476	-1.9837661659	-211.1794763010
4.6799876670	-2.2083306188	-211.9230582917
5.3651928672	-1.5925895159	-212.3121042114
5.1153541644	-1.3311943981	-211.3797667108
4.3726529434	-0.8491545636	-210.9149737523
3.6230499508	-1.1658038888	-210.3337435411
3.3445534496	-0.3234879268	-210.7952015772
3.8500640456	-0.2843350685	-211.6571331818
4.3631593310	0.3979964365	-212.1778605053
4.9071696979	-0.4404402465	-212.1450481721
4.2697519302	-1.2032396796	-212.0362565629
3.4483430075	-0.8901601848	-212.5129835411
4.1427326267	-0.3018174721	-212.9273214578
3.4343623652	0.0211322574	-213.5549479748
3.6547102842	0.5558902598	-214.3707179629
4.4612714456	0.1804630516	-213.9140851736
5.1147676310	-0.0150220199	-213.1828339701
4.9716143587	-1.0025642404	-213.1175078403
4.1140209655	-1.5157116039	-213.1523410919
4.8911544333	-2.1447177013	-213.1319719320
4.6970860543	-1.7301552346	-214.0210587812
4.2165059818	-0.8544768794	-213.9738336584
3.4073449338	-0.7648188995	-214.5545399913
2.6963886374	-1.4674976124	-214.5265440788
1.7912042780	-1.8525716564	-214.3466572922
1.1723395619	-1.1686858588	-213.9602550678
0.6040485989	-0.8020175545	-213.2236413726
1.5814677869	-0.6951130025	-213.0413691920
2.2408521012	-1.2559867465	-213.5420017611
3.2212276612	-1.0592246448	-213.5541852180
3.0759035566	-1.8842110517	-213.0080365817
3.2904298701	-1.9516888028	-212.0336520508
3.3889680556	-1.2008963595	-211.3805051048
2.7588225341	-0.5322645166	-211.7752810925
2.4245853160	-1.2601024388	-212.3740610529
2.5931511620	-0.4211541667	-212.8915080089
2.3220690245	-0.0603161564	-213.7838702700
1.9995292426	-0.6681395725	-214.5094864109
1.7961846744	0.2896746999	-214.7125696601
2.7707801903	0.0688883068	-214.7502120414
2.6729246877	0.8791761200	-214.1724076106
1.7831917498	0.9053885393	-213.7166793930
1.8225506786	0.3177700782	-212.9084990796
2.7259187862	0.7192235258	-213.0593672060
3.3400654250	0.2160890387	-212.4513543822
3.2387351958	0.5648452138	-211.5196348349
2.3712961813	0.4689000729	-212.0078397980
2.2909362050	0.1700086786	-211.0569422175
2.8034152421	0.3364974879	-210.2145369036
2.6885416574	-0.6161585059	-209.9330220428
2.5135493506	-1.0341676028	-210.8244512814
2.3876514189	-1.7896141601	-211.4674522222
1.4559147945	-2.1087375823	-211.6407355285
1.3503046118	-1.5457963344	-212.4604572133
0.8596650603	-0.7224662201	-212.1751497416
1.7952144020	-0.3871514222	-212.0641929233
1.5459167390	-1.0656436604	-211.3731799293
1.6187362578	-0.5207368093	-210.5378513464
1.8197156565	0.0935198911	-209.7747681352
1.9313861838	1.0010608319	-210.1796127156
2.4774882888	1.2498446602	-210.9795371481
2.5584053855	1.4691108313	-211.9518409944
1.7468121777	1.2851843941	-212.5063565766
2.3552624214	1.6940923862	-213.1864907950
2.1935351918	1.8281370082	-214.1641800823
2.0129105200	1.2880785176	-214.9861968429
2.9653934901	1.0706586394	-215.1995153560
3.3092061002	1.7404352810	-214.5413420206
3.3615930884	1.4436981602	-213.5878208176
4.0049723220	0.8266466535	-213.1347086903
3.5231404122	1.2869928459	-212.3891086676
3.1410013815	2.1625764869	-212.6846134033
2.2209750126	2.4273497792	-212.3957421792
1.6880634195	2.0220419883	-211.6529563227
1.3164436625	1.6187910684	-210.8167222336
1.6049388677	0.9354785909	-211.4874342245
0.6079349219	0.9507316735	-211.4116023353
0.7414531948	1.5463996416	-212.2036582315
1.1563789536	2.3845578016	-212.5576744931
1.5420919979	2.4419055208	-213.4785092701
1.0285331305	1.6014113152	-213.3058049564
1.1600423195	1.5784551196	-214.2968540704
0.7763936256	0.6551509352	-214.3148280171
1.2613999277	-0.0604102498	-213.8120944122
0.8043291687	0.5778735584	-213.1926752477
1.0214260881	0.3881900718	-212.2351319837
1.0742059017	-0.0371832101	-211.3316543346
1.0130272445	0.4377883556	-210.4537823715
