-4.1738248031	1.5643486901	156.7866481866
-4.0091357301	0.5791788765	156.7385031170
-3.7885539069	0.9015268018	157.6590657028
-3.1154042919	0.3108315803	157.2141513840
-2.3756453380	0.3625142111	156.5432671944
-2.3351223151	1.2080874457	156.0109479392
-2.3772601679	2.2041535122	155.9329941546
-2.2322934407	3.1797615568	156.0978382972
-3.1798323154	2.9326779341	155.8950582084
-3.7508749835	2.5570956803	156.6250227567
-3.3841768446	1.8547069025	156.0149551542
-3.0880384340	1.2942050218	156.7883500620
-3.2956151480	0.7451432602	155.9787556638
-3.0029017278	1.2016622041	155.1385715724
-2.8429036466	2.1758160671	154.9791198081
-2.1020876545	2.8378575832	155.0926658201
-2.8462009126	3.5057567819	155.0783089525
-2.6932976265	4.1101751005	155.8601651293
-1.7445071658	4.4011280715	155.9832221502
-1.8734029912	3.9512903526	155.0994620623
-1.2495395615	3.4585614662	155.7061025371
-1.4483905657	3.6268876195	156.6715685304
-2.2528557322	4.1752269299	156.8999537241
-3.0487008749	3.5825706448	156.7759011688
-3.3762448681	2.9744864277	157.4990529630
-3.3509554372	3.1876046896	158.4757520217
-2.7588758135	2.7627603304	159.1605505247
-2.7387929428	2.3023971058	158.2730470714
-2.4743462059	1.6074281847	158.9416920609
-2.0846790810	0.7908766282	158.5157776476
-2.6209377664	1.2887754200	157.8342181011
-3.1905906802	0.8789526847	158.5466371375
-3.6531939124	1.7652001833	158.5228964384
-3.4467511386	1.9319060062	157.5587436758
-2.6978889713	2.2679564277	156.9875383111
-2.2135221625	3.1009612035	157.2549178881
-2.7138798372	3.7793581611	157.7928953647
-2.5587451687	3.8655008147	158.7770257818
-2.0733024112	3.1145108919	158.3294104724
-1.7618433246	2.3731250311	158.9238347676
-1.5956790384	1.8133146415	159.7356239999
-0.7643157000	2.1083994299	159.2647100298
-1.2652217395	1.3671659931	158.8178698661
-0.4178283541	1.0512392940	159.2446189389
-1.2879136349	0.7465343591	159.6320547487
-1.1365792588	0.2591633998	158.7720736707
-1.8107021345	-0.2909192339	158.2791563909
-2.7676685278	-0.0327187604	158.1466881400
-2.4009116757	-0.4858694062	157.3341957378
-1.9796017614	0.4039891523	157.5092663007
-1.0056414973	0.2663098133	157.6893934878
-0.5349384201	0.9873689982	158.1978345022
-1.3837998898	1.2461690340	157.7369041964
-2.0246315186	1.4788512516	157.0053347813
-1.8666244468	2.1931185001	157.6871383182
-1.1929037987	2.8905820603	157.4429149153
-1.5564968030	3.7812931284	157.7157407213
-1.0908451187	4.4993704072	157.1985042856
-0.8681773326	4.3811383725	158.1662027112
-1.8325054886	4.6008322811	158.3138705619
-1.4810129467	4.0079051613	159.0383637803
-1.2157064141	3.1398189536	159.4579335359
-1.0083498497	3.2226975613	158.4831851624
-0.2508147278	2.8500866868	157.9471798683
-0.9419203180	2.1699134596	158.1915923155
-0.1546735863	1.8192352201	157.6843770202
-0.4147601981	1.0635900014	157.0832486997
-0.9634120524	1.8977377410	157.0268688158
-1.6568964678	2.4679796666	156.5865240511
-0.7427251213	2.8458895778	156.4399810596
0.0813194355	2.5812496508	156.9408964989
0.2423605059	3.3385940858	156.3080496135
-0.4996885774	4.0065699527	156.2517344359
-0.4012634061	3.6162542724	157.1671393493
0.5573769610	3.4534993021	157.4006333879
0.0640950108	3.8486487641	158.1755719792
-0.3757259010	3.8859866707	159.0728809819
-0.1252415502	2.9192314467	159.0214813037
0.1224334530	2.0137160520	158.6769541455
0.4731482856	1.0786358920	158.6257271944
0.4718698121	0.8961336181	157.6425225943
0.6745101476	1.7275866729	157.1251999560
0.7388443635	2.4516037228	157.8119753342
1.2329372606	1.6416551103	158.1279744704
1.6090306571	2.1099224874	157.3284249593
1.1100923698	2.6850920400	156.6801653113
0.7863290534	1.9815328228	156.0475661153
1.3609710571	1.2740474160	156.4589673388
0.4002943231	1.0031060695	156.3982137426
-0.2436094300	1.7614644976	156.2968211825
-0.2051387568	2.4679077836	155.5900978342
-1.2029000287	2.4121602035	155.5531566430
-1.7986236006	1.6784179723	155.2264522444
-1.3541435960	1.5624993546	156.1147091890
-1.3415421791	0.7219692447	156.6563274482
-1.5238352731	0.5985796019	155.6808561652
-0.5785943304	0.8105291442	155.9290434968
-0.7111950639	1.5198237924	155.2367154334
0.2762286476	1.3852752258	155.3197280658
0.8961066757	0.6268426149	155.5210516979
