-0.3066424720	-2.1369731279	19.5620261473
-0.3613277393	-1.2011532603	19.9102368552
-0.2607341152	-1.1202950112	18.9186003965
-0.7809105745	-0.5634253565	18.2710568544
-1.1458568699	0.1963029772	17.7328867507
-0.9205782007	0.4042697580	18.6847267264
-1.0250544130	-0.3599774156	19.3211314551
-1.6964821762	-0.8270745089	18.7458010593
-1.2302225872	-1.5536528546	19.2504652081
-2.0574981683	-1.7778581759	19.7655837253
-1.3438611959	-2.4740936070	19.8429044595
-2.2799985212	-2.8099681373	19.9469967642
-2.9639876499	-2.2954274353	19.4298829103
-2.7350804813	-3.1957784228	19.0597888580
-1.7699301161	-3.4038893443	19.2184539672
-1.9003812173	-2.4546297791	18.9322917964
-0.9230122114	-2.5664369890	18.7527118028
-1.4078936279	-2.6661074515	17.8838298713
-0.5466944813	-2.4057302186	17.4473213074
-1.2239967439	-2.7124742490	16.7786137892
-0.7549314060	-1.9109509647	16.4077524493
-0.6483345150	-0.9783364810	16.0629810357
-1.2611796738	-1.5168471810	15.4846843667
-1.7895024852	-2.2656559783	15.8848848064
-2.3167879384	-2.9801593229	16.3447271940
-2.8654004525	-3.5477332724	16.9586360808
-2.6990154524	-4.1919046874	17.7052010276
-1.7054112276	-4.3044606843	17.7142449173
-1.8295373037	-3.4650685048	17.1850819120
-0.8599727636	-3.5056876479	17.4265248409
-1.1831803173	-3.5830687286	18.3696839185
-2.1498005665	-3.3985841179	18.1918898740
-3.1103603754	-3.2246782859	17.9749068906
-2.7228500759	-2.3725712541	18.3266871829
-2.4322630084	-2.6581398341	17.4134458445
-2.3688678400	-1.9587672742	16.7015054852
-1.5280435588	-1.8431437062	17.2303208772
-1.6018609673	-1.2098938947	16.4599017273
-2.4822045923	-1.2364491302	15.9863091582
-2.6361632221	-1.6813907570	15.1040826062
-2.9922130899	-2.1828537196	15.8926023516
-3.3237909188	-2.5221887023	16.7728908911
-3.3230176077	-1.5224197519	16.7514095564
-2.8024244712	-1.6326997051	17.5980624475
-2.4571292466	-0.9271149367	16.9792560622
-2.2197700779	-0.2417697603	16.2908066348
-1.3410678683	-0.1705994818	15.8187714472
-1.9427435349	-0.7100619102	15.2297326704
-2.3503763907	0.2018851490	15.1829564358
-3.0266938912	-0.4603284721	15.5055517839
-3.6163377478	-1.2261550978	15.7621247787
-4.3238902282	-1.4613476486	16.4284985114
-4.2300457246	-0.5591318688	16.8494496913
-3.2932634768	-0.4270829214	16.5254094227
-3.3575155069	-0.6585975628	17.4961167150
-4.0469582118	-1.3820382536	17.5322044369
-3.6566755060	-2.2757075252	17.7536421085
-3.5269629710	-1.6141858896	18.4922650054
-2.6347154666	-1.4064643076	18.8931965896
-2.5258001803	-0.7684622540	18.1309034438
-1.6347021857	-0.8695102410	17.6884854646
-1.9263016891	-1.6885223527	18.1826401879
-0.9273519803	-1.6767758886	18.1383513657
-0.0184314011	-1.3407650936	17.8914503199
-0.7158854490	-1.1359754256	17.2047050666
-1.1946707774	-0.3330323649	16.8496740107
-1.5919418416	0.5815764710	16.7743986570
-2.2522046317	0.8560451632	16.0753135513
-2.7767887061	0.5253333946	16.8598142045
-2.1702511177	-0.0013355383	17.4554080166
-2.2920895038	0.9303741308	17.7975666057
-2.2001784890	1.4907875622	16.9744693142
-3.1582681303	1.4329995625	17.2550486907
-3.3419476428	1.2005400925	18.2101530994
-2.6444053024	0.8816599696	18.8518307058
-1.9945809706	0.1857047797	18.5462579462
-2.6759616694	-0.3051018582	19.0892397024
-3.4912396185	-0.5713362290	18.5750013087
-3.0560484175	0.1810101407	18.0804474101
-3.7154135256	0.3621298082	17.3507671239
-4.1852621830	0.2163329551	18.2213907606
-4.5350280063	-0.7203576137	18.2379632450
-4.4431552487	-0.3364557032	19.1567552343
-3.5841320249	-0.4976139646	19.6426637810
-2.9367321895	-1.2167191336	19.8951736007
-2.3119892784	-1.2353697469	20.6757813445
-2.7968056518	-2.1051998983	20.5844107160
-1.8094035332	-2.1746502498	20.7265856249
-1.2724015144	-1.4028126576	20.3861512507
-0.9582991591	-0.4537302858	20.3620190758
-1.7763529322	0.0198941042	20.6883133625
-2.4338852273	0.7703757245	20.7548612290
-1.6238515682	1.1363760963	20.2967245693
-0.9406498467	0.6535224277	19.7489219201
-1.6187390928	1.0802345840	19.1504975639
-1.9430677537	0.2670852154	19.6338183933
-1.9148576982	-0.7157615242	19.8160722803
-2.6725046012	-0.2677613546	20.2906953080
-2.9732132210	0.5616436760	19.8198857699
-3.5673190460	0.3902506093	19.0339705801
