2.9542796365	1.4523040408	148.6697267615
2.2087484350	0.8353224393	148.9217524171
2.0753869275	1.5485222458	149.6099099167
1.8803353461	1.9134038754	148.6995164431
2.2808151968	1.5112996124	147.8761525801
2.3714420482	0.5158430178	147.8469474077
1.5524524822	0.2830784984	147.3224697921
1.3167986810	0.7542832561	146.4725089916
2.0148259452	0.9675022001	145.7889187485
2.2693789155	0.2554093290	146.4432325328
3.0667247873	0.4858153218	147.0010431092
3.4117252093	0.8896978824	147.8483055160
3.2401813357	1.7537328902	147.3750020143
3.2726170667	2.3763053265	146.5931123259
2.8757203001	1.6128463962	146.0835994031
2.5981716233	2.4851291011	145.6809958577
2.6017130231	3.4848338736	145.7050338778
2.1109814341	4.1138019199	146.3080112443
1.2463399581	4.5599380135	146.5390041096
0.3294174992	4.2707143941	146.2640442901
-0.2132328459	3.5577190170	145.8200080356
-0.7583969892	2.8275203316	146.2318404489
-0.8448749288	2.0292265064	145.6358131554
-0.5680736058	2.8104185361	145.0762418549
0.3689650793	2.4622612444	145.1035365955
0.6340547310	3.4226051935	145.1899482609
1.6088321807	3.2182184347	145.2795862908
1.4039844540	4.1684307103	145.5143926796
1.1242505477	3.4762201302	146.1796696554
1.0327043312	2.5127333668	145.9280498093
1.7936815160	1.9338130437	146.2209064018
0.9764854579	1.4953161806	145.8468594745
0.2001312077	1.3993071978	145.2239177811
-0.4497871109	0.9972731047	145.8688788398
0.2771552780	1.0458202639	146.5538590852
0.6288117569	0.8363275089	147.4662463420
-0.3494419920	1.0375350082	147.4158961184
-0.0907510026	1.8645465367	147.9150262655
-0.4392453226	2.4605010266	147.1915693180
-0.7445358521	1.6601587282	146.6755752308
-1.5124468566	2.2466632644	146.9331118655
-1.2523101223	3.1099502418	147.3656213729
-1.0292251495	4.0478092789	147.6314286746
-0.2128359274	4.5412583103	147.3314008568
-0.4093809741	3.6882860175	146.8478635653
0.2687922807	2.9879496916	146.6251303906
0.1168004108	2.1166864018	146.1584412528
0.4971759735	1.9450187435	147.0672012026
1.4186694740	1.5690442413	147.1646327279
2.3036623706	1.2103706496	146.8677475182
2.3168129772	2.1872698176	147.0810432690
1.7416986588	2.5524083357	147.8131070526
1.2774601295	2.6436766291	146.9321117709
2.0843061227	3.0284725228	146.4838577542
1.6095563005	3.6174974227	147.1378166777
0.6442084320	3.8745533371	147.1828250083
-0.0525590019	3.5575084068	147.8262515038
0.5637830655	2.7862300562	147.6673422155
0.0528750043	2.7895480851	148.5269711725
0.4206906321	3.6398527904	148.9033932387
0.0671928333	4.0278488545	149.7545679332
-0.5427842647	3.3714447898	149.3106516756
-0.4994772172	4.1048035656	148.6321906188
-1.2129700423	3.4335426141	148.4313505745
-0.9227380002	2.4944963313	148.2470751271
-1.1518791654	1.5896735172	147.8882018885
-0.9172202681	0.6948860150	148.2680578189
-0.6214014837	1.4812662552	148.8103652636
-0.4866139154	2.2709922350	149.4088343005
0.3589783213	2.7757128524	149.5827045615
0.9793670940	3.4713703749	149.9448901245
1.9226370992	3.8018390377	149.9127628728
1.4797163615	3.7772915777	149.0165382122
1.1296560022	3.5077122468	148.1194402637
1.1127799025	2.6834103733	148.6853392111
0.9849857503	1.8928358879	148.0864563864
1.4063973574	0.9873540209	148.1366046257
1.0989617933	0.9824522201	149.0881609017
0.2945583096	0.9449091410	148.4952649979
0.3783225520	1.8403416031	148.9325112187
1.1345949654	2.0471304786	149.5532288661
1.7573558679	2.8287562397	149.5181571137
2.2014226993	3.0725132067	148.6559580704
2.7479081974	2.4085464063	148.1455644103
3.3350266914	2.9125702946	148.7790087993
2.7071921624	2.3191094661	149.2826237804
2.8030727692	3.1882415464	149.7678209941
2.7496727400	3.9117719002	149.0795970014
2.1681889277	4.6752879029	149.3605238419
1.2211811178	4.6014300779	149.6731277919
0.4483922927	4.7732061928	149.0621528348
0.5327518739	4.4240457533	148.1288948594
1.3596691956	4.5794577462	147.5884738609
1.4762985758	4.7219606971	148.5713728876
2.1378354683	4.0709167176	148.1992026623
2.4977552224	4.3082381802	147.2969076473
2.9994543155	3.6409551442	146.7464247958
2.4854510744	3.2309414240	147.4998764648
3.1848751739	3.7101648295	148.0301130694
3.5110219449	2.9141036558	147.5202945806
