-1.0320317830	-2.3226839609	-234.0023182484
-1.3079271411	-1.5926428316	-233.3770809326
-0.7772434926	-0.8586962017	-233.8009880091
-0.2503425144	-1.4405964538	-234.4204776828
-0.0238919858	-2.4056870961	-234.2888714128
0.7177599131	-1.8169538055	-234.6103454762
0.8899875922	-0.8641635176	-234.3602888949
0.3160713851	-0.9256566655	-233.5436869233
-0.3375761118	-0.9522298849	-232.7873544476
-0.9322846376	-1.6414363223	-232.3734507678
-0.9568128368	-0.7851621713	-231.8575118704
-0.0709420242	-1.2314591560	-231.7308157583
-0.8108571091	-1.7585806138	-231.3128819885
0.0424448785	-2.2621401483	-231.4481724651
0.6253191333	-1.8141265657	-230.7702776112
0.9418922017	-1.7276502340	-231.7148957014
1.0284997729	-2.6891549447	-231.4541126117
1.2849989770	-3.6509841564	-231.3587568263
1.2474161414	-3.1552816383	-230.4910780009
0.2912741483	-2.8744268557	-230.5742229356
0.1884205041	-3.5165652577	-231.3338803588
-0.6513120671	-3.0080445731	-231.1434704793
-1.1189463526	-2.6223169421	-231.9387895157
-0.2313896720	-3.0064500563	-232.1931217574
0.7083577960	-3.3402897741	-232.2667813759
1.0219226706	-2.4190799159	-232.4971060740
0.0989748771	-2.0349096575	-232.4730107789
-0.2315694619	-1.8367308642	-233.3957597187
-0.8008781730	-2.5627575110	-233.0100488174
-0.6332477022	-3.3788181184	-233.5631718690
0.2709402526	-3.4257126750	-233.9877246254
0.2566138815	-2.8103892293	-233.1995800877
0.9485994058	-2.6166648692	-233.8950129791
1.7452569395	-3.0537549145	-234.3124923993
2.2680731822	-2.2018887824	-234.3439132431
1.5464386633	-1.6312906843	-233.9519165191
0.8153681830	-1.7870015066	-233.2876198289
0.6710075730	-1.1477600730	-232.5322851985
0.9709861234	-0.2512366952	-232.2063117297
1.8840812327	0.0161162502	-232.5141748875
2.5822435478	-0.6604828765	-232.7482325801
2.4340724879	-1.0889030418	-233.6395807158
2.7612335293	-2.0006593923	-233.3912542968
2.6212069269	-2.6571079552	-232.6499933206
2.3499430301	-3.5673783125	-232.9627612456
2.7117643254	-3.0512086384	-233.7390693145
3.6007036197	-2.6662422910	-233.4909003349
3.5881933717	-3.1373230663	-232.6088989762
3.6210202460	-3.5672938215	-231.7066531416
2.6484246848	-3.4830345354	-231.9233516579
1.7492503691	-3.1291142674	-232.1806957737
1.5987043533	-4.0959310790	-232.3870962336
0.6833008279	-4.3645198053	-232.0872688135
-0.2698979377	-4.0961236763	-232.2264651892
0.2923184315	-3.9388127587	-233.0383555940
1.1815529053	-3.5125756610	-233.2044398715
1.7625447350	-2.6994881565	-233.2410076689
1.8134057810	-1.7615336552	-232.8979996405
1.5186844872	-0.8222948709	-233.0739822106
1.7546071946	-0.9823812612	-232.1154871278
1.7743191304	-0.2525012478	-231.4321961169
2.3040239522	-0.5096103300	-230.6239215833
3.2400854206	-0.8597348195	-230.6585881251
2.6012957202	-1.4269022003	-230.1387142165
3.4675898603	-1.8365617091	-230.4245700361
3.6033768114	-2.5761364616	-229.7653348055
3.0658519047	-3.4128350689	-229.8702272047
2.9268370608	-3.4737893655	-230.8586397941
3.6639344887	-2.7981898514	-230.8745356506
3.0564063467	-2.5603827063	-231.6323993048
3.5097712814	-1.6806534214	-231.4890932638
4.3602100262	-1.9597382975	-231.0431497997
4.1352350972	-2.4195233542	-231.9022097411
3.5449992918	-2.0460735092	-232.6178611278
2.6854752183	-1.6661594391	-232.2759785947
1.8959983868	-2.1349382093	-231.8797806679
2.0861687268	-2.8804822241	-231.2410323890
1.6510102940	-2.1604245030	-230.7005196541
1.6458813590	-1.2407982326	-231.0932806714
0.7637793894	-0.7938165145	-231.2419529928
1.2026603036	-0.3688453573	-230.4502566755
1.4741604383	-1.2617195618	-230.0910028212
0.4977436508	-1.0824082070	-229.9707626657
-0.2254239430	-1.1357672163	-230.6593710068
-0.4252236089	-2.0788534552	-230.3935356451
0.1952366504	-2.0530995494	-229.6097207415
1.1511596027	-2.2968518082	-229.7734160241
1.0711640445	-1.5518936290	-229.1111184913
2.0592838611	-1.4131798390	-229.1772827754
2.5885882165	-2.2312981280	-229.4020479072
2.0679726254	-2.9827303307	-229.8073984358
2.6653569059	-2.5252570240	-230.4660714920
2.5429584037	-1.7846936607	-231.1268169132
2.6735680108	-0.8879355249	-231.5496241699
2.8448814519	0.0193526724	-231.9336551999
3.6863937955	-0.3704828345	-231.5596428294
3.5415909665	-0.9782338283	-232.3404570648
3.4614452995	-1.1751762412	-233.3175908111
3.3537073645	-1.6627420804	-234.1840041592
3.3126263300	-2.5719103163	-234.5984018756
