-0.3883309202	2.3380600599	162.2135011787
-0.5423128687	1.3703487058	162.4130614318
-0.1300191595	0.9961247765	161.5824168940
0.3434338198	1.8120425521	161.2505728648
-0.6460073381	1.9337419008	161.1718615975
-0.2202295174	2.8330690592	161.2714804183
0.6414736264	3.3272796606	161.3864742161
0.3265932644	3.4065991507	160.4406630425
0.6622327894	3.5309790079	159.5069201655
0.5498296643	2.8683144439	158.7664870402
-0.2028040243	2.8838595901	159.4247429776
-0.7560971637	2.0911742761	159.6807052694
-0.0306214535	2.3352806467	160.3242090175
0.8781814099	2.5087072702	160.7036830767
0.9416552113	2.4979809543	159.7057572164
0.2588082134	1.9158174427	159.2643893163
-0.2620568156	1.0984101968	159.5104482846
-0.1956966238	1.1936957390	160.5036839014
0.6755716975	1.5605876451	160.1776749419
0.7647377955	0.6898295749	159.6941154419
1.6362930686	0.6724112223	160.1841032040
1.3884040869	-0.1807078892	160.6431662001
1.2172802552	-0.2829080679	159.6632316320
2.1894190378	-0.0535688550	159.6147577975
1.6412222379	0.6210498270	159.1204199551
1.0241074370	1.3456598964	158.8136471241
1.5050433515	2.2220727140	158.7891273475
2.1473988998	1.4627019264	158.6855157816
2.4709925636	2.1247902565	159.3614789344
3.0730807744	2.1292592008	158.5630618661
2.3555711152	2.8215639070	158.4862889364
1.9046749073	3.0610944648	159.3461248054
2.9005924875	3.0785368442	159.4346908078
3.8090057655	3.0747113761	159.8527466440
3.5894527545	2.1471412978	159.5504054042
3.9881415598	2.2487049012	160.4618504497
3.6281850093	3.0177551420	160.9900483377
2.8028726976	3.2985942841	161.4799350230
2.5654016638	3.2103537248	160.5125565491
2.8784215065	2.2781465259	160.3308746393
3.2823828424	1.8690607261	161.1490824659
3.6716169485	0.9565871732	161.2751333521
3.9888257481	0.0432156064	161.5303410290
2.9905529106	0.0555894515	161.4729108112
3.3296509313	-0.8542870124	161.2338766029
2.6594967728	-1.1193944435	161.9271380642
1.9758603563	-0.6466517755	162.4831557076
2.7641716222	-0.9639531502	163.0103038704
3.4870281845	-0.5413109604	162.4636303208
2.7488826753	0.0696130690	162.7498348589
1.9107088453	0.2350050257	163.2695560644
1.1450067651	0.6837162167	163.7303798825
1.8282817199	1.3966292112	163.5726129707
1.3652254915	1.1005163918	162.7372111946
0.4066483950	0.9248414041	162.9614170125
0.7735180076	1.7614817168	163.3681597745
1.5060046885	2.1630822055	162.8184504787
2.4598086619	2.1745240847	163.1186621768
3.3156991182	1.6629379501	163.1943665609
3.7036226376	1.5943355759	162.2752316103
3.4160006467	0.6368429290	162.2532902947
2.7220161696	1.0960063185	161.6987143060
1.8519567924	1.5588975310	161.8682088646
1.2089581600	2.3167241819	161.7575222525
0.6063517724	2.7168444734	162.4480070777
0.5023365217	1.7284212971	162.3375514206
0.9248212229	1.0130925037	161.7809443827
0.7513828498	0.7225569515	160.8399299175
1.3571556856	1.5116585782	160.9417036581
2.3280708788	1.4033491792	160.7281790420
1.8607299757	0.6713716052	161.2239625748
1.9743752614	0.4416292216	162.1905561741
2.4863752220	1.1104911982	162.7295178579
2.7878328753	0.7580840661	163.6154820200
3.2305376842	-0.1356778003	163.6876081481
3.7612820275	0.6029856926	163.2720522718
4.5403979275	1.1430506919	162.9537627641
4.4576299052	0.2609084552	162.4901093065
4.5420613742	1.0418883944	161.8712865034
4.5732527557	1.4405029558	160.9546985212
4.2567738369	2.2106990158	161.5084485760
3.5290685932	2.6614227108	162.0254526660
2.7649278994	2.0263352090	162.1383812502
2.0959087297	2.7692474996	162.1161398687
2.2920902502	2.3014165643	161.2543701622
1.6899646372	3.0951989555	161.1686131701
1.4209790099	3.3536090267	160.2407818453
1.8410119875	2.4461063742	160.2441334734
1.6204310045	1.6169506643	159.7304751837
2.4882764009	1.1221560414	159.6855013118
3.2753083201	0.5467355098	159.4630783588
3.2375600433	-0.3843132505	159.8260153693
3.7975870949	0.1593959888	160.4511153329
4.2568625231	0.9232993660	159.9977747200
3.3476047145	1.2303481248	160.2787930419
2.7386722098	0.4744606970	160.5192829609
2.4524060607	-0.4795148086	160.6086273882
2.0140803591	-0.3566886840	161.4990117560
1.0777659081	-0.0374632685	161.6453346277
1.0278003434	0.0777047002	162.6374232232
