1.7687187469	-5.9055399605	-12.6917521487
1.0390665327	-5.7979563509	-12.0164496880
0.8057864349	-5.2500875287	-12.8198301394
1.2059182510	-4.9391289448	-13.6819202094
0.9653922204	-4.1886692751	-14.2975154603
0.6823648421	-3.3292667711	-14.7233356561
-0.0100859152	-2.6372588551	-14.5192842095
0.2504069221	-1.7431609473	-14.8836088080
0.7385871629	-2.4755586028	-15.3582389027
1.7036256348	-2.5609785434	-15.1104402314
2.6178342367	-2.9414746455	-15.2498868113
2.9030913659	-2.1702300131	-14.6808436783
2.1872482351	-2.6301901119	-14.1554815940
1.9193161692	-1.7234166906	-14.4810186432
1.0941784296	-2.2637847566	-14.3162458791
1.3062080183	-3.1503748145	-13.9051479312
1.8050059411	-3.5649599394	-14.6662785419
2.7557847288	-3.5816715893	-14.3568590568
2.8812966451	-4.1239029335	-13.5260570779
3.2528585621	-3.5535557303	-12.7934959476
3.0552718633	-2.5923342436	-12.9858829268
2.6359076543	-1.8862183553	-13.5564388071
2.6462111403	-1.0339083594	-14.0793742803
1.7787224163	-1.1981416549	-13.6098098668
1.7778959477	-0.3250549810	-14.0973741978
2.0498061285	-0.7731910277	-14.9489838132
2.3561403885	-1.5698966548	-15.4699631457
1.6610360421	-1.9885857637	-16.0543682942
1.2154031943	-1.4845314011	-15.3145436092
1.0486762222	-1.1259377647	-14.3960596841
0.1101302833	-1.0213204051	-14.0671421735
-0.4548889164	-1.8145302717	-13.8400487754
-0.6837531044	-2.7565225727	-13.5945458459
-0.5171869648	-3.7223897333	-13.3961614988
-0.0392932998	-4.2131478323	-12.6676190270
0.2269318475	-4.5529640934	-13.5696440154
0.5619989751	-3.6385199793	-13.3426594735
0.4119424383	-2.6735941765	-13.5580689230
0.6724498430	-1.7122440643	-13.4689518440
1.5353247287	-2.1926890282	-13.3120456037
1.3982246343	-1.4481955237	-12.6586445126
2.3531831027	-1.1537979171	-12.6958516744
2.2115686234	-1.4913325931	-11.7652520388
2.1585310658	-2.1877149212	-12.4809605483
2.3809608562	-3.1306463164	-12.2331594746
2.5615969038	-3.5738837670	-11.3551439960
3.3808028106	-3.2014933549	-11.7912942721
3.0999164844	-2.2473482504	-11.8947833608
2.2813105450	-2.5117004705	-11.3848792328
1.5040577868	-3.1343763251	-11.2945856568
1.6331411058	-3.9396643077	-11.8732468373
2.3290742373	-4.1190349207	-12.5685908238
2.1832941507	-4.9460192354	-13.1115872414
2.6981149202	-5.2879792824	-12.3254429153
3.3511584939	-4.7020755794	-12.8052876210
3.1518054753	-4.3031163702	-11.9102513516
2.3432254185	-4.6211933362	-11.4152510129
2.0264141143	-5.5664621461	-11.4933373404
1.6570873966	-4.9497116072	-12.1884751313
1.2232281651	-4.2738074051	-12.7842264863
1.7708930299	-4.0602920734	-13.5932224065
2.3106731543	-3.2660002355	-13.3144072461
1.4591942500	-3.1837385169	-12.7965108423
0.8178588394	-2.4414237929	-12.6024548151
1.3253511756	-2.1984774681	-11.7757574026
0.6869608143	-1.9858080813	-11.0360077973
1.3141995279	-1.4122830884	-10.5090916003
1.6657197469	-2.3477280097	-10.5461905862
2.2672536199	-3.1359235755	-10.4161723190
1.8249339763	-3.9922747005	-10.6826607493
1.3532407797	-4.7747472504	-11.0891607333
0.8016834068	-3.9416603374	-11.0473198456
0.6927106179	-4.4771688514	-11.8847895840
0.6668607119	-3.5382027375	-12.2278266362
-0.0585942321	-3.0477953527	-12.7107507723
-0.8394133939	-3.5343004567	-12.3187887583
-0.1954638540	-3.6391602305	-11.5609408726
-0.6335149755	-2.8907836040	-11.0629010753
-0.2184801305	-2.2221100718	-10.4459555470
0.3403701853	-1.4844896456	-10.0670064324
0.7241576641	-2.3973691322	-9.9278726336
1.1331192290	-3.2751964676	-10.1772109734
0.4632868116	-2.9926243817	-10.8638532012
0.2012497647	-2.6307474238	-11.7584937175
-0.7210498336	-2.4804357566	-12.1145412617
-0.1947118904	-1.9821937955	-12.8035429436
0.3817461485	-1.5881185859	-12.0877211372
-0.3280046131	-1.7514393500	-11.4024619275
-1.2652747484	-2.0692400774	-11.2591880947
-1.2865319233	-1.5939233982	-12.1387460444
-1.2471517226	-1.9631375387	-13.0672556664
-0.9727779425	-1.0033411333	-13.0080113512
-0.4737004900	-0.9064009469	-12.1468933008
0.0993660089	-1.0074761741	-12.9601451598
0.9148822604	-0.6151064664	-13.3855617274
1.7789641433	-0.2647936908	-13.0241153843
1.8069573860	-0.4353497438	-12.0391651261
0.8379147967	-0.5716600875	-12.2450193229
1.2192750882	-1.1850872704	-11.5534476206
0.3341966533	-0.9607714423	-11.1456258783
