-2.1615250593	1.1151274776	239.3775610348
-3.1516612159	1.1658584681	239.2469595109
-3.8919679443	0.5706043919	238.9345198645
-4.4322440553	0.6799080181	238.1001611640
-4.9860457965	0.3588776029	237.3318883583
-4.4637882342	0.3948683478	236.4798603629
-4.0449687695	-0.1201840988	237.2277314970
-3.5120725926	-0.0538508178	236.3841548493
-2.9539413209	0.4323996273	237.0565014774
-3.3558719337	0.2739381881	237.9583560969
-4.0654294538	-0.3662572013	238.2527673551
-3.7820030900	-0.5084891783	239.2011552298
-2.9506456853	0.0107299621	239.0030230772
-1.9615847190	0.1439126461	238.9396134749
-2.5028749813	0.7647243811	238.3725176791
-2.6322709472	1.3474140360	237.5701901586
-3.3952927642	1.3125929401	238.2156242746
-4.2605155338	1.7645128925	237.9984655406
-4.1275873734	1.6229387408	238.9794277538
-3.3387638242	2.2215068279	238.8398797219
-2.4679022570	1.8139491303	238.5651128134
-2.9268860735	2.3252855090	237.8385669003
-3.4454827295	1.9377020998	237.0764405267
-3.2687998612	2.1728272469	236.1206689382
-4.2549188296	2.0235637822	236.1933999384
-4.5230451884	2.3325616387	237.1058847768
-4.7136335548	1.3635168936	236.9489505344
-3.8538638277	0.9639754683	237.2670113239
-3.5828144169	1.1151968612	236.3163987281
-2.6310428168	1.3573909471	236.5047410923
-2.2162033718	2.1508896790	236.9500140392
-1.8106807813	2.3166266622	237.8489482309
-1.0608077806	1.8953767877	237.3388119491
-1.5897354209	1.2318488105	236.8096936496
-2.0460068308	0.4334029635	236.4168824611
-2.5768539762	-0.3501322633	236.0939678337
-2.9150858967	0.5144093558	235.7222596728
-3.8912566269	0.4343253230	235.5205736464
-4.5881947792	1.1279024160	235.7028592133
-3.7618629620	1.5593598000	235.3408920135
-3.3613423828	0.8771888952	234.7291517726
-4.3559570048	0.8318011595	234.6359760934
-4.8820233589	0.1591384644	235.1563404751
-4.4681579469	-0.6691745659	234.7786991842
-3.6987679908	-0.0927214813	234.5034884709
-3.4466137864	-0.5306796528	235.3663968654
-4.3214383487	-0.4705475285	235.8470902322
-5.1809883912	-0.4197203822	236.3556080053
-4.9659150179	-0.7809612890	237.2629384034
-4.3520000175	-1.2041499838	236.5965903706
-3.3975550118	-1.0987087844	236.3174544099
-2.4376944275	-1.3705603852	236.3864787964
-3.0033017368	-1.6747042270	237.1530196598
-3.2067902062	-2.6310974106	237.3625537171
-3.9507561702	-2.1560942880	236.8925678898
-4.6733228519	-2.1979540596	236.2025351731
-5.3527689614	-1.5550852583	236.5561913461
-4.9951061479	-1.2936690848	235.6596764850
-4.0342919198	-1.4242785206	235.4151827339
-3.6794901999	-2.2724663615	235.8084932042
-2.8448177094	-2.3804345032	236.3485531211
-2.3670631198	-3.1025799168	236.8488096091
-1.8092993750	-2.3068856647	236.6126523264
-2.1966846484	-2.2588371436	237.5333172978
-2.9052668937	-1.9655935937	238.1751267882
-2.9201708325	-1.0567338220	238.5919622331
-3.8491422573	-1.4268200521	238.5850142805
-3.9322299201	-2.3058447695	238.1155337307
-4.5866200461	-1.7240348157	237.6325526331
-3.7858546536	-1.1307104101	237.5504494305
-2.9911501173	-0.5900933689	237.2744459618
-2.4373390017	-0.2479019472	238.0335232168
-2.2930506219	-1.1943412296	237.7446745574
-1.4164607782	-1.6133221398	237.9814133224
-1.6879693370	-0.8549491163	238.5739953503
-0.6889744484	-0.8346672466	238.6139685704
-0.9926536979	-0.0898270018	239.2080998044
-1.0244249352	0.8416257374	238.8456272080
-1.3961580514	1.7699271651	238.8372040537
-1.6494332123	1.2612443110	238.0143471726
-1.9838310970	0.5039438721	237.4533889745
-1.8980232600	-0.4338802419	237.1170514262
-1.5551553559	-1.3601497999	236.9606343358
-0.7465592443	-1.9224528389	236.7874649949
-1.2058396413	-1.5998589895	235.9598209137
-2.0452629713	-2.0110223863	235.6044153226
-2.9019576548	-1.5250935037	235.4313623243
-2.7814321234	-0.9892580324	234.5956865834
-2.6199784340	-0.0400300024	234.8656844598
-1.8110982188	0.1955282364	235.4044099128
-0.9917356478	0.3743598079	235.9490788455
-1.0485416865	0.2256481212	236.9363264883
-0.7543800963	0.7923954015	237.7059150011
-1.2926676616	0.0455982688	238.0964793871
-0.8801482331	-0.6787938785	237.5441355287
-0.6527021983	-0.8259089166	236.5815216566
-1.5276832960	-0.5675627934	236.1720520494
-2.0265780039	-0.9264477813	235.3831885403
-1.5756408683	-0.5064668981	234.5956152057
-0.9044640361	-0.5757016832	235.3336722526
