3.6338141982	2.3646444678	224.9008888808
2.9281358320	3.0701512871	224.8354811492
2.5798859403	2.3242847209	225.4032884039
3.2594008068	1.6235071133	225.6204756289
2.8417410243	0.8003326575	226.0051106786
1.9991820120	1.0152796870	226.4989649944
2.6750121177	1.7521867029	226.5138551978
2.0268796527	1.8307918250	227.2713151259
1.0920218914	2.1839317704	227.3078273839
0.9900255862	1.3289455786	226.7993046551
1.0516626835	0.4516668916	226.3232973301
1.7509306786	0.4579295483	225.6084651469
2.1466815789	1.3588514894	225.4303615785
1.4749916057	1.0281845238	224.7674196973
1.1115688963	0.1233601238	224.5455712369
1.3756540689	0.5233265411	223.6679119142
1.7670009661	1.1526210148	222.9964686393
2.4127793200	0.3963323252	223.1013387291
2.2692882873	0.0796040598	224.0389386061
2.2165742889	1.0766947281	223.9838801500
2.7062506090	1.6449861821	223.3226223147
2.8780970465	2.3773865239	223.9814535080
2.8905749802	1.6045733358	224.6159644043
1.9526060333	1.9422324978	224.5372208647
1.5083057688	2.3470016130	225.3364450124
1.6811844626	2.0592888615	226.2784292638
1.1407967258	1.3935455467	225.7638741815
0.4840884323	0.9258422719	225.1722764601
0.4757042156	0.9426431092	224.1724527573
-0.2280164153	1.5356433023	224.5637685434
-0.7410749188	0.7049744966	224.3475272261
-0.4352410930	1.1482667088	223.5049373581
0.3011266431	1.8141391541	223.6248391670
0.6201801098	1.0291291288	223.0938362051
1.0207352317	1.4039392260	222.2577303593
1.0520680487	2.1363592393	222.9378620956
1.9756941845	2.1238525902	222.5547715776
1.3298429683	2.2853085252	221.8085757671
0.4094193989	1.9934980713	221.5484467378
-0.4506208065	2.3526400586	221.9108662158
0.0686384440	1.7927747174	222.5565601297
-0.6193445576	2.1950099057	223.1606182749
-0.6520446693	3.1221543816	222.7873438135
-1.4064639878	2.9089359187	223.4081411871
-1.2859492859	3.8620728340	223.6856411463
-0.8155511751	4.0912505883	224.5378167000
-0.0155392325	4.5002211123	224.0988132808
-0.2965623546	4.0354568413	223.2591584843
0.2084900063	3.7165384536	222.4571527644
0.4943571951	2.7769138498	222.2690422801
0.2351044616	2.8173961985	223.2340030045
-0.4671019225	3.1636940828	223.8560833606
0.1190812071	2.5461852724	224.3805566275
0.8074913739	1.8903993169	224.6904537439
1.2634651381	1.5795988736	223.8564927071
1.8978233500	2.3054078055	223.5904268254
1.0567767137	2.7474808266	223.9022152147
0.5316982842	3.5983978406	223.8869548695
0.8543812602	4.2871220889	223.2376979043
1.0986164613	3.3587904460	222.9574310183
1.6993330249	3.2592652910	222.1641880835
2.1342104107	3.1646005304	223.0596880792
1.7109351974	3.7623841628	223.7404911511
1.9983856165	4.2747087791	222.9312348603
2.5782573084	4.4522029282	223.7263729917
2.7526083166	3.4730494577	223.8305853098
3.2279362885	4.0488398387	224.4958136587
2.2520505370	3.9599911394	224.6951949735
2.0145053257	3.2560271134	225.3645281661
1.9727042951	2.9518384785	224.4128339146
1.1733584619	3.4643466678	224.7264923192
0.6360809756	2.8414134175	225.2950757066
-0.3628373907	2.8870456184	225.3040087769
0.1098576454	3.6373691515	224.8418681074
0.1698896153	4.5942653982	225.1260260489
-0.4195007374	4.0439782945	225.7174676062
-1.2948585590	3.6096990482	225.5049817939
-1.2344870560	3.0838031011	224.6565781550
-0.9421895983	2.2470993317	224.1934485852
-0.9825470261	2.0443189923	225.1718408439
-0.8267770261	1.6566761952	226.0803939624
-0.5572322853	0.9742573138	225.4009455810
0.1037368830	1.0808979816	226.1437426774
0.1223988860	1.8755721039	225.5369933314
0.6321772917	2.2584237767	226.3074156660
0.1326664344	3.1215295341	226.2330022604
0.6581211015	3.8320148543	225.7649125226
1.5302543763	4.2124805353	225.4572935757
1.9276785806	3.8361089975	226.2941916981
1.2840217307	3.0900699079	226.1235120672
1.8065617972	2.9276333560	226.9605104217
2.5565934185	2.8982954411	226.2997594446
3.4605841379	2.6915014402	225.9255442386
3.7410400355	3.4687189044	225.3622703241
2.8535310777	3.8575182723	225.6095816691
2.5605800678	4.7904804194	225.4003895612
1.8272568692	4.9679426192	224.7440784657
1.0406380399	4.4612189003	224.3912868984
1.6006076912	4.9111747707	223.6956047121
0.6813506940	5.2851185152	223.8186195449
