1.0725864238	-2.2950530282	245.4692902360
0.3383880640	-1.7385180722	245.0804180060
0.3312810168	-1.0421426992	245.7980605562
0.2744964863	-1.0563533367	246.7963458735
1.0017081386	-0.5880955455	247.2982401390
1.7341587704	-0.4497317123	247.9648521114
1.8650600958	-1.3316659427	247.5120200716
2.5335557392	-1.1743292204	248.2389029579
3.5076930919	-1.0430676592	248.4228236490
3.2163795751	-0.1765600988	248.8281643484
2.9198984319	0.6600602085	248.3675502007
2.1545249560	1.2410987548	248.0907873957
1.7587949552	0.4503193585	248.5577624625
1.2343624689	0.5090842392	247.7083407439
1.7141662261	1.0580079571	247.0238912523
0.9140761434	0.5869221613	246.6524965396
0.9745253242	-0.3386280050	246.2787281806
1.7834726824	0.0076073982	246.7538336608
2.3080244178	0.3077526657	247.5505508598
2.8850841484	0.3699737525	246.7362225454
2.2446153227	0.5394699399	245.9871760009
2.0206682417	1.1654079340	245.2401490051
1.4080193371	1.3746801225	246.0022949694
1.2479618620	0.4670746753	245.6141790629
0.9207736373	-0.3508429495	245.1409363929
1.3144328354	-1.2298501156	245.4099695466
2.0022048482	-1.8798494230	245.7331886035
2.7137042409	-2.4832550608	246.0932861602
1.8251111867	-2.9402517895	246.0538352531
1.9119847875	-2.8152817674	245.0654853803
1.7522607783	-1.9231763062	244.6428317552
2.6192698528	-1.7387054682	244.1799432429
2.7938431693	-2.2373099180	245.0290120033
3.6616267420	-2.3037276839	245.5214958622
3.7257905559	-1.7772958305	246.3692885896
4.3529378801	-1.9971072060	247.1165296437
3.7646335782	-2.0366657586	247.9242010925
3.2947823509	-2.4285726725	247.1332214499
2.4504514258	-2.2028685463	247.6191874325
1.7725277855	-2.1946053134	246.8841015485
1.0150927309	-1.7569637451	246.3995791076
1.7315647723	-1.0593542426	246.3966133397
1.8909069072	-0.3924373181	245.6687178116
2.7790458587	-0.5072020490	246.1137327095
2.5227789377	-0.6309742310	247.0723816088
3.1428274977	-0.2826206496	247.7753677862
3.5886611005	-0.4479035776	246.8956439930
4.1300837923	-1.0233983491	247.5085609830
3.1863443618	-1.3381688596	247.4071932715
2.6128843250	-1.5945957762	246.6291259077
2.9751584339	-1.4438935426	245.7093181524
3.5602792296	-1.3888671502	244.9002410543
3.2807808987	-0.8063245780	244.1370079088
2.5524854313	-0.1228021894	244.0881933986
1.8660820290	0.1373232477	244.7672995216
1.0181973802	0.6309593178	244.5738698116
1.0670872323	-0.2272521546	244.0629071408
0.9485587355	-1.1561532540	244.4137543197
1.8644975164	-0.9469080829	244.0713034356
2.3372485339	-1.0462551241	244.9468813253
3.0211332704	-0.3284211761	245.0773270619
4.0082789129	-0.3339597903	244.9175997811
3.7802416173	-0.7468233935	245.7993835624
3.5024831772	0.2103882263	245.8806003330
3.7846847321	0.7220484398	245.0690794717
2.8372351139	0.6817273647	244.7517256756
2.9882190108	1.6679900204	244.8187319204
2.8675038740	2.2162186332	245.6463026085
3.7205682583	2.7112087523	245.8114266173
3.8600821618	1.7614072195	245.5314035486
4.8549655828	1.8337048456	245.4608342077
4.5340778898	0.9560099897	245.8167595206
4.6061897090	0.8442479321	246.8078746139
3.6876252841	1.0818947585	246.4920211933
3.0277576819	1.1543284642	245.7441387788
2.5183156299	1.5529060598	246.5067688962
2.9495683344	1.2415630536	247.3535785781
3.6850852388	0.5683373395	247.4296181808
4.5370339978	0.7665718274	247.9142689829
4.1335388923	-0.1306869581	248.0934849751
4.5820755189	-0.1390704637	247.1997598432
4.4621810751	-0.0294158616	246.2130475292
4.9184097079	-0.5946870329	245.5257892535
4.5093286466	-1.4998279717	245.6414290659
4.6147983131	-1.0663136312	246.5363823977
5.4186193859	-0.4727811844	246.5762687057
5.4559171099	0.4342222411	246.1568003923
5.4076174147	1.3931659642	246.4362535643
5.2886749789	1.4123785556	247.4289688172
5.5120601240	0.4519600573	247.2625495126
5.2531154662	-0.0515415766	248.0868272381
5.2248199388	-0.9277502892	247.6057267756
4.7037713108	-0.9644791762	248.4584631452
4.3471898942	-0.2781590454	249.0923514409
3.9402528929	0.6150909235	248.9012839918
3.7070738667	1.3563465920	248.2718655495
4.0820591675	1.6197651944	247.3830479843
4.3905777317	1.9276612077	246.4830389063
3.4197060096	2.0974574612	246.6520872176
3.2097043353	2.2540906645	247.6171599280
