3.2929233562	3.8941903195	-3.0507697200
2.9987132716	3.0348227214	-2.6325260619
2.4899993007	2.4826807763	-1.9719586026
2.6115735092	1.4909183693	-1.9316220211
3.2678312885	1.8877277480	-2.5733914844
3.1715615212	1.4123213969	-3.4478747223
3.0392050146	2.3099398772	-3.8683064277
2.3979713014	2.1054518878	-3.1287092487
1.7272053054	1.8389478335	-2.4365759034
0.7762844497	2.0591065911	-2.6540147396
0.8758337838	1.8115999062	-1.6902562787
1.6277977803	1.2539088920	-1.3387866772
1.7197819260	2.2113925621	-1.0653567256
1.3997520160	2.7267411405	-1.8603389264
2.0350668895	3.4981806912	-1.8957794585
2.2754329022	3.8813076194	-2.7876527325
1.9269937263	2.9442812844	-2.8115648284
1.0137546253	3.3044401270	-2.6210918578
0.5743135748	4.1988842467	-2.5382590160
1.4514279721	4.3840474005	-2.0951056109
0.9719369340	3.6897990114	-1.5583491311
0.1834679950	3.3131900084	-2.0446436828
0.4736874598	2.7262830307	-1.2887912754
-0.5018385891	2.9414819770	-1.2436432800
-1.0164946840	2.1307307959	-0.9646959259
-0.8963376591	1.1877924355	-0.6541648681
-0.5916537804	0.8161168639	-1.5311055751
0.0866257550	1.2222588598	-2.1434662131
0.5423317112	0.8765853908	-1.3231967852
0.2002423008	1.0369175993	-0.3973088772
0.8188635659	1.7937222741	-0.6083880438
0.0180941054	2.3452388448	-0.3747264437
-0.0800942534	1.7619149407	-1.1810094394
-0.1230048271	2.2987556858	-2.0236010944
-0.9366808511	1.7177396049	-2.0048489836
-1.1344326298	2.3168404166	-2.7807178200
-1.2706113636	1.4124469739	-3.1851035928
-0.6691858596	0.7534402734	-2.7334427335
-0.4124096240	0.9937272635	-3.6695667248
0.3789044549	0.9997049886	-4.2809473717
0.0448522006	1.0967392409	-5.2184938747
-0.7903743697	1.2509956048	-4.6906666772
-1.5749001672	1.6791915894	-4.2421497077
-1.7447819652	2.4330624118	-3.6074695066
-2.2589031039	2.1164583998	-2.8103237519
-1.9160006805	1.2973214436	-2.3505057715
-1.9268254877	1.7896132292	-1.4801428464
-1.6329767241	2.6565163614	-1.8827988578
-1.7831058912	3.1582112938	-2.7347163585
-2.1449336373	3.6992177944	-1.9755110842
-1.2380937968	3.6858101576	-1.5542490055
-0.8185980921	3.2028604919	-2.3228730840
-1.1959191460	4.0895307716	-2.5901643809
-0.3266201559	3.8582718927	-3.0270151525
-0.8263072500	3.0887461959	-3.4246871404
0.0015139784	2.7492764700	-2.9780638998
-0.2593541334	1.7846520074	-2.9400182140
-0.6746596020	2.0952765702	-3.7950233302
-0.0356634821	1.9856651670	-4.5563834940
0.4382903292	1.9058001494	-3.6794631078
0.5103864272	1.0561698616	-3.1570355754
1.1078094568	0.9734354541	-2.3593885723
1.9957486807	0.5650848011	-2.1476961566
2.2549346821	1.0722216988	-2.9696662191
1.4964174461	0.6695496081	-3.4820203838
1.3741764372	0.6444136200	-4.4742024829
2.0252124587	1.1981237826	-4.9933914221
2.2349054462	1.4941035474	-4.0614982791
1.4732562178	1.7286587624	-3.4574500161
1.8186380507	2.4895785164	-4.0067336564
0.9920425589	2.7557985017	-3.5108840700
0.5455036214	3.6503662411	-3.5296333855
0.5993350352	3.7408659527	-4.5240739222
0.1518433976	4.1815633639	-5.3022365183
0.1363009213	4.7395905672	-4.4725594295
0.5206609309	4.7073582243	-3.5499389988
1.4062135881	4.4574011560	-3.1583806312
1.6147394619	3.5832908528	-3.5970697443
2.5459521935	3.2188763689	-3.6037729189
2.4237490369	4.0932505132	-4.0733857853
1.4875810797	4.3412586796	-4.3225473901
1.6291475013	3.4097746213	-4.6576539365
2.5617610066	3.0496602919	-4.6811000318
2.6010249459	2.0747872836	-4.9003737439
1.6780804377	2.3727911286	-5.1440274799
1.2162626509	1.7305568240	-4.5322600162
0.8226429423	2.6485465292	-4.5808236444
0.0277931608	2.8859999225	-4.0224064966
-0.3721040824	3.7984944574	-4.1086382690
-0.9540150017	3.8397475721	-4.9208438233
-0.2206079522	3.1667131583	-5.0164407774
-1.0039379869	2.8238998654	-4.4979110260
-1.7546934886	3.3773771741	-4.1373156220
-1.2886776076	4.1173517676	-3.6522725314
-0.5447173496	4.7841406292	-3.6085032658
-0.1431408272	4.9498579267	-2.7077957251
0.8041140325	5.2046365589	-2.5133835872
0.4684069702	4.7670948658	-1.6792025306
-0.3642758230	4.2629027944	-1.9081779027
0.0366969857	3.8900170988	-1.0714120665
