4.8140141906	0.8179579784	-232.1056694530
4.5024173238	0.3136856013	-232.9110369234
3.5712294972	0.4918502872	-233.2290724187
3.8371749124	1.0251515125	-232.4260388956
4.1810513545	1.7401813904	-231.8173671726
3.8583823740	2.2378360817	-232.6224910993
4.6856207587	1.7034219904	-232.7959218750
4.3055495017	1.1711456918	-233.5523792642
3.6506018431	1.0634501950	-234.3003399881
3.5613536140	2.0513286027	-234.4273478817
4.1662423734	2.2258818335	-233.6504046673
4.5923241082	1.7311348714	-234.4078211966
4.5596256180	0.7896136038	-234.7431844495
4.2252003525	0.1403454700	-234.0600954127
4.2933634583	-0.2757174343	-234.9668729216
3.8821748932	-1.1037361544	-235.3480670495
3.1043444816	-0.5143312397	-235.5661993429
3.3251728405	0.0465483676	-234.7682965280
2.4294317130	0.2538315267	-235.1615922494
1.8374393592	0.9484656422	-235.5702834515
1.3201333249	1.2150235545	-236.3835124145
2.0259874821	0.5361014359	-236.5855883054
1.8139405863	-0.2104012767	-235.9548983546
1.4225517575	-0.1088069525	-235.0402982355
0.9479902020	0.4215427674	-235.7428083811
0.8510921061	1.3178225149	-235.3100343372
0.8100130950	0.6077008216	-234.6071547632
1.1163685257	-0.1281728704	-234.0033035734
1.6114051603	-0.6749422796	-233.3280392225
1.6058858026	-1.1686638127	-234.1976417665
2.2045740271	-0.3701402487	-234.2603516344
2.2289214203	-0.8884697124	-235.1151859876
3.0628246160	-1.0240643996	-234.5801910895
4.0128755124	-1.0764592317	-234.2725255637
4.2291328282	-0.7113854584	-233.3670124973
3.4554388139	-1.3387014885	-233.2782872438
2.5234473389	-1.1675948190	-233.5978406793
2.5565360908	-0.3230444633	-233.0633878458
3.2639514664	-0.3521067967	-233.7695881482
2.7755336880	0.4891868106	-234.0012627908
1.8699760063	0.6568985143	-234.3909268378
1.8191916897	0.3823512555	-233.4306952220
1.0317208450	0.0809375310	-232.8930713428
0.7009398139	0.7771858169	-233.5301131262
-0.0185473894	1.1912536991	-234.0876846043
0.0040905215	2.1854369587	-233.9823889659
0.4326137007	2.2917635924	-234.8796417351
0.9464473491	1.6463619529	-234.3144588394
1.6965886773	1.4238543824	-233.6917403085
2.3272044671	1.9294993447	-233.1029730390
3.0523444795	2.4893504194	-233.5038953963
2.7941883146	2.6992130306	-232.5608614209
2.1936495068	2.2124204333	-231.9265223100
2.9927106192	1.6887331303	-232.2219084088
3.2531902202	1.1267305504	-231.4368584246
2.4647155917	1.5906098232	-231.0329725739
1.7262977531	0.9172776549	-231.0698898711
2.3750352711	0.2135931640	-231.3596617987
2.7588882309	-0.5410461696	-231.8918049951
2.6059763073	-1.2938289229	-232.5320674960
3.5265652678	-1.2973887465	-232.1415507952
3.4945446465	-0.4464893902	-232.6659027432
4.3905316154	-0.5212884088	-232.2281671399
3.8109960491	0.1392218234	-231.7508153194
2.9778892186	0.4288101193	-232.2220600836
2.5752487414	0.9114304456	-232.9998507153
3.3370793019	1.5208398307	-233.2194740258
2.7326634167	1.5280542240	-234.0161103232
2.8484028552	1.2782862856	-234.9774741249
3.7642200239	1.5060670196	-235.3082230489
3.8115074990	0.5369302865	-235.5501690908
2.9209450957	0.7621049031	-235.9453842194
2.4119736019	1.5661001812	-236.2528571632
1.8465548918	2.3033646487	-236.6226446526
1.4496083745	2.0435404617	-235.7423464905
2.3518643769	2.3065654667	-235.4006566417
1.8957804514	1.6756134737	-234.7730524390
2.0651053226	2.3458148211	-234.0504465700
1.9942503806	2.9526509818	-233.2587841095
2.7732758735	3.5289086745	-233.5058597112
3.6602078425	3.2824070705	-233.8964856722
2.8564888674	3.0368434581	-234.4384582926
1.9160505177	3.3475333039	-234.3004455027
1.4861894658	2.6613402340	-234.8872662137
0.7974907166	3.2763396642	-234.5032483319
1.0421203502	2.5936785696	-233.8146772228
0.7576264107	1.8343497931	-233.2294567451
1.3802702797	2.2649095270	-232.5760556983
1.1427642581	1.6330320855	-231.8382740310
0.4087315491	1.0998811255	-231.4176244905
1.0478426401	0.4801066106	-231.8730545775
0.4966721877	1.0141004931	-232.5141954870
1.4636875390	1.1181138406	-232.7467090002
2.1592086997	1.1343158493	-232.0283860854
1.9593428151	0.2126331350	-232.3608836076
1.6755329186	-0.7407294067	-232.2581616197
1.5467924000	-1.5764794930	-232.7919665204
0.7296655335	-1.0026588494	-232.7368888217
0.5596329828	-1.0164106401	-233.7222313103
0.6441216100	-0.8511672312	-234.7048585477
