0.8405760284	-1.7339658802	-34.1348955644
0.5080505798	-0.9248104198	-34.6193481079
1.2600933043	-1.3602389924	-35.1141548365
0.6022774922	-0.9585878863	-35.7513006176
0.9471046499	-0.1410725650	-35.2900382945
1.0593397831	0.0449754092	-34.3139289635
1.7784992747	-0.0655572345	-33.6279317620
1.5986866814	-0.9233142565	-34.1095128275
1.8642152778	-1.8568586398	-34.3503228125
2.3261486633	-1.1173924116	-34.8400239916
1.9583951997	-0.1880200841	-34.8080166969
1.6069498151	0.7198252250	-35.0367152678
2.2254765330	0.6786102923	-34.2520331483
3.2077076757	0.5333964963	-34.3709235837
3.1480261394	1.2699705282	-35.0446422266
2.5683321308	0.5143044613	-35.3494760365
3.0227359496	-0.3480655371	-35.1262381469
3.3981339941	-1.1370606877	-34.6398607621
2.8373756139	-1.5678732704	-33.9327889429
2.3313821865	-0.9710624748	-33.3100630596
2.6708846269	-0.4035885945	-34.0602040384
3.4083153772	-0.7715926609	-33.4938394071
3.8475895376	-0.2641503702	-34.2351494189
4.1642156235	-0.4571354356	-35.1638607230
4.0414471484	0.5244221205	-35.0173251788
4.5324788685	0.3267085733	-35.8657338086
4.7391977072	-0.6315871039	-36.0630576965
4.2580174510	-1.4462240852	-35.7392797635
3.5522823488	-0.7752954605	-35.9668599604
4.0403764275	-1.1328299702	-36.7630592098
3.0688874855	-0.9624603944	-36.9279332324
3.2601286474	-1.8216546794	-36.4533681698
2.5495893814	-2.4764121012	-36.1956344507
2.0145561899	-2.0495652241	-35.4665657108
2.9964855269	-1.9177376595	-35.3307854827
2.5558074513	-1.2427633806	-35.9225730768
1.7627153111	-0.6669759935	-35.7238930776
1.6835062345	0.2837826410	-36.0235327629
1.4711407594	1.2447312420	-36.2009551157
1.3535043256	1.7622990094	-35.3534379916
2.2963559621	1.5556366975	-35.6148217712
2.1985881038	1.9329749977	-36.5357220117
3.1763421954	1.7449687583	-36.4427134620
3.8274870954	1.2490363840	-35.8682037585
3.4145637070	0.3429319265	-35.9602308596
2.6082848464	-0.2059990013	-36.1806605206
2.0258559557	-0.6244854907	-36.8775433267
2.0614669521	0.3562120161	-37.0698042358
2.5551638292	0.8762546894	-36.3727970541
2.7263453887	1.2193919554	-37.2963519742
3.4432301635	0.8184774095	-37.8667410927
3.2178036718	0.1597664554	-38.5845730896
2.4510130036	0.0839690740	-39.2219794185
2.6857195617	-0.7595985240	-38.7389612623
3.1648232451	-1.1766411162	-37.9666043908
3.6360354744	-0.3421433504	-37.6809953682
3.1351766160	0.2100143019	-37.0144653006
4.0373269010	-0.0786432657	-36.6938383025
4.7817882543	-0.4739740464	-37.2318818578
4.3291364341	-1.1408373549	-37.8238275120
3.8457024389	-1.7892749601	-38.4118923421
3.6801352965	-1.9430548671	-37.4377572069
3.0289144543	-2.6421522207	-37.1425042564
2.5807559675	-2.0483650925	-37.8107637996
2.2659518573	-1.6990300077	-36.9282314372
1.4992203462	-1.4626665858	-36.3313603266
0.9328811604	-2.1149589608	-35.8275998833
0.6730241628	-2.0205517161	-36.7886210137
1.4851422776	-2.3608933159	-37.2625743479
1.4830327588	-1.9850631435	-38.1892605038
1.9722855082	-1.5789937258	-38.9611020517
2.2597411500	-0.9585793661	-39.6907973829
1.4915240495	-0.3884491447	-39.3996032599
1.7583858024	-0.2094994359	-38.4526281776
1.1084826538	-0.9682779570	-38.4959992900
0.3941881101	-1.2422124203	-37.8519936886
0.3326244859	-0.9925296583	-36.8856250019
1.0681398450	-0.4098296339	-36.5399693378
1.0222525694	0.5314453069	-36.8744776991
1.6030683351	1.2394421135	-37.2762158827
1.2475560643	0.6231466721	-37.9789184899
1.1206174449	-0.2932929275	-37.5994121696
1.2959114425	-1.2357959710	-37.3148774134
2.0773892112	-1.1104601673	-37.9260921329
2.6126080789	-0.2760634911	-37.7944754532
2.3235326033	0.6284609471	-38.1079573667
1.8676504467	1.4899520233	-38.3315744166
1.6201298337	0.7698779846	-38.9798235391
2.1450928900	0.9283168048	-39.8160716660
2.6805577473	1.1311123884	-38.9962233032
2.9523006074	1.7074403656	-38.2255081285
2.8124920144	2.2824446655	-37.4193917520
3.7082472676	1.8387455869	-37.3919389938
3.7985662775	0.9886924135	-36.8730439381
4.3940589617	0.5179462460	-37.5240328081
4.3181540083	0.0312680542	-38.3943102212
3.7657087909	-0.7475522409	-38.6913678412
3.3608740034	-0.4724582743	-39.5633954235
3.3788771785	0.5266195680	-39.6023742724
3.8220011654	1.0250426094	-38.8572463612
