-2.0538952678	0.4533927502	236.8998647757
-2.4177848816	1.1822107805	236.3198573381
-1.8987326469	1.4473853944	235.5072890630
-1.3132750838	1.0118689630	236.1910762228
-0.4189620108	1.1203986779	236.6251562021
0.0257991662	1.1736010624	237.5192238739
0.8603207466	0.7316988764	237.1901400097
0.6142834021	1.5739781849	236.7105243390
-0.0482762989	1.9123259618	236.0422912775
-1.0322521236	2.0225015271	235.9021024006
-1.5435739682	2.4313006164	235.1461703429
-2.1361857018	2.4110373131	235.9514036828
-2.3882378827	2.6371967166	236.8923189937
-2.3133558136	3.4376833889	236.2976646713
-2.3337004917	3.2736104546	235.3114262791
-1.3873458925	3.3433088924	235.6269498128
-1.1910078288	3.8560747144	236.4627264436
-1.3776805292	2.8879228141	236.6295652906
-1.3171736033	2.6712321862	237.6039287154
-1.7569052450	3.1784924309	238.3450920763
-1.3386569776	3.3350164157	239.2398370841
-1.3711866966	4.2786803185	238.9105344027
-1.9540673626	4.2540687769	238.0983494477
-1.7958988973	3.6610152691	237.3088747657
-2.6626466411	3.3544304528	237.7022627410
-2.4742867709	2.4034396860	237.9474914521
-2.4588234212	1.6037862735	237.3472287557
-1.7062779547	1.8579849367	236.7397270186
-1.3013724129	1.1162026385	237.2743395178
-0.9601768615	0.2513016556	236.9061929635
-1.4807849512	-0.0313116894	237.7118584736
-0.7819995980	0.6205692655	238.0063924288
-1.5027980495	0.4961568070	238.6882803467
-2.1755848300	0.7325689952	237.9872331120
-2.6972101126	1.4588240479	238.4349614482
-2.3068677778	1.0060897974	239.2366250684
-1.5544083338	1.5188806740	239.6499654875
-1.6378041908	2.4835035379	239.9000611923
-0.6587783669	2.4175608733	240.0928304877
-0.6845337230	1.4485324418	240.3384329318
-0.7178577088	0.7938473353	239.5832661136
-0.9529453582	1.3779587950	238.8063828536
-0.0348442280	1.0162632184	238.6443130398
0.8477782098	1.1502073496	238.1937172096
1.8046664664	1.3308317346	237.9662535953
1.7739084283	1.2452973855	236.9703932546
1.3710447905	0.8299808168	236.1547873221
1.0870824178	1.7049354399	235.7625886755
0.4419481260	1.4338143864	235.0482392373
0.3215024580	0.9176232236	235.8962012202
-0.5206778946	1.1642705387	235.4167250938
-0.4657778914	2.0755867854	235.0086948399
-0.5952822660	3.0612901871	234.9009106997
0.2900450482	3.2385880911	235.3307490414
0.9720533182	3.7589033151	235.8446914384
1.1497354375	2.7787736420	235.7565161107
0.4385078030	2.7766336739	236.4594746247
-0.4693932260	2.9215596687	236.0661399358
-0.1508765074	3.8686617240	236.1054438381
0.5210809393	3.8152776310	236.8441070417
0.7975223065	3.0766999473	237.4589917266
1.5799899827	3.0889011893	238.0815633813
2.1245849789	2.7034000634	237.3367109315
1.5577140693	3.2236089678	236.6979307912
1.5056623413	2.2308914236	236.5892915025
1.1395110972	2.0335929795	237.4986905296
0.1693993952	2.2514997286	237.3919200543
-0.7038292223	2.0976270032	236.9295403771
-0.7195728817	1.8139579521	237.8883333718
-1.6867772002	1.7201199670	238.1243635372
-2.0283632214	2.2341246304	238.9112041793
-1.0726519955	2.4191988928	238.6823733024
-0.3197847654	2.8217346131	239.2030996487
-0.5232026101	3.5131498792	239.8963284062
0.3912550510	3.6248221482	239.5073599107
1.1298467094	3.2482258432	240.0665178358
0.2393963114	2.9288653542	240.3907198818
0.3663866394	1.9423122439	240.2878295662
0.2363801840	0.9983638264	239.9844161409
0.7373720463	1.4502342846	239.2462967448
-0.1900212679	1.8054152052	239.3637197179
0.1741476875	2.0277119203	238.4593054641
1.1521478179	2.2101963363	238.5603756513
0.6756513266	2.4978108936	239.3911758441
1.6145990882	2.1955621225	239.5555619186
1.5781682767	3.1056082856	239.1426590524
1.1696981877	3.9298483509	238.7505104820
0.3289686676	4.4712125256	238.7405754756
-0.4286996241	3.8202654058	238.7875500109
-0.9465941287	3.7570875307	237.9344416719
-0.6527896735	4.7080597692	238.0310374472
-1.3014324177	4.6330637206	237.2736483906
-0.4290825424	4.1745576456	237.1040079642
-0.4119298666	3.1747111201	237.1075732175
-0.3664924578	2.8951744746	238.0666324992
0.4910704141	3.1126339563	238.5327840782
0.1452776274	3.8141592511	237.9096551915
0.3839423575	4.7259686227	237.5755252520
1.1609311970	4.1033848719	237.6686800497
2.1013121468	3.8360242529	237.4584374073
