2.3189971899	1.7011941864	27.1699707578
1.9371735619	2.5261115308	27.5867705802
1.4513649070	3.2975967174	27.1759171298
1.1514729447	4.2428900896	27.0475222256
1.3519101000	3.7102625072	26.2252492751
0.7047186181	2.9602874517	26.3619262740
1.3957328577	2.2904786741	26.6336899989
2.0065125699	1.6996580010	26.1065476316
2.2023852640	2.0669193891	25.1972880644
2.2495814736	3.0522704745	25.0334108046
2.3302106383	3.7642979769	25.7309176315
2.1547911887	2.8552848057	26.1089693094
1.3656477035	2.7202000348	25.5097993298
1.3578198360	3.6518377684	25.1464952453
0.9894112978	3.5085476000	24.2279403604
1.4807428917	2.6499384600	24.3741717169
0.5166010450	2.6608226747	24.6393358797
0.3645030075	2.3154595046	25.5653976852
-0.4589645742	1.7481046419	25.5622990213
-0.0053160176	1.7575826647	24.6711687535
0.2166337532	1.0031245896	24.0534865439
0.8699425051	1.7589848317	24.0103244185
0.5877902774	2.5992973174	23.5474366927
0.1313555155	1.7660723739	23.2353413521
-0.6664723041	1.4796398032	23.7658384329
-0.3840678765	2.4237521002	23.9358375798
-0.1152618248	3.3840018333	24.0110955136
0.0398671370	4.1289983539	24.6598752833
0.2956544820	3.4183709406	25.3152999651
-0.3216848809	3.0109777468	25.9882954306
-0.2171393507	3.0044977207	26.9827944207
-0.3643238966	2.1141721363	27.4136738276
0.1144787021	2.0377413408	26.5390845497
-0.8708567723	2.1936677677	26.4697956452
-1.4620796404	1.7694630160	27.1557299343
-0.7331110998	1.0902840366	27.2412914960
-1.0172263582	1.1034700561	26.2825920390
-1.8010901123	1.6763036546	26.0429688274
-1.3644322597	1.1417441472	25.3193832742
-0.5331231791	0.8651889222	24.8372604474
0.3283315321	0.9937195751	25.3285604087
1.0474683794	0.7265631020	24.6871014359
1.8291397622	1.0001706665	25.2475733352
1.8148285540	1.4991623251	24.3810847236
1.1280962603	1.7851407597	25.0493773928
0.9404797556	1.5216958659	25.9956314999
0.9005826709	0.5432242725	26.1981199282
0.0366601656	1.0069734391	26.3945241419
0.3789664620	1.1594302593	27.3216613040
1.0114413702	0.3881951800	27.2497450826
1.4035216324	1.2363168551	26.8934268368
1.2012765486	1.7485112591	27.7281446445
0.6651816001	2.5164757189	27.3776695458
0.4740344597	3.4682144813	27.6177863899
1.1517564291	3.0367319614	28.2131986564
0.3624213326	3.2105322107	28.8020480248
-0.2161070078	3.9177151331	28.3956033499
-0.3628212776	2.9957923714	28.0370878766
0.2387493222	2.2454280693	28.3110700430
-0.2581770539	1.3841126106	28.2052406640
-1.0227616967	2.0274690299	28.2440071667
-1.2496945532	2.9414407423	28.5803956140
-2.0303481405	3.4504647369	28.2178014200
-1.9615005305	2.5140432387	27.8737450521
-1.2067438305	2.8142260993	27.2904504661
-1.0780678786	3.6757375869	27.7816128182
-1.0400051318	4.6129818482	28.1282025208
-1.4740917128	4.5629450605	27.2287220263
-1.9075189880	3.6654223698	27.1475197068
-2.6740925530	3.0277984585	27.2236821469
-2.0169377683	2.5431767433	26.6463699419
-2.3948589082	3.3785937366	26.2473034571
-2.4297931869	2.5831080307	25.6423389228
-1.4520052047	2.4627141883	25.4707697400
-1.3252955921	3.1734987270	26.1626729223
-0.8520703450	3.8332847402	26.7464025535
-0.2400103556	4.3148161078	27.3737063965
-0.5641195902	4.8401813146	26.5869760719
0.4257156115	4.9486386449	26.4949799801
0.6549471889	4.3596569940	25.7200261113
0.2874863174	3.8861258150	26.5204889340
-0.3762841801	4.0889088112	25.8005668666
-0.8075631503	4.9096560181	25.4259037217
-1.4110425274	4.2088844439	25.8063401055
-1.8046500133	3.4620099024	25.2703815563
-0.8484843831	3.6143469024	25.0203001173
-0.4831118508	2.6842487888	24.9826117665
-1.0744274790	1.9514749277	24.6458799796
-1.6421728810	1.2298119940	24.2498146207
-2.1759934496	1.6906945805	24.9587736054
-2.1126777007	2.6050352949	24.5588083895
-1.2372168371	2.9754770179	24.2484195911
-1.0843553782	3.9283233144	23.9862797244
-2.0376211379	3.7220530590	24.2070442440
-1.6230988444	4.4439490364	24.7611538595
-1.9043888696	5.1653689437	25.3939486438
-1.5821347346	5.1608319491	26.3405909671
-2.2468208931	4.4172885829	26.4136359752
-2.5279995601	4.2370541845	25.4710575334
-2.8464585457	3.3845959244	25.0564507446
