-3.9068146115	-0.4706539599	-101.1494006925
-4.6012969834	-0.7704176647	-101.8034923958
-3.6963634381	-1.1537270216	-101.9883415656
-3.5500334637	-1.6785278057	-102.8268948886
-2.8160022420	-2.3334711664	-103.0064703878
-1.9979591206	-1.8848501092	-102.6465473426
-2.7958581287	-1.7020054590	-102.0721563549
-3.0155903469	-1.4370975147	-101.1332519224
-2.8273213627	-0.5292008091	-100.7587143921
-2.6477346587	-0.6108501568	-101.7390622894
-1.8645575698	-1.2326480517	-101.7400748457
-0.9643264961	-0.7972532266	-101.7361556459
-1.5303955926	-0.5622346237	-100.9460088025
-1.9867657528	0.3246288569	-100.8739016335
-1.0492623642	0.4239825356	-101.2073926272
-1.6898494511	1.1602746316	-101.4253883460
-2.2980502957	1.0947242189	-102.2164603251
-3.2263572682	1.1088184443	-102.5880077886
-3.7130192230	0.9943916214	-101.7219439088
-2.8785345634	0.4567255508	-101.6013182509
-2.6571001173	0.1672182345	-102.5325283775
-1.7524311775	0.2758647533	-102.9445599823
-1.7398118557	0.0235324312	-101.9770016368
-2.0562388866	-0.6794739360	-102.6139129193
-3.0434127629	-0.7667652536	-102.7475840229
-2.6779727507	-1.3598174644	-103.4650397169
-1.6846196821	-1.2465179640	-103.4853597592
-0.9492302566	-1.9241626740	-103.4851599644
-1.0083522171	-1.3612615008	-102.6607529878
-0.9611653816	-0.3703976890	-102.7870950195
-0.6133769705	-0.8850434870	-103.5707932547
-1.0850500031	-1.0156066433	-104.4428470447
-1.6570587153	-1.8355430421	-104.4202564490
-1.9590862958	-2.3406738190	-103.6117873779
-2.8173680517	-2.2019850958	-104.1058702308
-3.7543571170	-2.2073332918	-103.7565524838
-4.3505031536	-1.8518511380	-104.4764429903
-4.7079662521	-1.2584094713	-105.1975859174
-3.7247421810	-1.1461874286	-105.3413796555
-3.3442105213	-1.3128041427	-104.4317453738
-3.4134772712	-0.6060193084	-103.7277160311
-3.4497433460	0.2095444029	-103.1501862876
-4.2294822864	0.6531178538	-102.7083155164
-4.5374213218	0.2740624379	-101.8356812619
-3.6435726126	-0.0857798756	-102.1031658305
-4.1307027111	-0.6109463268	-102.8009512314
-4.2522695854	-1.2570028360	-103.5544978338
-4.9791199786	-1.9428011482	-103.5915002799
-5.1583689093	-1.1480638365	-104.1713816697
-5.4366416505	-0.2209892647	-103.9201904677
-4.9168139142	0.0084824183	-104.7430646205
-4.2162124594	-0.6597911299	-104.4929285248
-4.3234698168	-0.0165418376	-103.7348215354
-3.9919410316	0.4746516991	-104.5403136671
-3.9673635103	-0.0652565219	-105.3816786642
-3.2097213859	-0.2990491678	-104.7723188279
-2.8350268763	-0.2139613407	-105.6955544892
-1.8662373902	-0.2992483297	-105.4628034182
-1.0577021802	0.1257828513	-105.8697669415
-0.8339495153	-0.7535642456	-105.4494296626
-1.6306052664	-1.3522287323	-105.3661203189
-2.6075836918	-1.1765566742	-105.2450728730
-2.2625072236	-0.8888622525	-104.3516781390
-2.4428916816	-0.2366491038	-103.6154176851
-1.4777358737	-0.2268185549	-103.8769088450
-1.1141236223	0.1001371794	-104.7491966865
-0.5819396089	0.8146914389	-104.2951125687
-0.7776818709	0.5924802265	-103.3399648608
-0.4360459358	1.4512626576	-102.9581565007
-1.0281677188	1.5752475893	-103.7544099344
-1.6586419478	0.8188882084	-103.9288310730
-2.4498596889	1.0046329823	-103.3461876442
-2.3898830109	1.9182256374	-102.9440045286
-1.4435473552	2.2403089560	-102.9706721604
-1.5007406206	1.2455356046	-102.8860854613
-0.9363958304	0.6805625666	-102.2841548805
-1.0138476313	1.6412780278	-102.0176459291
-1.8999048977	2.1020320960	-101.9665752994
-2.6310786552	1.6885067389	-101.4240057505
-3.0148684424	2.2661913923	-102.1444124693
-3.5668688286	2.0331398021	-102.9450263150
-4.4694963175	1.6256101067	-103.0835296133
-3.7525308221	1.1273300078	-103.5710513271
-3.0815642949	0.5732373856	-104.0637837954
-2.4475799255	1.1824289526	-104.5401759176
-2.2292810941	0.2094037181	-104.6147916873
-2.1201982972	0.7728633734	-105.4337020367
-3.1028946099	0.7268958250	-105.2542725478
-2.9941548815	1.6934581796	-105.4865070975
-2.1881915487	2.1006828234	-105.0568663224
-1.4635705802	1.5039086269	-104.7122143090
-1.9758884661	1.9189746999	-103.9603828526
-2.9703733604	1.8610831231	-103.8729279486
-3.5375576487	1.4630217692	-104.5939335946
-4.0086677552	2.1144210657	-103.9991779944
-4.5981813376	1.3285323852	-104.1858668210
-5.0348640104	0.7365699874	-103.5084535329
-5.0516844082	-0.0297274331	-102.8661877487
-5.1763859035	-1.0074402684	-103.0350875672
-4.5464897850	-1.5748012040	-102.5046797536
