-2.2592150718	-3.6717039579	29.5456831464
-1.6551613567	-2.8820387023	29.6531442712
-1.7466179497	-3.4072118274	30.4992109827
-1.4470537227	-2.4633995224	30.6387803448
-1.9628784188	-2.0944551811	31.4119588209
-1.1838703665	-1.5119991356	31.1798135871
-0.9717783584	-1.5720521791	30.2044107924
-0.9755939605	-2.0284519923	29.3146441647
-1.9314049591	-1.8775296527	29.5669292859
-1.5911025867	-1.3151981124	28.8132864433
-1.1877912682	-1.9953770551	28.2011617940
-1.9378074578	-2.4783828111	28.6530258831
-2.5688286943	-3.2440654968	28.5283574268
-3.5401434939	-3.1089641177	28.7240489629
-3.6687050181	-2.3004061307	29.2982492035
-4.4278894376	-2.9210228296	29.4943969291
-4.5414093174	-2.1639605665	30.1378019078
-3.5899673878	-2.4080150900	30.3254069291
-3.2852912999	-2.7399029572	31.2181683334
-2.3404164407	-3.0560825261	31.3032681611
-2.8368861733	-3.4430529892	30.5262407065
-3.4656292061	-3.3539834494	29.7537455183
-2.7392586509	-2.7398606536	29.4451373392
-2.4888043505	-2.4461575101	30.3676399717
-2.9719670187	-1.7156894045	29.8849701232
-3.9168013180	-1.3944028699	29.8212275973
-4.8861672969	-1.1489928328	29.8314017200
-4.4827317168	-0.7131255434	29.0268773644
-4.6904373947	-1.2474926110	28.2075421531
-4.5572690166	-1.8104873621	29.0232032919
-3.9242850962	-2.0931207804	28.3024746971
-3.1082720474	-2.5342245283	27.9289105290
-2.3474721123	-1.8972199980	27.8047787959
-3.2251938748	-1.4208448409	27.7530949757
-3.0417190321	-0.4674853724	27.5134228957
-3.8442700838	-0.5599724577	28.1027937029
-3.5506076060	-1.2060814427	28.8072832547
-2.7994997229	-1.8662598483	28.8060912888
-2.5870420358	-1.0052733136	29.2682210522
-1.9332470124	-0.3205740063	28.9461357747
-2.1062084476	0.1047397337	28.0577706670
-1.1077734329	0.0898872009	28.1116865608
-0.7651157567	-0.8198362043	28.3461839873
-1.5362851351	-0.9772037827	27.7293102279
-2.3958222115	-0.9466802367	28.2394713078
-2.9645362305	-0.2283437485	28.6401670207
-3.3753168703	0.4699862675	28.0539977152
-3.9308352864	0.2629907315	28.8593250632
-3.5902069412	-0.3859822927	29.5396237801
-2.6792881227	0.0098339064	29.6560559179
-2.7090973997	-0.7739876201	30.2763261991
-2.0364617040	-1.4755211435	30.5117236002
-1.6776443393	-0.8421778606	29.8260659708
-0.8924602363	-0.4711435957	30.3218678451
-0.6929760249	-0.8739165659	29.4285705912
-0.9749221658	0.0546738445	29.1872694860
-0.7902817076	0.6293184781	29.9845720924
-1.1722169481	0.3907941477	30.8774503685
-1.7143462430	1.1238007781	30.4666011171
-2.0014030233	0.8706639247	31.3904626534
-2.3597444716	0.2445297514	30.6979690408
-1.7149512565	0.1848018057	29.9359491708
-1.8465525226	0.7575291898	29.1268357979
-1.5967798951	1.6154412720	29.5758352343
-2.2864679570	2.0713954402	30.1383618325
-2.5627114355	1.7881131146	29.2199715753
-2.8944898178	0.8636737062	29.0319958184
-2.6824330002	1.0394741686	29.9933105970
-3.5987103216	0.6920325578	29.7940113312
-3.4159051118	0.0063382952	30.4985719272
-4.3564381772	-0.2892222678	30.3311159433
-4.2916888558	0.6024381387	30.7791664370
-4.0189803696	-0.1344861624	31.3976910170
-4.5000027841	-0.9317841207	31.7622913497
-4.6683618716	-1.3714544865	30.8800526138
-3.7190028318	-1.0642084172	30.8143467055
-2.9505876261	-1.6822343702	30.9804249797
-2.9566934601	-2.0090592302	31.9254901784
-3.8677909341	-1.8571764640	31.5423022113
-3.4349630866	-1.0466083559	31.9368138037
-2.9228570434	-0.4981667221	31.2757849277
-2.2489339785	-1.1252064990	31.6664879104
-1.7590985591	-0.5664215239	30.9972939075
-0.9359919474	-0.4669665866	31.5564041124
-1.3327225644	0.3238116908	32.0225312769
-2.2670390021	-0.0173794370	31.9193740730
-3.2306298364	0.0171097293	32.1845215816
-3.1296314254	0.5941833944	31.3740986637
-2.6799783901	0.9638730257	32.1872048833
-3.4041255926	1.5420105806	31.8112157921
-3.3258686123	2.5205543560	31.6206169345
-3.2558148089	2.3840400640	30.6324588941
-3.4591066112	1.8349154667	29.8218204915
-3.5195930211	1.3195902900	30.6766779980
-2.6360241480	1.5993708198	31.0522161474
-2.3868538307	1.9818909657	31.9419309843
-1.5620906348	1.4614844762	32.1631610826
-0.9093535121	1.2488950947	31.4360159777
-1.5592404493	1.9337918993	31.1065264697
-2.2847101323	2.6216891999	31.0843669841
