0.2409454355	-0.9973926687	-18.2877554289
1.0435676690	-1.3688199982	-18.7544879960
1.6042592042	-1.4875549314	-19.5739555169
2.4425294698	-2.0298169775	-19.6310066796
1.9970874799	-2.8406171625	-19.2512903465
1.8497522294	-2.0621474696	-18.6411450678
1.7296465812	-1.3403621860	-17.9595288725
1.7231685956	-0.5997171592	-17.2876635736
0.8629287755	-1.1006967318	-17.3825683667
1.6153538229	-1.5708790317	-16.9212819559
2.1921610822	-1.7711253716	-16.1293256508
2.4224209122	-2.6434187025	-16.5607010737
2.7407946067	-3.1977801562	-17.3296754357
2.3059883579	-2.9824638813	-18.2040794772
1.3298905128	-2.9747834856	-18.4212752608
0.9645056490	-2.3960375413	-19.1503479823
0.1479808615	-1.9973909074	-18.7327738778
-0.0435480216	-1.8996811138	-17.7561626536
0.9286798761	-2.0536435451	-17.9324251986
0.6676738893	-2.0389550371	-16.9671997728
1.3309658421	-2.4921447539	-16.3716639922
1.5973887781	-2.6763475807	-17.3177549698
2.3928714715	-2.1161694007	-17.5488560108
2.7865934082	-1.2326960814	-17.8027416755
2.2754632559	-0.4986812557	-18.2499197195
2.4617160971	-1.1894490184	-18.9485968819
3.1841395246	-0.9318357869	-19.5902664341
2.8787810034	-0.1202212675	-19.0922322530
2.7253882186	0.8582515743	-19.2302958308
2.0020922188	0.3327618479	-19.6782952104
1.8660846721	0.5032783748	-18.7023720263
2.1075913296	1.3282955583	-18.1914697055
1.7292458133	1.9883217392	-17.5424549824
1.1909425678	1.1486662872	-17.4702861681
0.8765878977	0.6597185912	-18.2839883814
0.9672628261	0.2555039201	-19.1941469154
1.5921325750	-0.5191666647	-19.0970733248
1.1458761261	-0.4310185474	-18.2065200747
0.9810836835	0.0659054719	-17.3545165712
1.0090577023	0.4763976795	-16.4430816576
0.9273073335	0.6320977600	-15.4586659110
0.9674239767	-0.3664175925	-15.4955135114
0.8045461604	-0.6032312598	-16.4533183474
1.1402596815	-1.4182341624	-15.9810189715
1.8223785413	-0.7062955850	-16.1479241038
1.9484729408	0.1277150344	-15.6107774859
1.8776695838	1.1148860056	-15.7538870880
1.2300680980	1.5940661482	-16.3463385262
2.0618577928	1.2557121044	-16.7863867561
2.8612991004	0.8143225672	-17.1939022432
3.2380865750	1.3831889874	-17.9249440990
2.7597038266	1.9443524965	-17.2494846539
2.1083623660	2.3398916892	-16.6019485168
2.8489477439	1.8969786009	-16.0966156619
2.8673416212	0.8973232949	-16.1153489066
2.8504498264	0.4472142716	-15.2225350770
3.0822006702	1.4123551779	-15.1009021154
3.8243852369	0.8913576137	-15.5224748932
4.4186147933	1.3612926759	-16.1752016903
3.6084256469	1.4416902788	-16.7558304637
4.1505651896	1.7373295826	-17.5423939502
4.5100754703	0.8738467226	-17.1886289031
3.7336443762	0.3951392026	-17.5984994516
3.7191900791	0.3761617295	-16.5987840277
3.7514512229	-0.1146615034	-15.7281223410
3.8173144251	-0.8778763580	-15.0853431221
4.3856043586	-1.5640947713	-15.5393814914
4.6911502254	-0.6898514252	-15.9166616194
4.7032912167	0.3067545562	-15.9980809915
4.5680538130	-0.2203971853	-16.8370219227
3.6987576573	-0.6495273302	-17.0823207452
3.8889150259	-1.4829941244	-17.6011398641
4.5095363476	-1.3601049831	-16.8267191554
5.1227922417	-1.3220062835	-17.6156841087
4.6129424089	-1.3322852496	-18.4758861146
4.4196479322	-0.5573951277	-17.8740700761
4.4915402949	0.3551890766	-18.2765890921
3.6484773327	0.6496495782	-18.7266311510
2.8202569738	0.4824195048	-18.1917618776
1.9717591056	0.4021586693	-17.6686848604
2.0376063242	0.2167131026	-16.6882389998
2.8627112933	-0.1672163364	-16.2737513935
2.8268085578	-0.9121612642	-15.6075922172
3.6397288914	-1.1064757027	-16.1565935197
3.2527738613	-1.9403785086	-15.7630558276
3.1267472504	-1.8582281857	-16.7516753792
2.5846397139	-1.0181672278	-16.7720961024
2.8033340946	-0.2346716514	-17.3537381311
3.3635207271	-0.3916118044	-18.1671019644
4.0087009031	-0.4420001439	-18.9294690385
4.2090556269	-1.2556967270	-19.4751391359
3.5255386696	-1.9856239635	-19.4718530256
3.9603858797	-2.2086102619	-18.5993938491
3.5132637701	-1.3142958878	-18.5825528447
2.9000571891	-2.1032369925	-18.5431876029
3.0946800268	-2.9557773889	-19.0282616422
3.5073420185	-3.2446844731	-18.1644081955
3.3926527389	-2.3971499493	-17.6462078481
4.0347529896	-2.4011533254	-16.8795976205
4.5623802027	-2.3078705885	-17.7239363292
