-0.2429861250	-1.1600026631	140.6648469001
-0.6593191868	-1.7753936009	139.9955481810
-0.2987191663	-2.6932288484	140.1615183098
-0.6481278311	-3.5584590393	139.8019487034
-0.5848653835	-3.3226264672	138.8322163379
-1.4991049950	-3.6597465778	139.0569739049
-2.4765176689	-3.7759139856	139.2335230433
-2.9222493447	-4.1412803224	138.4163139433
-1.9423234962	-4.1981846013	138.2252452791
-1.2750771575	-3.4835893630	138.0151596563
-1.2981644586	-2.5878628889	138.4591653545
-2.1819928318	-3.0551366482	138.4815849999
-2.9884873830	-2.6437987915	138.0568878058
-3.2915988022	-1.8020512642	137.6101389192
-3.7111384878	-2.6353710436	137.2501880928
-4.4340806434	-3.0530088732	137.8005818455
-4.7749199321	-2.7985616759	138.7056151062
-3.9593318779	-2.3294889193	138.3668129889
-4.5009119950	-1.8094046505	139.0272698990
-5.2356554735	-1.8758984200	138.3521916817
-4.6667532504	-1.9749481809	137.5357730358
-4.1176180390	-1.7730027847	136.7248053566
-3.1653105713	-1.5005398115	136.5874211683
-3.2000778475	-2.4350073797	136.2330744449
-2.3335336849	-2.8823596477	136.0117665990
-1.5087283823	-3.0973461625	136.5347168943
-1.1384843746	-3.8760157349	137.0412670613
-1.6851231373	-4.6846246582	137.2588392848
-2.6053262059	-4.3004735632	137.3340340238
-2.2240145186	-3.8912234287	136.5051095854
-3.0263469776	-3.3686319581	136.7934856941
-3.4065426565	-3.6001712031	137.6889413456
-3.7191697989	-3.3701372089	138.6105424694
-3.4222254597	-3.5393321672	139.5503281500
-3.0482051380	-2.7227611130	139.1106458643
-3.2257581747	-2.6639959238	140.0930009791
-4.0958496885	-2.6941048274	139.6010312529
-4.9932821642	-2.3007750182	139.8007976485
-4.2326675191	-1.9903341379	140.3709658882
-3.3193211527	-1.6918505690	140.6479243221
-2.4129031717	-1.2728702658	140.7014215103
-1.9845443893	-0.3732093254	140.7857953566
-0.9888323191	-0.2812866709	140.7754175540
-1.2865601161	-1.2355941980	140.8010164348
-1.6866905793	-1.9645176789	140.2455291071
-2.4212336760	-2.4140212826	140.7538527732
-1.7502916009	-2.0486609575	141.3991035499
-0.8262889137	-2.1791017322	141.0396536391
-1.3688332630	-2.9126167055	140.6302621238
-1.6307773713	-3.7578820894	140.1645243058
-2.5822043360	-3.5514342168	140.3929230946
-2.2141548431	-2.8786380158	139.7511405437
-1.2606381953	-2.6742338811	139.5297247535
-0.4977124637	-2.2220437869	139.0676982968
0.3247411047	-2.7682660976	138.9089175834
0.4209067577	-2.0283936477	139.5747560961
-0.0107722734	-1.2725489122	139.0824635511
0.2909143157	-1.8270334425	138.3068785413
-0.3059552809	-2.5969944261	138.0812532579
-0.5813374462	-2.9149384644	137.1740177584
-1.0088678330	-2.1793969304	136.6484738305
-1.5155105236	-2.5363451884	137.4332675137
-2.2081518840	-3.2575639184	137.4237025110
-2.5643789074	-2.3853000311	137.0886532330
-2.1199240656	-1.8569275618	136.3652706044
-1.6656425679	-1.5308325731	137.1943003862
-2.2094786954	-1.8582894887	137.9669673486
-1.6660577329	-1.0318361320	138.1141696131
-0.8814248973	-1.6440996451	138.2115590580
-0.3253950636	-1.7388388308	137.3858137518
-0.7618167442	-0.8469267150	137.5042573854
-1.1686829481	-0.0470197053	137.9454021099
-1.4839364943	0.8525882676	138.2475952548
-0.9520780048	0.4146287292	138.9723834927
-1.2789372083	0.1372049431	139.8758208752
-1.7133953082	0.9949983733	139.6011636515
-2.0633316052	0.6652429667	140.4779794588
-2.3563227311	-0.0079287161	139.7990125335
-2.8866251193	-0.8554207307	139.8221785033
-2.6216410651	-1.8188456773	139.7822307469
-2.1163916496	-2.1393540606	138.9809833416
-1.3471630157	-1.5279578930	139.1666767313
-1.7589945968	-0.9535494558	139.8741014242
-0.7901045895	-0.7500376231	139.7332643278
-0.7892698254	-0.6867780897	138.7352675670
-1.7017091175	-0.3609775435	138.9828731853
-2.3900582421	-1.0796761271	138.8846498241
-3.1214457714	-1.7341825105	138.6930938893
-3.6139888716	-1.7378297065	139.5633742995
-3.7905108987	-0.9335541983	138.9959407079
-4.1715809258	-1.2510520722	138.1276200675
-3.7248298145	-0.8962139648	137.3063385310
-3.1911736002	-0.7719777395	138.1428649235
-3.0058880218	-0.1898234347	138.9345502270
-2.3266662669	0.5318087753	138.8007415537
-2.3228865156	-0.1645038383	138.0830128740
-2.8974140116	-0.1151773152	137.2660152911
-2.5677375245	-1.0530021912	137.3746335024
-1.8064253924	-0.4480084648	137.1414245219
-2.2721064014	-0.7863266878	136.3236947513
