-2.2870681798	2.5016746590	-153.0411456293
-1.3039008521	2.3511372144	-152.9376058619
-1.3931535177	3.0761327396	-153.6205520166
-2.3548749476	3.3401917450	-153.6937963527
-3.1792291130	3.1785088768	-153.1513031636
-3.9131807491	3.0978340768	-153.8256966485
-4.2176619839	2.1510727169	-153.7211303771
-3.4795432642	2.0072741829	-153.0619621608
-2.7073153430	1.6536735011	-152.5341074502
-1.8245761290	1.3977394204	-152.9281496134
-1.2552222838	1.5520928060	-153.7356217376
-0.4704567627	2.1568729825	-153.6000340725
-1.0302346309	2.3508693412	-154.4056482178
-1.9670411666	2.2887693228	-154.0613560418
-1.8474039681	3.1018873742	-154.6310278554
-2.3550773225	3.1893698973	-155.4881244505
-1.4503490039	2.8071953191	-155.6762979376
-1.8346217221	2.0925713904	-155.0917920621
-2.3636733642	2.2370140350	-155.9279981864
-3.0697131890	2.7422218008	-156.4242570697
-3.5451334757	2.8072747406	-155.5469067030
-3.9357942588	2.4202779555	-154.7116716218
-4.4562461889	1.9796246834	-155.4430774477
-4.0549944546	2.2410971597	-156.3209323274
-4.0955195222	1.2439779094	-156.3850487804
-4.2858120745	0.7969126153	-155.5110228268
-4.2854878858	1.2677123393	-154.6287827717
-3.4403760779	1.5783751370	-154.1937256969
-3.9313950683	1.0958576365	-153.4684138930
-3.1848386228	0.5667231130	-153.8717377453
-2.7018627476	0.6793283641	-153.0033747098
-2.3536471687	-0.1250940220	-153.4846755881
-2.1595002050	-0.9843804998	-153.9578919292
-2.7699932141	-1.3772111928	-154.6456290392
-2.8455267851	-0.7500962015	-155.4208847823
-2.7449826053	-1.0110548024	-156.3809845045
-3.6010514101	-1.3307432898	-156.7871193004
-3.7447928479	-1.2516499838	-155.8006697842
-3.7786953396	-0.2608049565	-155.6699917333
-3.9668766180	0.0735771439	-154.7465327914
-3.7119329349	-0.8933464486	-154.7544375194
-3.5206849625	-0.4635997067	-153.8719739502
-2.7920573354	-0.2224976780	-154.5130446115
-2.2826042034	0.3379578696	-155.1659972020
-1.7538715566	-0.1045423628	-154.4416800529
-1.1712780282	-0.4110066746	-153.6889089016
-1.3919090433	0.4248250972	-153.1862089868
-1.9989149997	0.8345616702	-153.8671346139
-2.6001711846	1.5931837751	-153.6161694727
-3.0114816188	2.4642354087	-153.8846704563
-3.0905205893	3.1636307738	-154.5950217528
-2.8669582950	2.2483802171	-154.9301878593
-3.4779641784	1.6097887605	-155.3980262523
-3.2264142182	0.7751724579	-154.9079872285
-2.4296751169	1.3206019983	-154.6477692028
-1.4575922340	1.1640326994	-154.8225288186
-0.9203987878	0.6295065049	-154.1700681311
-0.2884274178	1.0440070755	-153.5152387912
-0.3223085472	1.4579254423	-154.4249220628
-0.3541090836	0.9403172594	-155.2799486676
-1.0489811286	0.2252047388	-155.2040084016
-0.9433611529	-0.6796666315	-154.7916345131
-1.7456716965	-1.2574367385	-154.9415661477
-1.8195734925	-0.5677385821	-155.6618820351
-1.7710949073	-0.5460526226	-156.6604708122
-0.8952157871	-0.3290631305	-156.2294820338
-1.0517057911	0.2286771081	-157.0446119037
-0.7454654434	0.7649679768	-156.2580949277
-1.6781653290	0.4536765129	-156.0759725842
-2.5816508946	0.0424634813	-156.1968761628
-3.3296421681	0.6347084719	-155.8972848982
-2.5327690511	1.2098637489	-155.7123804828
-3.1063181115	1.6003232936	-156.4325074294
-3.1229938588	0.7131367546	-156.8936169224
-3.5121213299	-0.1822873850	-156.6772944284
-2.7394128414	-0.3952001254	-157.2752825192
-2.1032747544	0.3711007849	-157.1852200459
-2.1153032704	1.2386034656	-156.6879329922
-1.5121225133	1.5063423943	-155.9366082685
-0.8150582117	1.9437516144	-155.3684757720
-0.5715568331	1.8258683888	-156.3311858133
-1.1354955850	1.4202575124	-157.0505278051
-1.5380186278	2.2696972312	-156.7093132622
-2.4553135446	2.1699464491	-157.0948256706
-2.6341437454	1.3584585212	-157.6511592954
-3.5830879340	1.5738307117	-157.4206820808
-4.0549782691	0.6947671422	-157.3531043299
-4.9485196743	0.9524209495	-156.9854111523
-5.1222720046	1.6143083949	-156.2562231537
-5.2677632294	0.6591802275	-155.9982260851
-4.4574573304	0.2001781237	-156.3625355946
-4.4689485631	-0.7946392479	-156.4635620706
-4.4793657300	-0.3081986216	-157.3372136028
-5.3396027888	-0.1557413878	-156.8506450110
-5.3248468233	-0.3907186946	-155.8787561662
-4.6337800408	-0.7346512025	-155.2430383576
-4.6621171604	-0.5525381164	-154.2601691742
-4.6678735468	0.4131756434	-154.0006238059
-5.0017577003	0.2944160355	-154.9357267561
-5.2375993909	1.2453727238	-155.1358768844
