-2.8235115022	-1.8804163921	-51.2913544256
-1.8407817548	-2.0649264268	-51.3054359946
-2.0751653663	-1.5715330041	-52.1430679264
-1.5478118243	-0.7301521996	-52.2612905285
-2.4936935112	-0.5897794672	-52.5538709967
-2.8058225204	-0.8166556811	-51.6313187406
-1.8876442605	-0.9543475452	-51.2598491812
-2.0454049514	0.0119732149	-51.4631611409
-2.4759459536	0.4745458418	-52.2381843730
-3.3343166882	-0.0374329430	-52.2053605093
-3.4989869580	0.9209918593	-51.9723248887
-4.2664256345	0.5147070249	-51.4763707465
-4.3388545981	1.5114916955	-51.4421017285
-3.9207256588	2.1152559269	-50.7633993321
-2.9277720930	2.0214607380	-50.6909722740
-3.2627419046	1.9302634363	-51.6287773057
-2.6335398396	1.5570912199	-52.3105743857
-2.1751186312	1.9739114259	-51.5256470569
-1.8316575281	2.5055616841	-50.7514491018
-1.0936734956	1.8585819123	-50.9432738727
-0.6403950208	1.2785158805	-50.2664710779
-0.9214680546	0.6812357441	-51.0176397596
-1.1149293881	0.2620592092	-51.9046931656
-1.6830214282	1.0418235720	-51.6415601719
-2.6193509262	1.0746242361	-51.2919730045
-3.5418704776	1.1102412248	-50.9076695989
-4.3594064995	0.8537228414	-50.3920794790
-3.9644344728	-0.0536151624	-50.5360754685
-3.8359965531	-0.5303960454	-51.4056636988
-3.1322974173	0.1255952633	-51.1327480908
-2.8098980957	0.6195960419	-50.3252693553
-1.8465045568	0.3986129044	-50.4770565166
-0.9459742279	0.1924868173	-50.0942286664
-1.3306226094	0.1974686832	-49.1711789367
-1.7571213208	0.9093805574	-48.6132539126
-2.3691123895	0.5514664402	-49.3184945924
-3.3602259289	0.6839738813	-49.3301449170
-3.5498032474	1.4699407248	-49.9186315874
-4.3014015501	1.9673228747	-49.4853753256
-4.3663840841	0.9936823480	-49.2667400239
-4.5749070713	0.0837070271	-49.6251574889
-4.6340993743	-0.7517309765	-49.0787697023
-3.9326927992	-0.8598420884	-49.7832842897
-3.1687764616	-0.2155368958	-49.8193765046
-2.2807682362	-0.4813178381	-49.4441407356
-2.4781342609	-1.0778341269	-48.6661851010
-1.7193757654	-1.6905766441	-48.4452051171
-1.4333492091	-0.8426943562	-48.8916179696
-0.6706489751	-0.7833029788	-49.5356373928
-0.3691781061	-1.0375828762	-50.4545808344
-0.9305094030	-1.3539803066	-51.2193029024
-1.0559478192	-0.3793354593	-51.0340122509
-1.5266179078	-0.7050164255	-50.2140112899
-2.4422630618	-0.4533255118	-50.5274528888
-3.2547424346	-1.0217781477	-50.6568316719
-4.0904549077	-1.5708826690	-50.6485318509
-3.3121478439	-2.0493076332	-50.2419022058
-3.6518178534	-1.8497761221	-49.3227659478
-2.9345102478	-1.2448066524	-49.6684272555
-1.9802760326	-1.5035563613	-49.5184750943
-2.2610575317	-1.4966084237	-50.4782216629
-1.3288297230	-1.8196714673	-50.3151830711
-1.0015687074	-1.8590052767	-49.3710680997
-1.6432112403	-2.6219541374	-49.2923032857
-2.3327230444	-2.4838230624	-50.0032837904
-2.6368306781	-2.2300051165	-49.0850817443
-2.7252333223	-1.9984946915	-48.1162742837
-3.2903366542	-1.2332589569	-47.8079360039
-4.0343753094	-1.7004112070	-48.2856129394
-4.3219519712	-0.7802335776	-48.0199575349
-3.5523565324	-0.1784589038	-47.8064391456
-2.5949053637	-0.3951193711	-47.6157941841
-1.7249763420	-0.8767050699	-47.7220895840
-0.7930202570	-1.0573583328	-48.0364496550
-0.9818755958	-0.0863380017	-48.1829186880
-0.6827696555	0.8024267251	-48.5302411561
-0.8107916630	0.7671252193	-47.5390982959
-1.4779729702	1.4425882595	-47.2250620167
-2.1705304297	1.6949099357	-47.9008563176
-2.7039426497	2.3809756924	-48.3956140168
-3.2645526859	2.2788610807	-49.2173737100
-3.7238138782	1.9100600040	-48.4092493860
-3.2035091873	1.5453390373	-47.6370695850
-2.5211111457	1.0247082512	-47.1239648225
-1.8652654083	0.4303889687	-47.5894226178
-2.0135025994	-0.1018725528	-48.4229233124
-2.9633186955	-0.0972804043	-48.7356984645
-3.5547349232	-0.9009911127	-48.8010891580
-3.9856483318	0.0009457207	-48.7723910239
-3.6999476916	0.8300098944	-48.2917375729
-2.7429942521	0.6551190051	-48.0601057711
-2.7809522950	1.3754813830	-48.7526642391
-2.5353655137	1.5554325628	-49.7051896748
-1.9736244634	1.4682352012	-50.5278947328
-1.5673027742	1.0884632050	-49.6968255927
-1.3843296026	2.0505252665	-49.8992049598
-0.7770530070	1.6718379806	-49.2007702270
-1.1105443012	1.7386891376	-48.2603902615
-1.8465629569	1.9096230952	-48.9154155438
-2.2327969742	2.5982223805	-49.5291372301
