-1.9919214565	-2.0209226704	157.7081332941
-2.9878969670	-1.9733454751	157.7840884984
-3.5674865051	-1.2648767280	157.3814124477
-3.7313582270	-2.1530526282	156.9521227679
-4.4129914076	-2.2764816186	156.2309144128
-4.0761206021	-3.1276386452	156.6334684795
-3.1425871504	-3.3157337265	156.3282873286
-3.7413375342	-4.1014456539	156.1728693599
-2.9980151607	-4.7581016056	156.0452965962
-2.6274801901	-4.8506597064	155.1211013606
-3.3430025828	-4.1533088956	155.1626892474
-2.4892577092	-3.8069635758	155.5514881804
-1.7420142485	-4.4711186355	155.5744068846
-0.9058411366	-4.0238301190	155.2569994020
-1.5207166423	-3.3836758524	155.7175758098
-1.4503340997	-2.4242537085	155.9906242441
-0.7282737781	-3.0305891167	156.3237702553
-1.1181225567	-3.9247611326	156.5439391352
-1.7223459005	-3.9803612796	157.3388119392
-2.1670369906	-4.3017986933	156.5027929063
-2.8262151151	-3.9251627840	157.1536612432
-3.2643988260	-3.0471481065	157.3462365834
-2.2907733496	-3.1068479423	157.5664395836
-2.0354215389	-3.2324079126	156.6077789833
-1.3779732124	-2.6988821754	157.1398616702
-0.7740726430	-3.4340264767	157.4478664730
0.0058752289	-2.8518922063	157.2180817729
-0.5579833627	-2.0842091151	156.9135720683
-1.4479639439	-1.6528976412	156.7655687658
-1.6296950639	-0.9295309071	157.4316876500
-2.5040920077	-0.4446390145	157.4140854588
-2.5528421395	-1.3532247217	156.9992415879
-2.6015971077	-2.3370443068	156.8268409583
-2.2998358848	-1.7510459545	156.0748129698
-2.6652397326	-0.9877786040	155.5419875015
-3.6072782313	-0.6599720760	155.4705287912
-3.6487102540	-1.0742418639	154.5613181829
-3.9538972125	-0.1228124657	154.6018523736
-4.5731326812	-0.7903122790	155.0153634782
-4.5097501599	-0.0804445849	155.7168408569
-3.6043479810	0.2923143906	155.9200590666
-2.6756905326	0.1431049464	155.5804535819
-2.2279361343	0.2153926890	156.4716833397
-2.9685884836	-0.4558610275	156.4424849550
-3.9493820007	-0.5400317623	156.6184376883
-4.4746807904	-1.1792567915	156.0567860671
-3.9094377631	-1.7138054786	155.4284883502
-3.3922750728	-1.4351561639	156.2377456092
-3.3455871277	-2.3988413115	155.9748175354
-2.4404602255	-2.7590387349	155.7489788606
-3.1518526202	-2.9939597553	155.0866096473
-3.9900110667	-3.2832358806	154.6242139921
-4.0554224160	-3.1972118092	155.6183574498
-4.5892982662	-2.5179764465	155.1147545321
-4.6285676483	-1.7195776111	154.5139074507
-3.7513312566	-2.1925374931	154.4316562313
-2.7922428491	-2.3950948438	154.2338686020
-2.9431054089	-1.9575949941	155.1203415963
-1.9436868894	-1.9874810289	155.1367564632
-1.3896272834	-1.3247690269	155.6405726554
-1.8831829597	-0.7520950794	156.2951315483
-1.2045059302	-0.1917429362	156.7698977700
-1.0684688519	-0.2765071412	155.7828268795
-1.6109104710	0.5285322191	155.5426837590
-2.1192022110	0.5210445764	154.6815313670
-1.2971640726	0.3377668593	154.1424000495
-1.9709149504	-0.3740915245	153.9441139025
-2.7161428404	0.2742104716	153.7881013588
-3.0231202502	-0.6599543172	153.6061645095
-3.2755183776	-1.6266329473	153.6489150819
-2.5982169022	-1.3396127253	154.3263234547
-2.7645969588	-0.4137325828	154.6655337705
-1.8683072708	-0.4709637749	155.1052943712
-1.6073779362	-1.1993417506	154.4717476824
-0.9237075208	-1.8419228500	154.8177018611
-1.1377708042	-2.8050589214	154.9806307374
-2.1002904080	-2.9628825568	154.7600684731
-1.7367855860	-2.2702522152	154.1370697137
-1.5034476114	-2.5762155571	153.2140638508
-2.4453151451	-2.2402820750	153.2199157403
-1.9894049230	-1.3755412703	153.4305557410
-1.0498165696	-1.6480401900	153.6377224974
-0.2595179416	-1.3910369517	154.1939395540
0.1440689870	-2.0549761598	154.8234650253
-0.1309540011	-2.8623380880	155.3455081968
0.2271356261	-2.4905798787	156.2019938374
-0.5464437777	-1.9814590601	155.8246731541
-0.5547741133	-1.1279882419	156.3457472066
-0.3398929114	-1.0338907705	155.3736506399
-0.8634434455	-0.4914265139	154.7166671024
-0.8957516572	-0.5860547099	153.7216788191
-0.2842246497	-1.0859857743	153.1084059190
-0.0324094569	-2.0194143204	153.3639450705
-0.5908232907	-2.5116419785	154.0316919708
-0.4057773184	-3.4089275263	154.4324869730
-1.3282971690	-3.4011360092	154.0466159876
-1.8215734666	-4.0279045657	154.6498072267
-2.7433970911	-3.7266363299	154.4059247644
-2.3199810925	-3.1948314149	153.6725064496
-3.3149242913	-3.1021761856	153.7112755055
