1.7478539558	-0.7466102670	-199.7510386436
2.7139419095	-0.6230462761	-199.9777675695
2.4086361499	0.2795872666	-200.2811502993
2.0303137650	1.2050258602	-200.3020209142
2.5793229185	2.0108087149	-200.0799782598
3.2299539136	1.2517601638	-200.1028825222
3.5994632735	1.2027369185	-199.1749495751
3.3675519492	2.1612713850	-199.3405660419
3.0914171394	3.0821104847	-199.6158929736
2.3735641462	2.5867869494	-199.1266673860
1.7219404654	1.8944603042	-199.4366196323
0.8118658177	2.2714013464	-199.6088972755
0.9748953240	1.4931855269	-200.2153636953
0.4421730125	0.9000868814	-199.6116742589
1.0341473221	0.3622419074	-200.2119152111
1.4733055164	0.8087356071	-199.4323105315
1.0877503236	-0.0920298808	-199.2323887240
0.7897066820	0.6139135889	-198.5898828444
-0.0971358829	1.0688277932	-198.6708972368
0.6895849473	1.6855146667	-198.6986034696
1.6195620151	1.3495830484	-198.5492963993
2.2891810736	1.0592607090	-197.8656859432
2.2607092931	0.7839002276	-196.9047666110
1.4243642210	0.3280325453	-196.6002808533
1.3027554763	0.7972215382	-197.4749653692
0.4052689084	1.1577111755	-197.7290619686
1.1643986347	1.8086480354	-197.7272555585
0.2811165883	2.2763348288	-197.7601476534
0.5769553480	1.9834382756	-196.8509221383
0.5108299016	1.0008227594	-196.6774454174
1.4011198840	1.3869629250	-196.4360339020
2.0211479949	0.8804345634	-195.8368726879
2.2930931301	1.8383769756	-195.9284815210
3.0872354411	1.4343840485	-195.4744686305
3.9095457396	1.2145131432	-195.9993139009
3.8248985094	2.1470672862	-196.3502805897
3.5735422154	2.6485711164	-197.1781174830
2.7207670039	2.5300169976	-196.6694728530
2.5415723760	2.9773609989	-197.5456992106
1.5982803385	2.7272652186	-197.3274052969
2.0279783540	1.8449113560	-197.1355426463
2.1227306140	2.1606027391	-198.0796617912
1.3740150422	2.5841166464	-198.5896235181
2.0305120906	3.3208838089	-198.4278033285
3.0038185391	3.4756146826	-198.5973111866
3.8734097183	3.0148638561	-198.7748495115
4.2291059172	2.7487382734	-199.6707609961
4.4296980782	2.0797283686	-198.9550875146
3.9460057632	2.0520211030	-198.0802880794
3.0703576594	2.4565646223	-198.3440776533
2.7576056781	1.5594230870	-198.6560444204
2.4821645448	0.9292189059	-199.3819747698
2.2830060689	-0.0362597106	-199.2140850956
1.7968662218	0.3200790855	-198.4161560816
1.9180494252	-0.0603592437	-197.4993238675
1.3717968129	-0.8733030358	-197.2975059435
0.9664091195	-0.2573213320	-197.9729519877
1.6159136847	-0.7349791693	-198.5645488184
2.0907587371	-1.4078012300	-197.9972458564
2.5275298686	-0.9272839908	-197.2367630088
2.2798893781	-0.2787962528	-196.5169450865
3.2550743245	-0.3800475629	-196.7138270116
2.9356109264	0.1439400442	-197.5033712629
2.5931517051	-0.4497940082	-198.2315206685
2.9058841478	0.4517112894	-198.5306638076
3.4616317245	1.0476506826	-197.9510079866
3.0029209167	1.8300029305	-197.5296893958
3.0441246805	1.4343966952	-196.6121939154
3.0047522354	0.5420594408	-196.1625451247
3.6927287038	0.5643085748	-196.8879369878
4.0515986024	1.4522466142	-197.1756494035
4.9060867372	1.6160334355	-197.6686239512
5.3448507667	0.7765197817	-197.9890969633
5.3038654576	1.2870547785	-198.8479765948
4.3946416337	1.1438250072	-198.4570836801
4.2963777701	0.4294148148	-197.7642905724
3.7241318549	-0.3655099951	-197.9658573336
4.2526898361	-0.4311905028	-197.1195048471
4.1331511910	-0.9614944777	-196.2801668898
3.9896499885	-0.0067589862	-196.0196145031
4.9396332459	-0.1319053646	-196.3057441846
4.8212085324	0.6711609125	-196.8897477307
5.5544316414	0.0569611786	-197.1815397102
4.9917970100	-0.3135366534	-197.9205753170
4.8943391635	0.1980593168	-198.7742564819
3.8982600107	0.2861974610	-198.7818715264
3.2950890071	0.2613353066	-199.5790958447
3.3269914917	-0.5789179239	-199.0378410618
2.5349272772	-1.1876880152	-198.9927494208
3.1787303122	-1.3947578415	-198.2561085726
2.8769593184	-1.9654548647	-197.4924076004
3.5786843262	-1.3004894644	-197.2366674393
4.3548101194	-1.2479537044	-197.8650532659
4.3582060805	-0.7739056112	-198.7455456695
4.3043005845	-0.2417784388	-199.5904923364
3.7166191281	-0.3326166512	-200.3944692795
4.0500037918	0.6099259130	-200.3728317930
4.5581560602	0.8764710551	-199.5538476910
4.1841419033	1.7040391779	-199.9724697311
5.1481321562	1.8619458158	-199.7584877554
