-1.5011952936	-1.0563252056	34.4168736913
-1.1220982828	-0.2560454065	34.8814570526
-0.9001267211	0.4742239499	34.2353647271
-1.6719832645	-0.0743784091	33.9140036712
-1.8092567176	0.1567885391	32.9508225661
-0.9833361394	-0.3650769558	33.1641570540
-1.1145814618	-0.1777863607	32.1906598027
-1.2077815653	0.8125056452	32.2937882849
-0.7672796418	0.7159309458	33.1863303751
0.0704274555	1.0653654864	33.6060235022
-0.1299580059	1.8079180560	32.9669136930
-0.7812790482	2.5249607756	33.2151688805
-1.2171306883	1.6748625039	32.9195910123
-2.1090081210	1.2578432579	32.7445207590
-2.8977405855	0.7065904855	32.4724518700
-2.7784043651	-0.2855602568	32.4350918515
-2.1071151271	-0.9236211851	32.8122509833
-3.0512407463	-1.2049029226	32.9840281625
-3.2418274569	-1.8389604867	33.7334597545
-3.2675650107	-1.0073397175	34.2882069712
-3.7303480507	-0.5049339640	33.5578506768
-3.5905298321	0.4406683800	33.2641040637
-3.3151654576	1.3950915513	33.1489916346
-2.5016099297	1.7942091968	33.5718775627
-3.1596195598	2.3033686557	34.1266567730
-2.7439946434	2.8116001258	33.3723645870
-2.6698813360	2.1767644704	32.6032801259
-1.8005309764	2.5650646964	32.9089807747
-1.7368008238	3.2034556093	33.6760502043
-2.2778086491	2.8270339309	34.4281255018
-1.6391991791	2.1822219955	34.0081308438
-0.7966734597	2.6786791678	34.2171300980
0.0156782595	2.1148338540	34.0682571776
-0.8027621529	1.5687461609	33.8895296676
-1.6384079449	1.0407741821	33.7380644905
-2.5851935507	0.7572249076	33.5857594493
-3.1427682602	1.2197350857	34.2751031796
-4.0763093074	1.3583139959	33.9445022133
-4.3248775581	0.3971089719	34.0640794965
-4.2312958783	-0.3843609596	34.6809645874
-3.3960743211	-0.4571739703	35.2260363404
-2.8726013092	0.3920046722	35.2958334672
-3.7827684332	0.6765437310	34.9947797673
-4.6581110018	1.1217918644	34.8062870951
-4.6553838972	0.6944924583	35.7103931621
-4.0129665732	1.4608469359	35.7112855827
-3.8732068458	2.0208233280	34.8946500098
-3.8813249214	2.9882943372	34.6417983868
-3.2804551456	3.4431224791	35.2991315397
-3.7927051889	2.7047855350	35.7378324061
-3.1944230040	2.0291900049	36.1686793708
-2.8008145091	2.9331161965	36.3359808735
-2.1683435493	3.1552816664	35.5939411246
-1.5991422267	2.7091960008	36.2846056113
-0.6596230813	2.6729095115	35.9440368721
-0.4369913081	3.1628979161	35.1012163355
-1.3927374059	3.3485692739	34.8730156706
-1.5439986543	2.3789847502	35.0654367873
-2.1778863853	1.9884247033	35.7330064048
-2.8879155523	2.4145343690	35.1723914435
-3.0055241368	1.4276587282	35.2830471727
-2.2949143440	1.7174384970	34.6419064643
-1.3618153003	1.3680298721	34.7269934049
-0.9510939092	0.6672852071	35.3103156601
-1.8706614367	0.9732032869	35.5569118704
-2.0113605118	0.5136329973	34.6799860360
-2.4126183873	-0.3996933256	34.6105083764
-3.1848134409	0.1305392376	34.2604109213
-2.6867405118	-0.3056129648	33.5109480379
-2.3481749887	-1.1923081469	33.8258210927
-2.4243863940	-1.6296105854	34.7219005529
-3.3164469403	-1.6068226792	35.1732415470
-3.6488746830	-1.1389544402	35.9921378206
-3.7582979502	-0.4643281431	36.7221418671
-2.9574238881	-1.0552637748	36.8190738844
-2.5611335040	-1.7639003175	36.2353032259
-1.9132014261	-2.0428329763	35.5265151092
-1.5253507496	-1.1221474940	35.4828104700
-2.5153851983	-0.9971407230	35.5476571936
-2.8987257441	-0.2709913841	36.1184085962
-3.6182177514	0.4212380782	36.0622870956
-3.5667775414	1.1827662031	36.7083744116
-2.6801854329	1.0669726239	36.2605504728
-2.8860373951	0.3792490738	36.9567266634
-2.2194764312	-0.2930131010	37.2788447316
-1.9309583170	-0.6881685526	36.4067154597
-1.9433735047	-0.1183771022	35.5850199163
-1.7606936480	0.3642416010	36.4415870516
-1.0283303634	-0.2239170921	36.0984932290
-1.0964955346	-0.2350390774	37.0961052833
-1.3405518928	0.6922703486	37.3798899243
-2.2303139227	1.1444905353	37.3180802748
-2.3881250404	2.0296224947	36.8803165649
-1.6697440343	1.4386930451	36.5132591909
-1.0739923745	1.6853708765	35.7489097896
-0.4740120983	2.0437889406	35.0336754507
-0.1587956732	1.1407349974	34.7419012558
-0.0806479540	1.1904585706	35.7376022653
-0.7154166623	0.8132673444	36.4119875156
-0.6283093516	1.7567105308	36.7318738552
