-0.6174224451	2.5245664492	-155.6686885605
-1.0525687218	2.9040916067	-156.4851494431
-0.5208812923	3.7506282798	-156.4589934020
-0.8265846696	3.5542580969	-157.3906500965
-0.1739549379	2.8863998703	-157.0328235707
0.7701635587	2.5684898492	-156.9457978121
0.5043712853	3.2937579431	-156.3107067483
1.2208943220	3.5606294544	-156.9552021588
0.3043456162	3.7995667987	-157.2759004834
-0.3660900950	4.5410452451	-157.2489622085
-0.8065476495	4.3626728332	-158.1288374413
-1.5098103421	4.3244433781	-158.8387389091
-2.2788053592	3.6866203068	-158.8814986264
-2.2126265353	2.8030812631	-158.4178402160
-1.8401432918	2.2208293184	-159.1405012057
-2.2740861835	2.7246965006	-159.8873689514
-1.7171643575	3.3077288412	-160.4789020184
-0.9367551328	3.8352229576	-160.1431768344
-0.0001092898	4.1424076652	-159.9748553554
-0.1794873336	3.1697940293	-159.8270506440
0.1708656048	2.8610912553	-158.9427682141
-0.7770627858	2.5515985319	-159.0179082205
-1.4343782744	3.2342681814	-159.3371236618
-1.2849032959	3.3594695059	-158.3563169229
-2.0301937384	3.7585663781	-157.8222159561
-1.4855246549	4.3989533370	-157.2806994445
-1.8144018634	3.6275651452	-156.7359058696
-2.1501894938	2.6911699228	-156.6338732532
-2.2764705986	1.9940768874	-157.3396454420
-1.7884530506	1.2888747002	-156.8253218591
-1.4103715016	1.9470563299	-156.1742832393
-0.7345401970	1.3758237888	-155.7085092258
0.1133169752	0.9916719953	-156.0739755242
-0.5871964977	1.1545602650	-156.7687764207
-0.1549754440	1.9920791270	-156.4344904405
0.0027765778	1.9291864665	-157.4199643432
-0.9522412842	2.0736607550	-157.1609893189
-1.5554633561	2.8131871248	-157.4596929852
-1.5168311814	2.0525117754	-158.1076749047
-1.2513665290	1.1625369373	-157.7369009764
-2.1479794646	1.1859580435	-158.1790962902
-2.2484287971	0.5065628289	-157.4522317402
-1.3204637456	0.3001379963	-157.1419582292
-1.0514354088	0.1583587981	-158.0945979370
-1.1071925869	0.8436069020	-158.8207702122
-1.0496504520	1.6215790024	-159.4464285164
-1.1872972348	2.4554789916	-159.9809041204
-0.3953605953	1.9858137739	-160.3710975882
0.4827705310	2.4535771761	-160.2706828261
0.9514437781	2.2890569533	-159.4027666529
0.0181636151	1.9300624703	-159.3922263297
-0.0448794314	1.0216316377	-158.9789721747
0.9110946813	1.3070149155	-159.0473087003
1.0473552923	0.3367904865	-159.2475525597
1.5096027574	0.8342876219	-159.9815987989
1.8145543979	1.6557698993	-159.4997571601
2.1251448029	2.5339776281	-159.1360474059
1.4850792626	2.1200366917	-158.4887692544
1.0555867171	1.7649373599	-157.6584436448
0.5297145001	1.1107328668	-157.1148676221
-0.1838816607	0.9442542584	-157.7953567053
0.7562148958	0.8409017270	-158.1202208595
1.7101336119	0.9549646691	-158.3977613580
2.4646131016	1.5488645176	-158.6771243292
2.5035934710	2.4109409520	-158.1718474228
2.1592296350	1.6660783932	-157.6003639873
1.5806629985	0.9347048918	-157.2393190474
1.2058280017	0.8336449807	-156.3177521103
0.8651165407	1.7708675796	-156.2433914994
1.6942572424	2.0379858854	-156.7344856936
2.3723885366	2.6965980541	-157.0606267046
1.5833596028	2.8166014845	-157.6631485036
0.6271695704	2.7843904993	-157.9541177017
0.3793547036	1.9327900433	-158.4160316061
-0.5960371982	1.7123118424	-158.4160026654
-0.5652960768	2.6184183244	-157.9940713598
-0.1613861395	3.5113357072	-158.1929565281
-0.5863832385	3.7885793938	-159.0546487028
-0.1326192542	4.6786688358	-159.0117647684
0.4556450925	3.8700536837	-159.0024591643
1.0121466250	4.6862684667	-158.8472191168
0.3841490396	4.5347710088	-158.0838924810
1.0501204720	3.7887997953	-158.0808925253
1.2684945541	3.1432289646	-158.8127060691
0.9251441782	3.3094942887	-159.7370795658
1.6746788789	2.7459980859	-160.0844551002
1.3649664050	1.8833629795	-160.4843786639
1.0453165747	2.3348527301	-161.3174338789
1.0460610075	3.2254301873	-160.8626028790
0.0684907545	3.4360333821	-160.8642444210
-0.7696625853	2.8906333883	-160.8580941529
-0.0127703574	2.4152065523	-161.3065174783
0.3757654237	1.5473861373	-160.9967955481
0.5490976565	1.3088285578	-160.0412610284
-0.3885942262	0.9655069787	-159.9877425610
-1.3526689692	0.7117051206	-159.9093556566
-2.0073821890	1.1444105867	-159.2895842637
-1.9512474604	1.6639290230	-160.1421975914
-1.6188582385	2.1856350226	-160.9279076240
-1.1665429759	1.3036032043	-160.7958819645
