-2.9180256574	2.4220413074	185.4964360886
-2.9149075631	2.0291400429	186.4160114655
-2.0297364415	2.4785698467	186.2956580822
-2.7432866661	3.1319831807	186.5484368233
-2.5227244534	4.0676978729	186.8237372505
-1.8168558376	3.3899282506	187.0295960283
-2.4154261503	3.3231349840	187.8278768312
-1.4479840541	3.4753065635	188.0301133282
-1.7334757680	4.3386734130	187.6140698636
-1.1777307738	4.2495851557	186.7875042075
-1.1338570618	4.2263719370	185.7887368452
-0.3108885451	3.7169387582	186.0401342534
-0.8194818994	3.3461020262	185.2630802539
-0.2495991582	2.5318193706	185.3734315935
-1.1777223783	2.2930624022	185.6590579199
-1.8765562916	2.8921077048	185.2681923586
-2.0482180332	3.6318750454	185.9187894139
-1.2154296330	3.1512328068	186.1934647115
-0.3764553586	2.6556895885	186.4183181873
-0.4189249581	1.7234561493	186.0589616123
-1.3131633818	1.5785394160	186.4824433497
-1.7026342530	0.6631965207	186.3801700658
-0.7204027595	0.7087796160	186.1981165718
-0.7723671512	0.9168149102	187.1748565671
-1.4038998962	1.5428960019	187.6322282525
-2.2069723629	1.3857278415	187.0574476137
-2.3566381359	2.3427524708	187.3058505431
-1.6955310314	2.4932928467	188.0408845502
-0.7010326814	2.4858802935	188.1453741952
-0.5734008265	1.5133015931	188.3397984255
0.1029259904	1.0700289468	187.7515030934
0.5473989023	1.9653936695	187.7238292101
0.3195092242	2.3871564423	188.6014296079
1.0633678611	2.8355019447	188.1057879643
0.1734373843	2.9221976857	187.6580072199
-0.3854284046	3.5417313766	188.2092304376
0.4518288991	3.4402392648	188.7465381323
0.7226269606	3.8166750114	187.8605558872
1.1719562972	4.3438572198	187.1393194028
2.0368351419	4.0730399371	186.7166580924
1.8734208841	3.7491552943	187.6485349719
1.2762618450	3.1452402102	187.1206262173
0.4131363838	3.5061751111	186.7674400971
0.5060860250	3.0934701822	185.8613302772
1.4728650728	3.0071668228	186.1019336912
1.1081301013	3.9382073862	186.0904502313
1.5685633211	4.8254068952	186.0608144203
2.0638173921	4.0763227394	185.6208185876
2.5200279134	3.3010613234	186.0576729078
2.3447572472	2.9872191887	186.9908306159
2.0929256310	2.7060398205	187.9168538337
1.6529755371	1.8594051848	188.2162761249
0.9225069542	1.2216543899	188.4605906212
1.1981047621	1.1769984889	187.5003553902
1.4346187286	2.0903956965	187.1690448339
0.6415097303	2.4203745326	186.6570955351
0.3422651141	1.4789971343	186.8128557793
-0.4145205483	1.9539468402	187.2619640489
-1.2269561036	2.5076282562	187.0792474432
-0.6941896187	3.3512731868	187.1457538618
-0.2260971155	4.2077827820	187.3631951684
0.3080463451	4.5833725723	186.6058160870
0.2866889954	4.5289124709	185.6075285728
1.1263417096	4.4500095376	185.0701668262
1.2765565796	3.4614187204	185.0590452790
0.8090826477	3.4152757429	184.1762435184
0.2010109191	3.5951063952	184.9494897336
-0.2217853881	2.8834958652	184.3883714429
-0.3236060774	2.1604493973	183.7051172058
0.6631007692	2.2797334242	183.8154844106
1.3931078890	1.6546023125	183.5392586004
0.5549462843	1.1623508852	183.7741493339
-0.3868368530	1.0580123601	184.0937709765
0.1506100411	1.7425819238	184.5862294504
-0.8308209401	1.9116467919	184.6768401532
-1.8151708075	1.9113288927	184.8530651158
-2.1549543660	1.5670698918	185.7282981555
-1.2838065549	1.1847994986	185.4201247665
-0.3335392536	0.9952297043	185.1730309603
0.3790716677	0.9792919833	185.8744093631
0.6055037075	1.9297377887	185.6613804863
0.6957437203	2.6188588350	184.9423749761
1.5764340040	2.3066958170	185.2986597981
1.1927731652	1.7163659576	184.5885083932
1.4541799623	0.8120106605	184.2511540053
0.6263554736	0.7780231228	184.8111106671
1.3859119933	1.0722785739	185.3911861991
1.3037948854	1.4494600319	186.3136778947
2.1003120020	1.3698052724	186.9130238734
2.0953299169	2.1787164107	186.3251140596
2.6828993035	2.3167725630	185.5278043866
2.2857956499	3.0905672968	185.0342961311
1.9290091731	3.6140457559	184.2605560501
1.5737856069	2.6793135177	184.2509716361
2.5136238352	2.3385288546	184.2748445884
2.2154622619	1.5292839606	184.7810287226
2.3940096205	1.2826987335	185.7335603843
1.8644787798	0.5739202108	186.1996398781
1.0605281565	0.1437760229	185.7889826331
0.9200160606	0.5130415758	186.7076225529
