0.6087186174	4.1646908425	124.7697018648
-0.2206022159	3.9951066902	124.2372845747
-0.6159263525	3.0765670679	124.2353379993
-0.9083526652	2.1242380137	124.1484114545
-1.0448536922	1.7539309335	125.0672368655
-0.5803098102	0.9221628304	125.3711460698
-0.4308225601	0.9346042129	126.3598314465
0.5598640170	0.8050615450	126.4017695351
0.4751159043	1.1590003800	125.4703485463
0.0188645894	1.5349989972	124.6638376800
0.9730027336	1.8264084035	124.5952741354
1.8667204491	1.9840352377	125.0153008323
1.6293943744	1.0179793782	125.1173420529
0.8253937622	0.7253355547	124.5997103228
0.9966756463	0.1806650587	125.4206832620
1.5857357840	0.6042645950	126.1088486397
2.0717076193	0.4471738592	126.9685892262
1.9469455260	0.9819269343	127.8043365377
2.6307794687	1.6492341915	128.0994164645
2.7327752030	2.4337588490	127.4877646583
3.0932933220	2.5881538212	126.5678794055
2.6824820025	2.7036691896	125.6635065512
2.4287982258	3.0244406096	124.7509550527
1.4420087913	2.8810567778	124.6755382853
1.0912917816	2.5599083820	123.7958444255
0.1357625634	2.3385956712	123.9907408009
0.4267197898	3.1297775825	124.5286767410
0.8619385155	3.2816477470	125.4161000413
1.6324155688	2.7517627077	125.7704825402
1.0422892189	2.4916467743	126.5347407376
0.1495370051	2.8008305305	126.2070230396
0.6349208310	2.2785255356	125.5058810898
-0.2456401263	2.4858538305	125.0797034525
-0.2730968676	1.8482230718	125.8495561286
0.2904339337	1.7718079151	126.6721093244
0.0850158298	1.0218351021	127.3008733360
0.9429365425	0.5095761566	127.3404058981
0.8597493299	0.7855786741	128.2979561568
0.8303599852	1.5992197060	127.7173318914
1.3754702513	1.3895579532	126.9056073401
1.3422655616	1.6466654318	125.9397951466
2.3176676403	1.4376922797	126.0099450331
2.5353111014	1.4492750099	126.9859046450
2.0726246788	2.2661900456	126.6415631012
1.6507941472	2.9326892189	127.2562482683
1.7603422872	2.0205492328	127.6512164327
1.5309302951	1.5920107718	128.5251300013
0.8631750740	1.3925897577	129.2423009877
0.6412155607	2.1455333762	128.6227770723
1.4826056089	2.4860207493	129.0424568737
1.6403386151	3.4708386536	129.1149413142
1.1860994293	4.1598281686	128.5501756901
2.1742667825	4.1286307141	128.4000024540
2.1213170354	3.1504150940	128.1992774561
1.1234107121	3.0861255827	128.1922185232
0.5863081606	2.7285440922	127.4282444877
0.0161364682	2.8820938903	128.2352926280
-0.1340215615	2.0425377672	127.7131833653
-0.7240703171	1.8514332404	126.9287590376
-1.3125897539	1.5878763578	126.1644406209
-1.0013679043	2.5375487387	126.1288972780
-0.6611194618	3.4655153226	126.2809137788
-0.4500776749	2.9286100984	127.0977333087
-1.0635833399	2.5018421755	127.7621728763
-1.7151458955	1.8550436554	127.3657918594
-1.0020748707	1.3649998909	127.8671767640
-0.1669660722	1.1141026970	128.3567111272
-0.5038293323	1.9802886070	128.7258250843
0.0337146778	2.3034824965	129.5046653420
0.6086573574	3.0673700973	129.2115499236
0.0695650804	3.8114526803	128.8169353945
0.3182671795	3.8340510240	127.8486190306
1.2380357610	3.9078967099	127.4631679039
1.8301236330	4.7137029086	127.4735756869
2.3406154591	3.8644974300	127.3384899711
2.2538314702	3.3327800557	126.4960262193
1.2884042552	3.5626319980	126.3730694090
0.4077975255	3.5976299231	126.8456230386
0.2547668078	3.9670548575	125.9290496279
-0.3090341201	3.5168374448	125.2366387708
-0.3088795323	4.5140181521	125.1616013599
0.4241170086	4.9634384155	125.6722259755
1.2191696583	4.3598512607	125.6124444509
1.9632038190	3.7024506418	125.4931230614
2.8021061263	4.0483185419	125.9133828792
2.0244901636	4.4050205255	126.4311445129
1.0640438591	4.5909440304	126.6384494732
0.1321136738	4.6044832583	127.0008343775
-0.5607380015	4.5834201327	126.2800619441
-1.1575618547	4.1394823809	125.6116903702
-1.2836246738	3.7868812800	124.6844468049
-1.2404745771	2.8850600714	125.1143963100
-1.9249967203	2.2650233391	125.4977810853
-2.0381022177	2.3425875517	126.4883319116
-1.5022015450	3.0530631128	126.9444403921
-1.7289909246	3.3250964954	126.0092589038
-1.5208449560	4.0916486808	126.6167726920
-0.7359006782	3.9736018368	127.2249892845
-0.8324952384	3.5312606019	128.1166190972
-0.7280328646	3.0207541897	128.9701241151
