-2.2592150718	-3.6717039579	29.5456831464
-1.6667636243	-2.8740904067	29.6588816681
-1.7539386409	-3.3493862338	30.5343783233
-1.4543744139	-2.4055739288	30.6739476854
-1.9692432532	-2.0374887831	31.4481720740
-1.1911910577	-1.4541735420	31.2149809277
-0.9794535256	-1.5140672769	30.2394913286
-0.9840287535	-2.0007392025	29.3659184901
-1.9387256503	-1.8197040591	29.6020966265
-1.5984232779	-1.2573725188	28.8484537839
-1.3045864861	-1.8906075754	28.1324417010
-1.9451281490	-2.4205572175	28.6881932236
-2.5761493855	-3.1862399032	28.5635247674
-3.5474641851	-3.0511385241	28.7592163035
-3.6760257093	-2.2425805371	29.3334165440
-4.4352101288	-2.8631972360	29.5295642697
-4.5474599957	-2.1126535024	30.1807816461
-3.5960481283	-2.3538442735	30.3722038767
-3.2965412585	-2.6971200135	31.2624046413
-2.3736343108	-3.0609324138	31.3884336193
-2.8263695400	-3.3837035429	30.5572599849
-3.4722282035	-3.3038333302	29.7979923537
-2.7503034869	-2.6846756045	29.4890127195
-2.4954033479	-2.3960073909	30.4118868071
-2.9792888795	-1.6681589855	29.9259943384
-3.9210737559	-1.3350431381	29.8804413065
-4.8927662943	-1.0988427137	29.8756485553
-4.4779184828	-0.6673572494	29.0745732858
-4.6156205542	-1.2031581394	28.2415333434
-4.5976216962	-1.7930071211	29.0488463062
-3.9308840936	-2.0429706612	28.3467215324
-3.1148710448	-2.4840744091	27.9731573644
-2.3545992599	-1.8493646238	27.8348450310
-3.2317928721	-1.3706947217	27.7973418110
-3.0483180294	-0.4173352532	27.5576697310
-3.8477746646	-0.5027610114	28.1522885402
-3.5572066034	-1.1559313236	28.8515300901
-2.8060987203	-1.8161097291	28.8503381241
-2.6054673177	-0.9477101770	29.3038017479
-1.9406503569	-0.2692636566	28.9911858053
-2.1117141827	0.2077905644	28.1291205887
-1.1143398263	0.1370189658	28.1444755208
-0.7700626289	-0.7696188501	28.3883629582
-1.5485033537	-0.8480930102	27.7655693776
-2.4085959508	-0.8956129729	28.2734892312
-2.9711352278	-0.1781936293	28.6844138560
-3.3819158677	0.5201363867	28.0982445506
-3.9472674493	0.2955835598	28.8919407249
-3.5936366849	-0.3410688357	29.5772282629
-2.6858871201	0.0599840255	29.7003027532
-2.7156963970	-0.7238375009	30.3205730344
-2.0388012476	-1.4182711322	30.5646527109
-1.6842433367	-0.7920277414	29.8703128061
-0.8975158267	-0.4305417804	30.3707003809
-0.6995750223	-0.8237664467	29.4728174265
-0.9815211632	0.1048239637	29.2315163213
-0.7968807050	0.6794685973	30.0288189278
-1.1788159455	0.4409442669	30.9216972039
-1.7209452404	1.1739508973	30.5108479525
-2.0080020207	0.9208140438	31.4347094888
-2.3663434690	0.2946798705	30.7422158762
-1.7215502539	0.2349519248	29.9801960062
-1.8531515200	0.8076793090	29.1710826333
-1.6047369664	1.6677585326	29.6166765500
-2.3040551565	2.0867223026	30.1958340661
-2.5693104329	1.8382632338	29.2642184107
-2.9010888152	0.9138238254	29.0762426537
-2.6890319975	1.0896242877	30.0375574323
-3.6172208988	0.7620576141	29.8610200770
-3.4255052527	0.0622907620	30.5491853651
-4.3632905741	-0.2459134034	30.3892826340
-4.2996027131	0.6524696944	30.8238533026
-4.0255793670	-0.0843360432	31.4419378524
-4.4955041367	-0.8875049765	31.8081213794
-4.6642983546	-1.3269306955	30.9258439006
-3.7157490233	-1.0167087906	30.8624677544
-2.9473356163	-1.6317055126	31.0394419553
-2.9534414503	-1.9585303726	31.9845071539
-3.8659217468	-1.8073702614	31.6043357068
-3.4317110768	-0.9960794983	31.9958307793
-2.9196050337	-0.4476378645	31.3348019033
-2.2456819687	-1.0746776415	31.7255048859
-1.7558465493	-0.5158926664	31.0563108830
-0.9327399376	-0.4164377291	31.6154210880
-1.3354242247	0.4018014041	32.0257015846
-2.2637869923	0.0331494206	31.9783910485
-3.2273778266	0.0676385869	32.2435385572
-3.0891197457	0.6230685929	31.4235494040
-2.6864149842	1.0079146136	32.2540446872
-3.3925714344	1.5878015567	31.8477514420
-3.2829230874	2.5677591531	31.6814374345
-3.3164281841	2.4591948669	30.6879127975
-3.4367665561	1.8820013622	29.8802208176
-3.5126238247	1.3635795543	30.7319745989
-2.6350807896	1.6592410515	31.1094696326
-2.3934988320	2.0408897413	32.0016481099
-1.5622839232	1.5285892505	32.2175878756
-0.9474239965	1.3081091982	31.4603984561
-1.5978248753	1.9924605689	31.1307897514
-2.3145639413	2.6896955188	31.1429772904
