0.2409454355	-0.9973926687	-18.2877554289
1.0838097573	-1.4206062029	-18.6201257635
1.6371444895	-1.6045171988	-19.4325280159
2.4895269410	-2.1232874692	-19.4982666121
2.0332432768	-2.9570269506	-19.1873265938
1.9112268220	-2.1749050676	-18.5762641216
1.7852488651	-1.4745949185	-17.8736296153
1.7751010778	-0.7140937122	-17.2243723953
0.9021584920	-1.1937137976	-17.3134555906
1.6220496024	-1.6743278156	-16.8126892232
2.1815935404	-1.8535879916	-16.0035066908
2.4423610042	-2.7098950658	-16.4493076827
2.6480001454	-3.3498681473	-17.1896771841
2.3163718800	-3.0294050617	-18.0769911671
1.3468179447	-3.0688864419	-18.3186653013
1.0055250857	-2.4412890101	-19.0184085742
0.1617536274	-2.0883573614	-18.6140708720
-0.0069815124	-1.8531040066	-17.6568956991
0.9347563432	-2.1473519970	-17.8198310592
0.6802794472	-2.1539898709	-16.8527749864
1.3510183947	-2.5948830085	-16.2563502169
1.6303494599	-2.7523935778	-17.2035379367
2.4251279956	-2.1908232538	-17.4336810457
2.8274827065	-1.3304485755	-17.7465166245
2.3052525385	-0.5817106785	-18.1547655843
2.5205996667	-1.2800785982	-18.8373400221
3.2148052257	-1.0165802585	-19.5071513886
2.8969533294	-0.1959813753	-19.0321907115
2.7907507179	0.7836581821	-19.2025648379
2.0170204592	0.2973722108	-19.6086035564
1.9153973272	0.4259104109	-18.6221195625
2.1542048442	1.1992623970	-18.0348396673
1.7337900709	1.9332611695	-17.5014568589
1.2188041491	1.0834519092	-17.3891460337
0.9173500235	0.5785287090	-18.1979587264
1.0039510255	0.1940146199	-19.1170067022
1.6396558855	-0.5703449991	-19.0091470530
1.1997949445	-0.5064330431	-18.1133582305
1.0023837819	-0.0214780388	-17.2613914022
1.0685816828	0.3501277490	-16.3353638775
0.8968148985	0.5355082496	-15.3678256396
0.9495895841	-0.4625689402	-15.4003334191
0.8223292216	-0.6913522077	-16.3654567359
1.1247800041	-1.5009702026	-15.8624237087
1.8214738843	-0.8077256886	-16.0468950640
1.9452912826	0.0324556378	-15.5189134443
1.8820452146	1.0177850886	-15.6774246688
1.2057761322	1.4680917964	-16.2604203781
2.0302112755	1.1582380188	-16.7340207698
2.8542631563	0.7280301348	-17.1026122431
3.2893271112	1.3114557416	-17.7884211936
2.7662164491	1.8269615586	-17.1097393920
2.0615237456	2.1962052332	-16.5038785975
2.8372676573	1.7811545650	-16.0285320647
2.8826650694	0.7822425182	-16.0178644642
2.8785422773	0.3204276779	-15.1308976915
3.0298257541	1.3072647017	-15.0737487804
3.8020535062	0.7780888854	-15.4253696760
4.4236382413	1.1974080831	-16.0870371359
3.5979502623	1.2953594152	-16.6425953217
4.2148621861	1.6716292030	-17.3338555657
4.5158641914	0.7402490297	-17.1290904185
3.7056536482	0.2785116562	-17.4901409325
3.7065503065	0.2626906802	-16.4902664941
3.7591022328	-0.2396569232	-15.6271991848
3.6964436464	-1.0456157289	-15.0385530218
4.3336361401	-1.6854585749	-15.4681887494
4.6941270987	-0.8107604001	-15.7921476537
4.7183138926	0.1831127813	-15.8999952232
4.5440278514	-0.3531016550	-16.7258877429
3.6702848424	-0.7577829736	-16.9957139550
3.8791989525	-1.5907724228	-17.5080453635
4.4833032453	-1.4368376257	-16.7261488986
5.1024666010	-1.4441438061	-17.5113771195
4.6323231030	-1.4417391406	-18.3939638342
4.3843928786	-0.6813564229	-17.7936732992
4.5127953301	0.2101620120	-18.2280782839
3.6549992211	0.5713143743	-18.5938033265
2.8166666173	0.3713614084	-18.0866374200
1.9746883776	0.3043862241	-17.5512992385
2.0508665554	0.1334999973	-16.5689577588
2.8779633847	-0.2744608151	-16.1823328625
2.7646481379	-1.0781164339	-15.5981263055
3.6199225103	-1.2110932679	-16.0989485390
3.2748810311	-2.0365812005	-15.6522763428
3.1811264255	-1.9352792802	-16.6427045305
2.5865338966	-1.1344170652	-16.7139747013
2.8019221075	-0.3301959956	-17.2679028463
3.3674496924	-0.5255181797	-18.0691692159
3.9795936365	-0.5008856302	-18.8595318094
4.2249540845	-1.3169966568	-19.3827536005
3.6039847799	-2.0997587110	-19.4237498118
3.9891368512	-2.3437510004	-18.5337354048
3.5616427903	-1.4398047429	-18.5223340255
2.9329872111	-2.2140069807	-18.4488285318
3.2147144814	-3.0179507926	-18.9725690138
3.5326487622	-3.3520051554	-18.0852553850
3.4533295032	-2.5472545189	-17.4969656026
4.1122731216	-2.4482494390	-16.7513173599
4.5836672163	-2.4319213278	-17.6330888724
