-4.4290716435	0.8780062810	-186.0806910068
-4.1080393682	-0.0689353184	-186.0652027691
-3.3381431335	-0.6188410798	-186.3890290210
-2.8170829408	-0.0114945057	-186.9887176189
-3.0988463676	0.4581118132	-186.1520102168
-3.7656218071	0.4895925218	-186.8966037156
-3.7382086140	1.2907947699	-187.4943691163
-3.5037193101	2.0285628674	-188.1273880739
-4.1419124501	1.3450999438	-188.4817719733
-4.7747729662	1.6702883577	-187.7791055783
-4.8082940050	0.9432924557	-187.0932824973
-4.3519571124	1.7637710602	-186.7489403709
-3.4699463078	1.4159062348	-186.4310614570
-3.1288113684	1.3312350865	-185.4948682346
-2.4197181075	1.4005470500	-186.1965680273
-1.9904375298	0.4999626400	-186.1282605902
-2.4573536671	0.4951739309	-185.2439719557
-1.7299765269	1.1774143657	-185.3179346834
-1.3872387013	1.3698946607	-186.2374356997
-1.6964255560	1.1542117848	-187.1636561842
-2.6851002168	1.0042070448	-187.1682380001
-2.8464264435	1.1751113526	-188.1402285176
-3.3067163484	0.3348140472	-187.8538133610
-3.7117649315	-0.4876208287	-187.4543931309
-3.2804020606	-1.3763776777	-187.6094329229
-2.5537021267	-1.0433231865	-187.0086152202
-2.2331473336	-0.5672588197	-186.1897090330
-2.0700104702	-0.6787221817	-185.2094221961
-1.4209374536	0.0807955243	-185.1665611027
-0.8602006143	0.5660488371	-185.8374585758
-0.9146603964	0.5600353965	-186.8359564330
-1.7496408853	0.0438191259	-187.0265563938
-2.2057827840	0.3197206812	-187.8726136614
-2.7190795059	-0.5374619635	-187.9146182890
-2.7565560411	-0.0477434877	-188.7856930984
-3.3654281496	0.7324233816	-188.9292702957
-4.2981151690	0.3833626613	-189.0201082686
-3.7824677894	-0.3215518451	-188.5330730353
-4.7387974362	-0.5350356213	-188.7327184309
-5.3410519807	-0.2881965581	-187.9735346979
-5.2629887901	0.5836286137	-188.4570913213
-4.4444087202	0.3347924806	-187.9393971567
-4.6741211876	-0.1317592853	-187.0852533561
-4.3956756717	-0.9756228227	-186.6266005191
-4.8183562036	-1.1143248848	-187.5222024988
-4.2049875473	-1.8610661387	-187.2649936515
-3.4810229869	-1.6709390456	-186.6018745040
-2.5900185550	-1.6097853806	-186.1520174917
-1.9282476142	-2.3042305606	-186.4345154808
-2.5452120669	-2.1014517182	-187.1949335271
-1.6048877490	-2.2652336411	-187.4932046435
-0.8751023822	-1.5835496783	-187.4410482136
-1.5720594410	-1.2752507840	-186.7935896049
-1.5661464165	-1.4197344247	-185.8041000831
-0.6566977020	-1.3183938456	-186.2073780550
-0.7946141242	-0.7866861572	-185.3717549374
-1.1553834011	-0.3702643098	-186.2062837709
-0.8389808918	-0.5452536539	-187.1386292978
-1.6050429232	-0.7471187560	-187.7488746948
-1.9500766244	-0.8124715252	-188.6851870148
-2.3566386452	-1.4996537554	-188.0831173297
-1.4524612477	-1.7494546204	-188.4296180682
-2.0750434878	-2.5317393017	-188.4090746578
-2.5537242635	-2.6672564551	-189.2765421305
-2.1650822854	-1.7467191083	-189.2369390249
-3.0597042686	-1.7948100251	-189.6811673120
-3.4196044061	-1.1083382882	-190.3130125820
-3.4780292647	-0.1700321321	-190.6538469896
-4.0902495536	0.4004981020	-190.1064151949
-3.7000167591	1.2658728545	-189.7920191012
-3.2380481015	1.0677240001	-190.6564969730
-2.9785023608	0.4292150272	-189.9319679535
-3.5033983595	-0.3277425013	-189.5427385988
-3.9654899927	-1.1613666234	-189.2401792729
-4.0822690578	-1.3175222311	-188.2593744625
-3.3683209585	-1.9482164722	-188.5635173332
-2.9544606477	-1.1048410016	-188.9062088254
-2.4846974443	-0.8662160045	-189.7561386128
-2.0820770138	0.0300887351	-189.5703037327
-2.2522577029	0.8261719832	-188.9895370022
-1.6973149778	1.1665689048	-188.2304793577
-1.2269534818	2.0217885294	-188.0128570777
-0.9484564282	1.9511278102	-187.0550228259
-1.8953679373	2.1742109893	-186.8235223093
-2.8594145717	2.0395222119	-187.0525922111
-2.2795408785	2.0143836498	-187.8669106701
-2.1606116039	1.9392299203	-188.8569650851
-3.1214456376	1.7834000836	-189.0861266472
-2.5556812193	1.4325038417	-189.8323052119
-1.9616304603	0.7871864910	-190.3125855598
-2.3202756480	-0.1031793626	-190.5929822005
-1.3288561000	-0.1372054337	-190.4667700522
-1.0293451679	0.3824103389	-189.6665871666
-1.3910802546	1.2711782502	-189.3850923588
-0.7419556739	0.9198286187	-188.7104141280
-0.6709127306	1.1633002795	-187.7431114604
-1.0572726100	0.2447607277	-187.8268439833
-1.4931528766	0.1207345321	-188.7182618966
-0.8623064421	-0.6315361678	-188.5282051420
-1.2350837950	-0.6809379364	-189.4548099717
