1.0278604707	-2.8751375253	75.2150097056
0.5951569795	-2.0835648280	74.7835234908
0.3905329685	-1.5442976554	75.6004200146
1.0829553316	-2.1012647457	76.0590472396
1.2749829345	-1.6564164276	76.9338245676
0.7817381999	-0.8954050890	76.5124323817
0.2224365299	-1.0156638752	77.3326271551
0.6575049614	-1.7603706369	77.8387173635
0.7142733629	-2.5432367831	77.2191223783
-0.0152790642	-2.7853105175	77.8587735044
0.1492210289	-3.7554366701	78.0370849381
-0.8260057910	-3.8934870583	78.2099280467
-1.7826340395	-3.6031020244	78.2331428305
-1.5247368079	-4.0138526661	77.3586298642
-0.8931542125	-3.2385854429	77.3666397200
-0.4336385028	-2.6010559493	76.7482535484
0.1967288698	-1.8349898543	76.6226362181
-0.2456660588	-1.0022883177	76.2896273920
-0.7758411670	-1.7745343608	75.9395553944
-1.4352004852	-2.3283447813	76.4480230016
-1.3751698519	-3.3239180973	76.3757036025
-0.4246620247	-3.5402220405	76.1526621836
0.5560618473	-3.4226677558	75.9965799073
0.1353649709	-2.5404124723	75.7852986896
-0.0646099727	-3.2726612194	75.1342827188
-0.1735373587	-4.2598607962	75.2507808737
-0.0540376338	-4.5705310150	76.1937569237
0.7915587845	-4.3586347135	76.6837228967
1.1705168948	-3.4660883874	76.9281647229
0.1751911298	-3.4674102196	77.0247301121
-0.5047913817	-4.1981004727	77.0856853254
-1.1922310040	-4.3775117191	76.3819535793
-2.0635297802	-4.7321403301	76.7211835764
-2.2967679556	-3.7603659211	76.6857653380
-1.9210527208	-2.9893317276	77.1999096122
-1.3160750589	-2.2729191516	77.5474078851
-1.0112054765	-2.8007009919	78.3401883508
-0.9528890325	-1.9512774883	78.8646680015
-1.8464248065	-1.7232642909	78.4778814940
-2.1855480834	-2.5975732701	78.1306363184
-1.7886541922	-2.6713900245	79.0455277469
-2.7351272053	-2.3491684530	79.0645565257
-2.7301825908	-3.3068183106	78.7766636617
-3.3392107926	-2.7055923836	78.2593513440
-2.9283640025	-1.8093598912	78.0921023244
-2.9018146753	-2.4168080634	77.2981868054
-3.5193493026	-2.3344349057	76.5159683916
-4.1285558781	-2.3147964829	75.7232000265
-3.7263630714	-2.1011009493	74.8329331198
-2.8584399635	-1.6050513720	74.8583160991
-3.2237098673	-1.5641270289	75.7883177634
-3.0206088337	-2.5005650153	75.5022515684
-2.4965865303	-2.6996789354	76.3303543834
-2.4625754136	-1.7436827523	76.6217553817
-1.9700694004	-1.4700174831	77.4479182878
-1.1348181081	-1.1262791315	77.8771026590
-0.3924057332	-1.7958474873	77.8995098566
-0.7557084418	-1.6182237126	76.9849274729
-1.5372085130	-1.2485164385	76.4823598951
-1.8924966292	-0.4268422859	76.9280301112
-0.8972512163	-0.5149795399	76.9694836106
-1.0944438333	-0.3965833456	75.9962943110
-1.8119000418	-0.1438724836	75.3471457847
-1.0110805910	-0.3052776042	74.7703992249
-0.4015726816	-0.9613473199	75.2154527459
0.4769272179	-0.9392973295	74.7382193391
-0.0622305262	-1.4811978309	74.0935079513
-1.0098137164	-1.3075354569	74.3617009369
-1.9388062991	-0.9586178270	74.4851078613
-1.4578495496	-1.1644048931	75.3373591673
-2.3290683304	-0.9839100285	75.7938670422
-2.1183514185	-1.9521500674	75.6592950907
-1.8797550571	-2.9153095610	75.5352162203
-0.8929227350	-2.7636655011	75.5914838598
-0.4678423030	-2.1165001382	74.9586461086
-1.4651700896	-2.1424137898	74.8903396765
-2.3537670051	-2.4990619420	74.6018997048
-1.9391090145	-1.9054095627	73.9122363062
-1.7417001713	-2.8745995430	73.7649253063
-0.9224343756	-2.3295777180	73.9431239769
-0.9783636955	-3.1015755998	74.5762836579
-1.8611533130	-3.5551035100	74.6987374287
-1.1512419954	-3.7388812437	75.3786283505
-1.1935703693	-4.7379769350	75.3826418937
-2.0160987380	-4.2372830117	75.6523689370
-2.7175126395	-3.5539161731	75.4498144929
-3.1995651659	-3.1702818790	74.6621279499
-3.7994962589	-3.3032506676	75.4510525248
-4.2055683862	-3.2002268988	76.3590676846
-3.2339138021	-3.4366253137	76.3572904503
-2.9960816353	-4.3784650935	76.1198590085
-3.9415365503	-4.2494368418	76.4189688779
-3.2700850057	-4.2086069796	77.1588916750
-2.4802479093	-4.3304399090	77.7599857595
-2.7941855862	-3.3866049199	77.6569389334
-3.7166573368	-3.1794767984	77.3311417411
-3.9678709559	-2.2301925842	77.5202216138
-3.4301311295	-1.4566419543	77.1848780557
-2.8999776345	-0.7671868025	76.6913308286
-2.7068019653	-0.6884467487	77.6693304016
