1.2338890344	-1.6298455762	-207.1063650191
0.8304390888	-0.7318757226	-206.9306428419
1.6405748009	-0.6777455362	-207.5143808405
1.8769527288	-0.3460282791	-208.4276656463
1.3013192348	0.4684545531	-208.5002176736
1.6536784876	1.2567868056	-207.9958614337
1.9179271058	1.5124273657	-208.9258187294
2.1414009919	1.0939549575	-209.8061256450
3.0365065425	0.9517745404	-210.2287020077
3.8514247115	0.7460814005	-209.6868545108
4.4305800889	0.5900000054	-208.8867184930
5.0704141982	0.6410586490	-209.6535335473
4.5464078329	-0.2105627305	-209.6409496243
5.2696256892	-0.8829639251	-209.4833661039
5.3234625319	-0.1129514742	-208.8476126769
4.5727528430	-0.7468589141	-208.6616118150
4.1399963203	-0.1334336757	-208.0009823660
3.4200915649	0.1106879892	-207.3512579968
2.8452770088	0.9259886459	-207.4210653402
2.8196638586	1.6150141565	-208.1453496851
3.0628138796	1.4741623410	-209.1050573663
3.9239289326	1.9379686053	-209.3132990879
3.4574508327	2.4468060803	-208.5897781094
3.9048492750	1.5977742638	-208.3087450002
3.5110567872	0.6787019735	-208.2934609653
3.6433966623	-0.0758143618	-208.9362605120
2.8799668314	0.4222990808	-209.3474270132
2.3989312732	0.6522292554	-208.5014146572
2.8481210354	-0.1725358335	-208.1579163229
2.5289233159	-1.1196214254	-208.1241273102
3.2631602344	-1.0729206743	-207.4468421506
3.5636020364	-0.9735872465	-208.3954556618
3.7568727078	-0.9996975841	-209.3762536522
3.9192519755	-1.8596910300	-208.8924724553
2.9421152392	-1.6583061838	-208.9606482738
3.2589582009	-1.9242288474	-208.0502111949
3.2104936036	-2.1567093738	-207.0788183868
4.0301918978	-1.6905118298	-206.7460203152
4.9343453518	-1.2650868923	-206.7070311606
5.1433212521	-0.2872053717	-206.7157949877
4.4491748118	0.3158530155	-207.1088360810
3.8389098689	1.0731759976	-207.3412981215
4.6348760872	0.9809765610	-207.9395765210
5.3215631950	0.2754506447	-207.7643794964
5.2017194804	-0.7172081309	-207.7480687834
4.3526143286	-1.2348373612	-207.6428052043
4.0604535783	-0.6299564906	-206.9020210061
4.3477308738	-0.8478572794	-205.9692879243
3.7870114964	-1.6322622702	-205.7041415682
3.6474235714	-0.8663553606	-205.0765255892
2.7870260369	-1.1868646597	-205.4727450636
3.0435851810	-1.2302528089	-206.4382992434
2.3807794336	-1.9644201004	-206.2910344162
2.3216869434	-1.5784376359	-207.2116459601
1.9003230729	-0.9926934017	-206.5192904295
1.5771861866	-1.4384506568	-205.6844952317
1.8857147545	-0.4930576424	-205.5794134964
0.9696169107	-0.2971711839	-205.9292609433
1.5982505471	-0.0037703072	-206.6494940145
2.4914626079	0.1420873752	-206.2241732521
2.5598507826	-0.3931258619	-207.0661173408
2.0317012705	0.3160581043	-207.5331464565
1.6696817087	1.0608757818	-206.9726212883
1.6602945038	0.9218992569	-205.9823701051
2.5495885417	1.2077570372	-206.3393595218
3.4199374113	1.6507505376	-206.5544167322
2.8084515573	2.1683807145	-205.9559653555
2.1174992372	1.6853198989	-205.4181576392
2.5896973512	0.8103553427	-205.3110783853
2.8356913950	-0.1396983299	-205.1190238369
3.3760295851	-0.3037605903	-205.9443227009
3.4611859984	0.5656432182	-206.4310314465
3.5843761941	1.1555397424	-205.6330049642
3.9048566292	0.3012966168	-205.2236628419
4.4617001404	0.2218737653	-206.0504743772
4.3968487084	1.1604157481	-206.3894924274
5.1906932515	1.1319660002	-206.9969473255
5.5137176312	1.5564529798	-207.8427995906
5.5496584015	0.9063612782	-208.6018048875
4.8565912683	1.5855136572	-208.8434864858
4.6252434994	2.4201397159	-208.3436089489
4.4174935760	1.9945647426	-207.4628559123
3.4281678383	2.1401991389	-207.4678765986
2.4875533649	1.9180754003	-207.2111560168
2.0205027700	2.3160321279	-208.0007724963
1.3460731018	2.0700779351	-207.3046035818
1.7708715656	1.9857189601	-206.4032546879
0.8181281432	1.6821428582	-206.4142783640
0.7371582517	0.6965896109	-206.5630354594
0.6541690149	1.1162298403	-207.4669242050
0.9951811958	0.1771780160	-207.5104255123
0.8312443277	-0.5336272766	-208.1944434502
1.0309313780	-0.4017922554	-209.1653938140
1.8445271394	0.1348169284	-209.3892520750
2.4393175109	-0.0756811976	-210.1650838564
3.4226595810	-0.1908554307	-210.0244663992
2.8860504576	-1.0345201912	-210.0412121619
2.7287741592	-0.6244836211	-209.1428056965
1.8902405338	-1.1687450283	-209.1174900934
1.4993755017	-1.4617739985	-208.2449314711
