-1.6368298438	-3.5559687175	-98.0962008412
-1.2874929322	-2.7887533647	-97.5582934843
-0.8216439313	-3.6266570313	-97.2738604450
-0.0802587786	-4.1800867141	-97.6534176100
0.9006126442	-4.3219433760	-97.5201211758
1.1668650102	-4.0781642207	-96.5875540731
2.1183530381	-4.2347561393	-96.3226965572
1.9510229293	-4.0825745184	-97.2967814554
1.8607444478	-3.2677466207	-97.8694116091
0.9324188902	-3.3085284297	-97.4998869099
0.9123766873	-2.4980872797	-98.0853640251
0.2186814165	-2.7018664935	-98.7762047471
0.4457593150	-3.5939801158	-98.3856040393
-0.5356973156	-3.4022959014	-98.3858139675
-0.7269840744	-2.4207676610	-98.3823950082
-0.0019713197	-1.8107451808	-98.0626621835
0.2850647157	-1.1309612391	-97.3877517398
-0.5614208907	-0.8447722908	-97.8367038577
-1.3600526214	-0.6323587629	-97.2736160742
-1.3359704446	-1.5281720907	-97.7173936430
-0.6033146734	-1.8960815759	-97.1448046703
-0.8594849352	-1.9318708672	-96.1788357662
-1.5235946626	-1.2011626524	-96.3370248138
-1.6748928523	-2.0497302759	-96.8440177587
-1.9358242147	-2.1231456242	-95.8814560668
-2.1834174758	-3.0783507447	-95.7193426659
-2.5837959090	-3.7073472091	-96.3857213556
-1.9076221210	-3.8442244933	-97.1096368324
-2.2630873621	-2.9168135657	-96.9932176171
-1.4254560025	-3.0939741347	-96.4765089583
-1.5461859136	-4.0134349085	-96.1023216070
-0.9866928635	-4.6410781074	-95.5609977281
-1.4227636848	-5.2420912249	-96.2307928247
-1.7469019484	-4.8827139160	-97.1058827263
-1.0582444432	-4.5471783876	-97.7486632096
-0.6861047424	-5.2782845703	-97.1768277502
0.2649562369	-5.0305819990	-96.9920942939
1.2540946843	-5.1213633121	-96.8764920230
0.7663504851	-5.5607326065	-96.1221312213
1.3488191053	-4.8073509160	-95.8169323766
0.3862377101	-4.5829486686	-95.9688556762
-0.3321337357	-5.2574315359	-96.1391945374
-0.5692984162	-4.3857059885	-96.5679689354
0.1693587087	-3.7322439127	-96.7334167136
0.8582762552	-3.0525687526	-96.4815550634
1.8356718396	-3.2508785012	-96.5548429553
1.5525974012	-2.5038781207	-97.1563903714
2.1872747847	-1.7329961699	-97.1023012151
1.3008316226	-1.5281705424	-97.5173493842
1.5345240292	-0.8888713650	-96.7847619008
0.6201283390	-0.6982394132	-96.4276344994
1.2454975674	-0.9361742387	-95.6844653753
0.2893971893	-0.9871153246	-95.3958877031
-0.6863187825	-0.9272744482	-95.6065946366
-1.0267053470	-0.2251759616	-96.2320502319
-0.5332165839	-0.9684951496	-96.6836534044
0.1170836788	-1.5937968719	-96.2522518230
0.1919567514	-2.5179524522	-95.8776447134
0.8239687902	-1.8956969616	-95.4157368359
1.5275191124	-2.5105433318	-95.7720806097
1.1730722646	-1.8584105837	-96.4422226177
0.4938886869	-2.1716579784	-97.1059889452
-0.0425091408	-2.8333337176	-97.6298807151
-0.4276800188	-2.8191699863	-96.7071441419
-0.5855829488	-3.4873127270	-95.9800595920
0.3691240242	-3.5986534059	-95.7041287151
-0.2587874894	-4.0868703040	-95.0980170163
-0.0998506425	-5.0741106642	-95.0882420601
0.0178149420	-4.6072404396	-94.2117792808
-0.9581850509	-4.5724089591	-94.4267462128
-0.7623387379	-3.6146362079	-94.2162335556
-1.2294749158	-3.5948902903	-95.1001984248
-1.0909662646	-2.6908572783	-95.5045988042
-1.1251067635	-2.5912067425	-94.5101621813
-0.5180058765	-2.0398719585	-93.9379223112
-0.9326231092	-1.1515273167	-93.7405993585
-1.0379186618	-0.6029088906	-94.5700152187
-1.1794141166	-1.5650495220	-94.8029625124
-0.3235840998	-1.9718990605	-95.1223814151
-0.1579938336	-2.9454039921	-94.9646854677
0.8346393595	-2.9059371302	-95.0792355039
1.7649102237	-3.1730904058	-94.8277891946
1.4259523636	-3.6475295689	-95.6402022973
2.0881967839	-4.2535329847	-95.1995298703
1.5690660992	-4.1007911835	-94.3585939188
0.8379797282	-4.3228279262	-95.0037391761
0.4643205229	-3.6320895048	-94.3846598343
-0.0061531865	-2.9747847199	-93.7959282244
0.3799094051	-2.2415317031	-93.2361999968
0.3243113947	-1.3014737430	-93.5726519145
-0.1227811008	-1.1627805271	-94.4563218146
0.8701053131	-1.2640514937	-94.5189377917
0.4695830152	-2.1713007261	-94.3905605382
1.0955046996	-2.8391936158	-93.9878930167
1.3378082670	-1.9014207930	-93.7391539686
1.5700139631	-2.1027116548	-94.6907644476
2.3939032662	-2.2443792558	-95.2395236909
2.0630385677	-1.6277800215	-95.9539002972
2.5249106519	-2.4542283232	-96.2758589628
2.4555187980	-3.2511584507	-95.6757863485
