2.9982284691	-3.2066010913	-245.2784767246
3.0580433392	-3.1439277876	-246.2747167752
3.7477973739	-2.4616986997	-246.0322237993
3.1471255887	-2.0538766234	-246.7198825522
4.1205673673	-1.9861579255	-246.9385724733
4.5316739424	-1.6357812113	-246.0970099135
4.6914349066	-1.0622562159	-246.9004683841
3.9496692879	-1.0574223611	-247.5711101669
3.1277723301	-0.8013596237	-248.0799493018
2.7048583402	-1.2568285495	-247.2965644571
1.8502697618	-1.7264687840	-247.0749422294
1.2715863081	-1.3942956665	-246.3301023268
1.2367680789	-2.3586486300	-246.0677837177
2.1950744757	-2.4685247565	-246.3315565113
2.8317415494	-2.1012993963	-245.6534705491
3.5274893765	-2.3430365097	-244.9770844692
4.4889493815	-2.2934945680	-245.2475290194
4.9303619029	-1.8838777652	-244.4491750498
5.3697139227	-1.6621435995	-245.3196942986
5.3644238189	-0.7222264830	-245.6610560259
5.6957569795	-0.0701576807	-244.9791288936
5.2582995817	-0.8725890673	-244.5732534266
4.4525332190	-1.1278148400	-245.1076693448
4.2732006655	-0.6138721764	-245.9465392833
3.5653820094	-0.3853016083	-245.2781469992
3.5614600017	-1.3376150815	-245.5832431587
3.5783804942	-1.1217694588	-246.5595240426
3.2763173913	-0.3441939214	-247.1110076466
4.2217088916	-0.0914715096	-246.9051769058
4.4156701935	0.8789204300	-246.7612376931
3.4736729877	1.0719211029	-247.0358137383
3.0293624589	0.5212583906	-247.7424669285
2.5276225686	0.3529177384	-246.8939868125
2.3111774714	-0.2620702787	-247.6522356230
1.9884716920	-0.6377927162	-246.7835045772
2.4017696501	-1.3689830769	-246.2407841573
2.7985357132	-0.4604761465	-246.1096664673
2.6576109725	-0.9347213255	-245.2406257734
2.6578290189	-1.7674607944	-244.6869607759
2.8109653574	-0.9255100665	-244.1695941421
2.0843550290	-0.3478132086	-243.7977019925
1.5324262000	-1.1690705400	-243.6530957572
1.8413979583	-1.0587949649	-244.5977521763
1.7758182978	-1.6515764916	-245.4004410137
2.0301288813	-2.5515779117	-245.0464303203
2.6594775836	-2.7952425379	-244.3084955259
1.9619586883	-2.1609567406	-243.9751054870
1.1816919792	-1.9080913453	-244.5471570184
0.5898818283	-1.8791266352	-245.3527138388
0.5153239991	-0.9415897023	-245.6925161779
0.8698432311	-0.7158304639	-244.7851304383
1.1961405230	0.1030003969	-244.3128528730
1.9338969016	0.7006645397	-243.9989849099
2.7704865896	1.1471037757	-244.3164903470
2.9136524210	1.4910457336	-245.2445029947
2.0485844808	1.8081468537	-245.6332244098
1.9493756405	0.9790598077	-245.0829769417
1.0547435760	1.1364488560	-245.5011421684
1.0837805748	0.1391506920	-245.4336645808
1.8779315308	0.3216825280	-246.0133251607
1.7610802339	-0.6239595512	-245.7098340860
2.0512879312	-0.0633613441	-244.9342638812
2.9113650588	0.0961297200	-244.4496713357
3.3414981083	0.2411139028	-243.5586241167
4.1351911097	0.6508559153	-244.0082494082
5.0966341039	0.7751617827	-244.2535561961
5.2183771758	-0.1187985364	-243.8222632882
4.3602026873	-0.1255594644	-243.3089497028
4.5356817515	-1.0198541431	-243.7205856166
3.5887705954	-1.0782458263	-243.4044374334
2.6263913485	-1.2354923458	-243.1828528733
3.0417624859	-1.9948001571	-243.6837704972
4.0306567330	-2.0604353621	-243.8171128677
3.6707848307	-1.3969137655	-244.4730330647
3.8616183730	-0.4343733599	-244.2804232865
4.5680657301	-0.0127097475	-244.8488702318
4.4983051426	0.4235213940	-245.7459966731
5.4029734914	0.2594806637	-246.1392724256
5.4456539769	0.8567477896	-245.3383664658
4.8942578750	1.4382606617	-245.9365346013
4.3019541357	1.9785460921	-246.5342535438
4.1237829090	2.1703125035	-245.5691210879
3.7774824697	1.8250091856	-244.6968587281
4.4841611045	1.2011830514	-245.0306944084
3.6533316919	0.6466664495	-244.9834310461
2.8266947842	0.3909892818	-245.4847299676
3.5073711646	0.3120265784	-246.2130462152
3.7608650228	1.2353449646	-245.9245604763
3.2290274234	1.9881596997	-246.3123990284
2.6468495330	1.1769851359	-246.2570390167
2.4523137615	1.3866195966	-247.2152713614
1.9671331960	0.7669801975	-247.8322371903
1.5101994153	0.2342428852	-247.1199152994
1.0382523834	1.0733699486	-247.3903441637
1.5736754654	1.2117536282	-246.5571742647
0.7601297787	0.6499874528	-246.4069671414
0.9878805223	-0.3236932335	-246.4156573647
1.0772078258	-0.7913264363	-247.2950547837
1.3525123626	-0.2723447300	-248.1042923264
1.8381307310	-1.1430207979	-248.0262027299
