-1.3982312274	1.0682291626	-174.1188430811
-1.0269331185	0.2373716362	-174.5333469835
-1.9307151540	0.0952334955	-174.1296456319
-2.7018002038	-0.5223086397	-173.9745019654
-2.6248726626	-1.3256917389	-173.3840294856
-3.0190935104	-0.5323681691	-172.9201031588
-3.2385521524	-1.0374058309	-172.0853727445
-2.2733010191	-0.9679911779	-172.3373089576
-1.5537842816	-1.3212633149	-172.9352173635
-1.6261495687	-0.9160121698	-173.8465541698
-0.6699034727	-0.7697874359	-173.5931538319
-0.9512934875	-0.4745336486	-172.6801122881
-1.6968663320	-0.0966293821	-172.1311956287
-1.9243711609	-0.2252630419	-173.0964390873
-1.1149153451	0.2633629972	-173.4220552359
-0.7751518824	0.5603418487	-172.5296627487
-1.0263353722	1.3266329822	-173.1210211452
-0.9121729216	1.7976829083	-172.2463332569
-0.9166466638	1.5391132821	-171.2803509931
-1.0374851962	0.5677526067	-171.4849395739
-0.9788274492	-0.4253443907	-171.3833638752
-1.8826495771	-0.1850813441	-171.0292745790
-2.3844245230	-1.0149972921	-171.2731217092
-2.7214677686	-0.1799172318	-171.7079126285
-2.5474666862	0.3731494446	-172.5226769348
-2.9277655787	0.4597558820	-173.4434766293
-2.4781775187	0.9875562374	-174.1640995273
-2.0231255535	0.9438553588	-173.2747076327
-1.6922909740	1.0654234915	-172.3388819704
-2.1780049425	0.7309939976	-171.5312689106
-1.7135601032	0.8298667543	-170.6512034760
-0.7303562822	0.8037668423	-170.4705683717
-1.1495912058	-0.0458566341	-170.1505964554
-2.1275687913	0.1083136741	-170.0099146928
-2.7793228984	-0.5240653642	-170.4286190464
-3.4836302469	-0.8893991653	-171.0372916781
-3.8012358650	-0.0742255274	-170.5529172245
-4.5155705256	0.5765290738	-170.2955372686
-4.7179689995	0.0492958165	-171.1208008327
-5.0223760161	0.9927526726	-171.2520468951
-5.0950174168	1.9869023810	-171.3319817700
-4.7169771486	1.6843335849	-170.4570316690
-4.5406874726	2.6410615782	-170.6885343622
-3.7429607253	2.7242202687	-170.0912767387
-3.0037019377	2.2468380518	-169.6163002510
-2.1537320028	1.8666351957	-169.2516128534
-1.7223017593	1.0210464471	-169.5660132562
-1.2407173324	1.7040968005	-170.1151203992
-1.1020871889	2.4936288914	-170.7129671695
-1.6526542004	3.3276542498	-170.6772226941
-2.4304049699	3.0284732142	-171.2300286713
-2.7458152741	3.1975945506	-170.2962651501
-2.0971973810	2.4424500380	-170.2011252858
-2.4466363806	1.5063474473	-170.2411793144
-1.9299947228	1.8312637501	-171.0333351031
-1.5772660199	2.5238726911	-171.6625213371
-2.4853196564	2.1567025007	-171.8640768988
-3.4361764367	1.9064489536	-172.0464077670
-3.9936054102	1.8494159928	-171.2181444146
-3.8555181851	0.8647600601	-171.1114457154
-3.3218213842	0.7978203382	-171.9544681340
-2.9353577673	1.3771780992	-171.2368397778
-2.9002560135	0.4724325790	-170.8123360550
-3.1412559003	0.7128712167	-169.8720657129
-3.5370650906	1.5322175212	-170.2868026394
-3.0492104367	2.2855770580	-170.7277643668
-3.6397626614	2.9316818699	-171.2112895905
-4.2467496093	2.6390424019	-171.9501596650
-4.4554765320	1.7053933801	-172.2412482698
-3.7987498243	1.1939245594	-172.7954230408
-3.8214921012	0.1945980119	-172.7666265056
-4.3667524269	0.6379533774	-172.0552003344
-3.7767225478	-0.0829034648	-171.6915656897
-4.5921252571	-0.4699911045	-172.1220091597
-4.7439056003	-0.3100477978	-173.0973967063
-3.9922870106	-0.9478539956	-172.9292516809
-3.7855344437	-0.3271825020	-173.6855718994
-3.3596477322	0.2204176289	-174.4058181113
-2.5572190517	0.1050581074	-174.9913096940
-1.8850878700	0.8404175646	-175.0778321963
-2.7465841330	1.3349993066	-175.1927803990
-3.4260767247	1.4334384561	-174.4657318781
-3.0850850132	1.5835617870	-173.5377299178
-2.7049082071	1.4087542831	-172.6294854944
-1.8970953896	1.9935746062	-172.7031308720
-1.9910805634	1.9298627184	-173.6966637514
-1.7881978973	1.8608953060	-174.6734350244
-2.6997199915	2.2366443910	-174.5062821096
-3.3703142046	2.6080914933	-173.8641524875
-3.4209933766	3.2837196809	-173.1286538990
-3.2139830162	3.0670699617	-172.1746048385
-2.2324402552	3.1458709255	-172.3488581496
-2.1223614976	2.9721994173	-173.3274902942
-2.8460614685	2.4083179237	-172.9296259790
-3.8418385542	2.3166593130	-172.9347926713
-4.2009812211	1.7616831648	-173.6851379384
-3.9324555343	0.8000116373	-173.7406521590
-4.8150504273	0.3684778845	-173.9272128064
-4.7849450098	0.7947209659	-173.0231052357
-5.3665078813	0.3266125894	-172.3577788689
