-3.5261542800	-0.9699953018	119.4369935643
-3.3956779913	-1.7433230535	118.8165581313
-3.3834663101	-2.0897157662	119.7545682396
-2.8228621549	-2.8123536526	120.1589411694
-2.6829910364	-3.8011626393	120.2108339254
-3.0508822872	-3.5626058482	119.3120866389
-3.7268718404	-2.9068943717	118.9758120732
-3.7608530959	-3.4835579520	118.1595373710
-2.8499434304	-3.8861874553	118.2497208756
-2.0651307352	-4.0931820078	118.8338632287
-2.0006782409	-3.3206551429	119.4655657844
-1.7751107401	-3.2407961958	120.4365147281
-1.8666645969	-2.3645852400	119.9633633230
-1.0306994935	-2.2065569597	120.4889005801
-1.8724360561	-2.1030300345	121.0187701254
-1.7225722872	-1.3513977040	120.3764386763
-2.6465669289	-1.7274656834	120.4457695997
-3.2943489972	-0.9683602666	120.5100918990
-2.5041495958	-0.7333006508	119.9441132042
-1.6379406378	-0.7723406433	119.4459586899
-0.9170360826	-0.7189290809	118.7549855882
-0.1482694901	-1.2276148443	119.1425894070
0.5974156975	-1.4376494561	119.7749176943
0.0790948280	-2.0969153268	120.3196304516
0.4180350189	-3.0056643333	120.0761252356
-0.0532526641	-3.4323565667	119.3042303867
0.6507683483	-4.0461384848	118.9469823342
1.1784467885	-3.2634584762	119.2770845424
0.6080896048	-3.0614986384	118.4809030889
0.6769838517	-2.3297347445	119.1589703320
-0.2966244917	-2.3862317151	119.3800922125
-0.9333468084	-3.0472294969	119.7771647799
-1.0577836064	-3.6302028467	118.9742590839
-0.3463623388	-3.8555237865	118.3085938120
-0.4904413635	-2.8782767484	118.4642519671
0.1403745905	-2.1273246291	118.2689518221
0.2862497396	-2.7194371433	117.4764095763
0.6369553032	-2.3637539642	116.6100983829
0.7122011610	-1.3740285197	116.4885187569
0.6739169494	-1.6763569960	117.4409534327
1.2110868409	-2.1559594747	118.1348049802
0.7775730414	-1.3510855077	118.5400748692
-0.0756404672	-1.0949609413	118.0857325807
-0.4981243509	-1.7960057682	117.5112384391
-0.1282012674	-1.0010386357	117.0304222886
-0.8424817940	-0.5862303447	117.5941043009
-1.7246056960	-0.6814417095	118.0553983693
-1.4679966177	-1.5315153331	117.5954781419
-1.4010385925	-2.1839897119	116.8406312649
-0.7745110035	-2.8844644763	117.1823889053
-1.2954853549	-2.4952131983	117.9420395933
-0.7866386168	-1.8483833304	118.5100942731
-1.7077226715	-1.4999244673	118.6838198757
-2.5475261847	-1.7689553269	118.2122772416
-2.6530383405	-0.9302459529	117.6780172197
-2.5726821301	-0.0213196383	118.0871575795
-1.8599184542	0.0760105898	118.7817760136
-1.1168522319	0.2720270916	118.1419087459
-1.7616735830	0.2644676988	117.3776128080
-2.0265625941	0.2000365153	116.4154888896
-2.7797496620	-0.0500532858	117.0239002077
-3.6484899726	-0.3589080633	117.4110681289
-3.4619949140	-0.6299129761	118.3554070143
-3.6351765320	-1.3774106377	117.7141150581
-3.1883384244	-2.1456916178	117.2557701649
-3.2617384042	-3.1372075511	117.1484920356
-4.1698402023	-2.7200176143	117.1845985564
-3.8897355701	-2.3407935342	118.0664888512
-2.9937581825	-2.7767605951	118.1510893396
-2.6647055891	-2.5746523253	119.0735190865
-2.4656447829	-1.6378935338	119.3613693285
-2.5855914211	-0.7652863619	118.8879038835
-2.7813633488	0.1075311120	119.3349642929
-1.9262884862	0.2276844140	119.8393551764
-0.9948247409	0.1218094921	119.4912664058
-1.1447022398	-0.3537940231	120.3580639783
-0.6092663311	-1.1732210536	120.1534968027
-1.1170572635	-1.7499745380	119.5135719734
-1.4325934334	-2.5370734743	118.9835604736
-2.0403869681	-3.0973989628	118.4208684031
-1.3332703508	-3.5481822254	117.8760927246
-2.2147175710	-3.4857795367	117.4079509700
-2.2164855641	-2.4882234473	117.4777988235
-2.3032079457	-1.6693550742	116.9104067050
-3.1006390254	-1.0929824588	116.7318058055
-2.8429153668	-0.4575706496	116.0039113430
-1.9915442242	-0.9820698866	116.0121410462
-1.1684202041	-0.5089426432	115.6981068775
-1.0390012477	-0.1736495741	116.6312892238
-1.8095927230	-0.6999148298	116.9907800566
-1.0581527849	-1.2368528679	116.6073278919
-0.3575635577	-1.9413321928	116.4938218770
-0.8548840421	-2.6799955070	116.0387956755
-1.6062947617	-3.1812814148	116.4678578727
-2.4689535332	-2.6756398966	116.4799615491
-3.4247191995	-2.4805485824	116.2598448293
-2.8005152380	-1.7613354677	115.9547187733
-1.8419873029	-2.0266999471	115.8507673869
-0.9930489665	-1.5753267891	115.5758747291
-0.2184961029	-1.0076556431	115.8548323093
