-5.2817125758	-0.1129787875	240.9834939112
-4.6553895014	0.4327747859	241.5401557866
-5.0232736023	1.1255849357	240.9199337420
-5.1104227012	1.9610834718	240.3773959731
-4.4285697987	2.3526739542	239.7595501077
-3.7504488920	2.5992301962	239.0671903345
-3.9377412384	1.9302509744	238.3478931930
-4.6756371635	1.6561624322	238.9646468511
-4.3263958394	0.7378155732	238.7784492570
-4.5869637083	-0.0231100526	239.3726685580
-3.6994501008	0.3894514460	239.5778821210
-2.9158913448	0.0263631566	239.0736970657
-3.2429950138	0.8696813541	238.6472963063
-3.6643462015	1.5075184012	239.2919877658
-3.2623731038	2.1562482325	239.9381821907
-3.6292205050	3.0785432807	240.0598161834
-2.8197477632	3.0908880995	239.4727885132
-2.2044800806	2.3137634258	239.6051626814
-2.8504546658	2.0371910535	238.8936680867
-2.5835687137	1.2591219157	239.4623334588
-2.4333098812	1.5633142361	240.4030190149
-2.4644940032	2.5443750458	240.5941923347
-2.7223490947	3.5072809540	240.5146752695
-3.2712945494	2.9137234023	241.1031889232
-2.5746851906	2.5108649431	241.6968558863
-2.9065834629	2.0832243428	242.5376692151
-3.2500354543	1.2691847539	243.0060496986
-4.0127907944	0.9412729390	242.4486646138
-3.1954691684	1.2187250708	241.9436837486
-3.2104138793	1.8148917308	241.1409621474
-4.0757276614	2.0340165276	240.6901668703
-4.3471586833	2.8063398509	241.2644854967
-3.7174862945	2.4165267385	241.9364664638
-4.3506922045	1.6878377233	241.6755783755
-3.9318961784	1.0141035406	241.0667334530
-3.3953807892	1.1486194773	240.2336327988
-4.3704481718	1.2149821305	240.0218791736
-4.4317793688	0.3034655274	240.4285436133
-3.4684239307	0.1568857138	240.6531781125
-2.8059644114	0.7973542134	241.0416977212
-2.2218634950	1.4902234001	241.4644960296
-1.4672767750	1.6469064999	240.8272760610
-1.6098515709	2.5468326828	241.2393504391
-0.8884273074	2.0196195249	241.6883418847
-1.6977137594	2.1044896988	242.2695926844
-0.8743152429	1.7670528249	242.7258286313
-0.3669525155	1.0790509447	242.2069486108
-0.5671757453	1.1048577431	241.2275382436
-0.8539274868	0.5953071247	240.4162851351
-1.7312604382	0.8410067447	240.0040733097
-2.6199439050	0.3846282226	240.0483490415
-2.4705317908	-0.1629983553	240.8716236927
-1.8372682907	-0.5363128256	241.5495718071
-1.0421921302	-0.8605441902	242.0621417254
-1.1520152855	0.0846188668	242.3697220731
-1.3429799923	0.8458095813	242.9894971751
-1.4213833408	1.0631208081	242.0165486946
-2.2614876920	1.2228320756	242.5349278899
-2.2656010273	0.4524406705	241.8973699212
-1.7570602252	0.6149764169	241.0518118903
-0.9572439707	0.1028480048	241.3648908718
-0.9429622914	-0.8178582442	240.9748959531
-1.1171879452	-1.6761580350	240.4922295146
-1.4555945773	-1.0485259414	239.7911168942
-1.5745321216	-0.2178818029	240.3350692594
-1.8243303646	-0.1066863008	239.3731771667
-2.2645054336	-0.9289889299	239.0125328892
-2.6242814012	-0.7017128431	239.9174676015
-2.1119145249	-1.1621509909	240.6423654537
-1.7498156952	-1.6043357792	241.4629488136
-2.7180844938	-1.4117944461	241.6222704025
-2.8513857560	-0.4336501612	241.7818465016
-3.5952497280	0.2339274384	241.7501204908
-3.1000845934	0.2576597810	242.6185951683
-2.3756592045	0.4467589911	243.2815049243
-2.1510659826	-0.2976999336	242.6527451975
-2.0541532623	-1.2679475510	242.4308725188
-2.6232746202	-2.0899452038	242.4513844391
-3.6012245406	-1.8826510475	242.4767435759
-3.1028287936	-1.0258378903	242.6089286469
-3.7620388262	-0.9948495745	241.8576085704
-4.1708630536	-0.5028889759	241.0889490096
-3.2892914157	-0.8794428515	240.8042761693
-3.8227269613	-0.5887932549	240.0099403897
-4.7900853427	-0.7577968611	240.1987671434
-4.4398338211	-1.6795305288	240.0322411173
-3.8639353293	-2.3904352390	240.4359184887
-4.0467205472	-1.6024316503	241.0238299687
-3.4362104029	-2.2524316465	241.4763533035
-2.9178113093	-1.8912521040	240.7012328497
-3.3756563240	-1.5372135008	239.8857363077
-3.3614539106	-0.9781430139	239.0567378263
-4.3478865094	-1.0994609756	239.1673392740
-3.9209481377	-2.0025289146	239.1205212826
-2.9300645139	-2.0290146117	238.9884298300
-2.9722652938	-2.5939235589	239.8125032342
-2.9184130281	-2.9485251507	240.7459686297
-2.3783208591	-2.5139892885	241.4667175690
-1.9610120451	-2.3189817155	240.5791222782
-2.2634965584	-1.8046122709	239.7766715360
