1.7253478630	5.1162916313	-90.2843986025
2.2449445654	4.8280656452	-91.0887275450
1.9797261390	3.9669232092	-91.5224243185
1.8185619091	3.0364660102	-91.8514767335
0.8572759139	2.7708968576	-91.7779766607
0.9895765814	3.7504133294	-91.9297792129
1.1309044958	3.4139487591	-90.9987485939
0.2474512261	3.3440701434	-90.5354697369
-0.6107583177	2.9257984859	-90.8330015833
0.1851193850	2.3951369593	-91.1245097762
-0.2269568219	2.3848521254	-92.0356011118
-0.0983235822	3.3150512423	-91.6918234330
0.2966720298	3.1445983274	-92.5945549935
1.2212748479	2.8218247276	-92.7968588044
2.1892096606	3.0576011099	-92.8835288458
2.7302611776	2.4266556776	-92.3274972662
2.8112934413	3.3510910174	-91.9548673227
3.7452971960	3.0456296066	-92.1401517332
3.4999476632	2.2134246765	-91.6429208402
3.3265505225	3.0188432367	-91.0761454221
2.9302197248	3.9369350512	-91.0707307300
3.3933245893	3.7121072096	-90.2134172948
3.3303850045	3.0639369156	-89.4545273959
2.4664098813	3.3838731872	-89.8433561096
1.9128142898	2.5933016543	-90.1051357354
2.2939654683	3.1309949050	-90.8572060428
2.4731069936	2.2827504881	-91.3555931646
1.5008211141	2.2281347558	-91.1282667684
1.6587906394	2.0250304128	-92.0945970716
0.7102662574	1.9269374629	-92.3957270599
0.7127867198	1.5342028327	-91.4760786720
0.7985815933	0.6886461147	-90.9491317331
1.0074676688	1.5434881069	-90.4741456536
0.8658715716	2.5191190471	-90.3065305773
1.2031035205	3.3991960934	-89.9722567296
1.8310674500	4.0478149190	-90.4023205881
2.6641327755	4.5211990120	-90.1161219439
1.9957041678	4.4661689101	-89.3743841976
1.0913555099	4.4419318067	-88.9482784974
0.3709822066	4.0698900318	-89.5336392593
0.7955961894	4.3237508857	-90.4026948573
1.2033869540	4.5992072102	-91.2732294664
0.2606189003	4.2660468553	-91.2871065957
-0.5672740608	4.0418039457	-90.7729973052
-0.5505020997	3.6468901424	-89.8544322345
-0.4881005112	3.1851161247	-88.9696323710
0.3159620835	2.9656246997	-89.5221781683
0.7282165485	3.4254298082	-88.7356506619
1.6782075202	3.5216026957	-89.0327498531
1.6516924232	3.6514084307	-88.0415649960
2.5756364755	3.5554442477	-88.4118598297
2.3267603673	2.7589009714	-88.9628403119
2.4730160747	1.9199017280	-89.4869486381
1.5408812581	1.5578225607	-89.4917818896
1.2712037409	2.4938526890	-89.2656809486
1.4134021454	2.6338203310	-88.2857887744
2.0623836418	1.9028061449	-88.4965997727
3.0274630697	1.6739057588	-88.6239823107
3.0548185593	2.5733250532	-88.1877523140
2.2440813635	2.7185419812	-87.6206392361
2.6079952104	1.7912140836	-87.5332911830
2.4820838386	0.9587531911	-88.0728791637
2.2638744528	0.9491169191	-89.0487335618
1.3711303088	0.5024741683	-89.1080475282
1.4598722262	0.8368398492	-88.1697914526
0.5477850152	0.9408875873	-87.7732173894
0.5172034166	1.9087282493	-87.5235191339
1.5034862171	1.7495648888	-87.5672599860
1.2616236313	2.6553766374	-87.2193985686
0.5086216642	3.0168664178	-87.7692287024
0.2355429284	2.4654350621	-88.5574872031
-0.2085890168	1.6205797534	-88.2592149741
-0.6147917076	2.0070476173	-89.0872499758
-0.3741521819	1.1870598331	-89.6065886442
-0.0765727241	1.1693367197	-90.5611211777
-0.6060202782	1.6603858400	-91.2528986339
-1.1550955334	1.8470086440	-90.4382279685
-0.9556939901	2.6437173590	-89.8677069364
-0.1263151137	2.1477579192	-90.1249129110
0.5060645175	1.8194399238	-89.4232696285
0.9507508431	1.6677598654	-88.5405198158
0.3658038975	0.9193031547	-88.8530092126
0.6402509904	0.7895688013	-89.8058196821
1.1797931702	-0.0061440093	-90.0810202621
1.7053230292	0.0414646498	-90.9304623042
1.2397150334	0.2299765058	-91.7951428663
2.2110707516	0.4594339251	-91.8569276659
1.8058070200	1.1914641888	-91.3093027935
2.2011869084	1.6828331406	-90.5332671648
1.7869748339	0.8291676763	-90.2175400160
2.6017274266	0.7186227763	-90.7867131336
2.9253395375	1.0519301634	-89.9011729667
3.4846971744	1.8520801609	-89.6846573421
2.9707621853	2.4679908188	-90.2817543932
3.2134921137	1.6319737828	-90.7738496050
2.9120875415	1.2996819271	-91.6675707060
2.4014243948	1.4307972544	-92.5172953211
2.4309159667	2.0737012243	-93.2826741376
1.5060012655	1.7130199757	-93.1624999627
1.3693902928	1.0444413951	-92.4315142421
