-3.9418139972	1.1975855361	194.7675732035
-3.6562531664	1.9417547541	194.1636964057
-3.2721694819	2.8441469307	193.9683298709
-2.3455897704	2.7718853661	194.3374210580
-1.5364666401	2.2192482298	194.5372008258
-0.7432870953	2.3652358595	193.9459700572
-0.5144129102	1.8465024203	193.1222393812
-0.4269919542	0.8971216577	193.4239573687
-1.2101355941	1.0902375479	192.8328632204
-1.3641100176	1.4230386651	193.7632047132
-1.7115455291	2.3031859714	193.4397402103
-2.1551264497	2.2988894438	192.5435161832
-1.6112046916	2.8694768863	191.9282283713
-1.1464930048	2.0245363658	192.1930274745
-1.0160163195	2.7772889521	192.8382711327
-1.6685866115	3.5336764826	192.7932165252
-2.4295858044	3.1484843058	193.3152387616
-3.1489877661	2.6019466168	192.8865694578
-4.0863389703	2.4344476362	193.1920474626
-4.4693078984	1.5880274294	192.8220371469
-4.9274360020	0.9246885951	192.2303444635
-4.1687141866	0.5076121956	192.7307327966
-4.5560188016	-0.0011522923	193.4995980845
-5.1200292305	0.8131506666	193.3624743183
-4.8033024466	1.6408193005	193.8257763547
-4.1047454960	0.9326987243	193.7229005249
-3.4921807349	1.5260811861	193.2007303730
-2.7287573267	1.9834515135	193.6567973455
-2.5154518711	1.6850119556	194.5870847274
-1.8650802935	0.9254018614	194.5840325515
-1.0655004195	0.4400459111	194.2303354685
-0.9031217987	-0.4703000514	194.6109972766
-1.8192120165	-0.1427805244	194.8423188543
-2.5726274527	-0.0779257829	194.1879802242
-2.6360573637	-1.0635007867	194.0310772024
-1.9587881627	-1.3443616013	193.3510598261
-1.6798975310	-0.4820979761	193.7738144313
-1.9131194997	0.4739987457	193.5963698713
-2.2239735977	1.2768318995	193.0876178129
-2.0140044118	0.5042719037	192.4883983257
-1.9764913569	1.3910703504	192.0277669268
-2.9065035442	1.6049875550	192.3266260256
-3.8091926096	1.2667939010	192.0605856082
-3.7534232723	0.9559456709	191.1117636233
-4.0514417312	0.1756913684	191.6616619971
-3.1799107061	-0.2008727781	191.3476029010
-3.0139272577	0.5847333793	191.9436502652
-3.0745023937	0.5984732872	192.9417193349
-2.9110042585	0.9037876661	193.8798299306
-2.8608676307	0.7365233367	194.8644663928
-3.5957202618	0.2229973732	194.4214283635
-3.4960511066	-0.2135230814	193.5272718044
-4.0705996012	-0.9479899408	193.1660897731
-4.3258805654	-0.7424660891	192.2213191260
-3.4724209221	-0.2847738662	192.4705669272
-3.2240008221	-1.1023261117	191.9510519806
-2.3717787480	-1.4886401228	192.3038678267
-2.9950767106	-1.1632809772	193.0149522634
-2.4983455830	-0.2985477941	193.0890785672
-2.4558655790	-0.3637228444	192.0921093289
-1.6312362688	-0.5909466403	192.6101400687
-1.0494159858	0.0511964889	193.1092766833
-1.0328143480	0.2108990833	192.1222511178
-0.7038948176	-0.7327432591	192.0854941855
-1.4518024186	-1.3336485408	191.8034532971
-2.3046293499	-1.1302130579	191.3225164721
-2.4720476886	-1.3428589883	190.3598364587
-3.3164611811	-1.3306053491	190.8953882322
-4.0843107824	-0.6925429596	190.9526889906
-3.8911556195	0.1626035496	190.4716323090
-3.1109738571	-0.4349430346	190.2865526035
-2.1938424321	-0.2888245566	190.6573886044
-1.5148466148	-0.3766995453	191.3862525605
-2.0596710106	0.4597376305	191.4457439764
-1.9820791771	1.1700731053	190.7461705201
-2.8083135622	0.6078252556	190.7113266353
-2.8551157761	1.4152835146	191.2993918636
-3.6410709831	2.0127715062	191.1403871074
-3.8276476762	2.2891091094	192.0831631501
-3.5345451188	3.2028676431	191.8018515204
-2.6030793913	3.2494659306	192.1626841660
-2.7408999292	2.4141592892	191.6304545970
-1.8657184407	2.1070036753	191.2566728544
-0.9846993256	1.9043852791	190.8291788728
-0.4301777457	1.0910063114	190.6533366928
-1.2046260181	0.4727470065	190.7874459958
-1.0922069935	1.0935730723	191.5632919592
-0.3416533085	1.1017702020	192.2240505937
-0.1515421004	1.7570565967	191.4929846121
-0.5186311483	2.6787309140	191.6185317494
-1.2230691580	2.9546175352	190.9645794096
-2.2094975976	3.1188053856	190.9634465931
-3.1871950959	3.0033069161	190.7880393370
-2.7173619494	2.1583537864	190.5324791228
-3.3115678013	1.4154298256	190.2242853624
-3.1630196130	0.5726927823	189.7068612504
-2.1749407442	0.5372328964	189.8566702806
-2.3677760642	1.5057587678	189.6992784898
-1.3995944014	1.4125288951	189.9315121192
-1.7398095420	2.3286707188	190.1434975365
