-0.3883309202	2.3380600599	162.2135011787
-0.4819819123	1.3513848489	162.3465482369
-0.1378102562	1.0250815582	161.4661664825
0.3323816555	1.8756194102	161.2305716430
-0.6630085333	1.9434406662	161.1627583014
-0.2381482370	2.8449282167	161.2453048036
0.6430874356	3.3117225644	161.3196467582
0.2944685182	3.4346032131	160.3904722877
0.6761813599	3.5451292820	159.4728235016
0.5371510933	2.8928246906	158.7277266590
-0.2456921590	2.9342664598	159.3485640144
-0.7753186501	2.1339932866	159.6297376764
-0.0713078840	2.3581109835	160.3036368522
0.8526257575	2.5417143139	160.6392503846
0.9432485014	2.5226335362	159.6435478978
0.1964991606	2.0057292199	159.2250083539
-0.2011358933	1.1122003390	159.4335569164
-0.2261172022	1.2039050678	160.4290297572
0.6330862216	1.5938787592	160.0978349556
0.7201041709	0.6699076479	159.7254034023
1.6327430389	0.6909649467	160.1336274668
1.3459565871	-0.1452178270	160.6011228143
1.2101359854	-0.2600241357	159.6170637329
2.1746838329	0.0035496524	159.6037856232
1.6066195484	0.6379944167	159.0795883228
0.9830678240	1.3992094870	158.9014455044
1.4931496650	2.2484371666	158.7649579093
2.1296062976	1.4841225442	158.6612944499
2.4473094010	2.1550047923	159.3313554525
3.0796145959	2.1541441219	158.5566365359
2.3792972547	2.8633087648	158.4751434029
1.8978496073	3.1175642231	159.3139296240
2.8840172459	3.1945426603	159.4607210024
3.8113868386	3.0634200041	159.8111385926
3.6092384309	2.1280687353	159.5208731533
3.9631697075	2.2154033957	160.4520580483
3.5769744310	3.0350814562	160.8751196106
2.8078226648	3.3301244115	161.4420016222
2.5310165237	3.2421946916	160.4851073100
2.8940815179	2.3271164320	160.3095636152
3.2321974365	1.8931751471	161.1446519858
3.6294247872	0.9826847429	161.2596200500
3.9751695781	0.0824561553	161.5242878221
2.9771351725	0.0950424848	161.4628963769
3.3640325433	-0.8091857570	161.2821155394
2.6428743352	-1.0762461761	161.9213412987
1.9452289866	-0.6175627139	162.4717052229
2.7351810657	-0.9086815470	163.0113583873
3.4434665243	-0.4974368838	162.4375905457
2.6871830472	0.1013562957	162.7011849888
1.8493746193	0.2850810521	163.2153077874
1.1243416270	0.7302509976	163.7408083865
1.8463174101	1.3955203792	163.5506305260
1.3517807060	1.1418591057	162.7193126526
0.4002173390	0.9634391313	162.9696992961
0.8251904134	1.7639304779	163.3923238221
1.4815443959	2.2122164741	162.7854967336
2.3998885939	2.1933721631	163.1808305494
3.2569841593	1.6801064490	163.1367227423
3.7316378752	1.6587551243	162.2568091268
3.3746155302	0.7247908030	162.2411345771
2.6871435441	1.1523250202	161.6541109308
1.8376843130	1.6446386388	161.8439696038
1.1710499562	2.3776362554	161.7086435959
0.5432740340	2.7850950885	162.3718740919
0.5215553494	1.7859651851	162.3362688265
0.8839853956	1.0703969127	161.7391034314
0.7405412737	0.7730303760	160.7951770960
1.3230077319	1.5794501633	160.8972552607
2.2895798301	1.4714211599	160.6647297495
1.8804049173	0.7020472219	161.1552800877
1.9366876614	0.5005109544	162.1331427496
2.4433361038	1.1723088477	162.6735083170
2.7296869956	0.8062762631	163.5589592269
3.1911980150	-0.0791583799	163.6138506822
3.7410612793	0.6777568988	163.2606798293
4.4968667975	1.2167836135	162.8889161684
4.3814005655	0.3184958642	162.4649507585
4.5495828477	1.0735663927	161.8312448196
4.5703127893	1.4979921630	160.9260194139
4.2384229986	2.2657529086	161.4741002513
3.5256164243	2.7027623052	162.0226707344
2.7583001724	2.0805146259	162.1776984579
2.0822723456	2.8145785079	162.1133820958
2.3033457342	2.3663243108	161.2472442710
1.6917891171	3.1526929635	161.1599353586
1.4521937255	3.4088291290	160.2234588170
1.8296930737	2.4828220910	160.2257408432
1.6032152157	1.6496908786	159.7211616495
2.4722852141	1.1671280843	159.6123017053
3.2697742585	0.5753505382	159.4947833667
3.2508045370	-0.3755949708	159.8035596430
3.7572275415	0.1948169465	160.4502171917
4.2410320666	0.9598573408	160.0251920436
3.3336602487	1.2947882230	160.2791559942
2.7348254448	0.5173485806	160.4714694881
2.4559290389	-0.4335253323	160.6058406037
2.0085920566	-0.3511324777	161.4964028091
1.1030815206	0.0518339868	161.6293264629
1.0090831957	0.0527957736	162.6248983537
