-3.7158586132	-2.4512736892	117.0740189066
-3.6757173051	-2.7232972506	116.1125659137
-3.4321823434	-2.0918022982	115.3764240473
-3.1060953172	-2.0224964366	114.4336282322
-3.2529349242	-1.1662101894	113.9384393867
-2.7397464668	-0.3651654411	114.2466031720
-2.2804032444	-0.3996555003	115.1341921759
-1.3766322457	0.0248507970	115.1888948761
-1.0549332441	0.2573758581	114.2710485664
-2.0244272527	0.4627565393	114.4048399828
-2.0229040388	0.0717125931	113.4844692358
-1.1677814666	-0.4160144168	113.3087201234
-0.8451555162	-0.7325954776	112.4167061504
-1.5164730796	-1.3517153778	112.8241656923
-2.2884749126	-1.0830874769	113.4002318522
-2.8448286148	-0.4069181673	112.9172560526
-1.9245864728	-0.3361683960	112.5323549354
-2.4188090533	-1.1643994772	112.2682009708
-1.5772977318	-1.1223833150	111.7295978351
-1.0251294701	-1.8837438659	112.0693629340
-1.5173107623	-2.7460291968	112.1886172160
-1.9462298386	-3.0277097862	113.0469204675
-2.2287420084	-2.1259023012	112.7199187338
-3.0729903306	-2.0086604718	113.2428901708
-2.9096081806	-2.8521156075	113.7546417776
-2.2531235603	-3.5827809135	113.9421415216
-1.2856623262	-3.8037886367	113.8189573231
-1.4757472483	-2.8427485166	114.0196302158
-2.1381533968	-2.1289774156	113.7921463487
-1.3488100835	-1.5322931167	113.9367318985
-1.6430329909	-0.6225115299	114.2295293455
-2.3280127057	-1.3214748574	114.4350848297
-3.1086292281	-1.0823347496	115.0125359999
-3.0599948705	-1.0004328834	116.0079890543
-2.9359443574	-1.9310435702	116.3523365821
-2.6752044051	-2.7502396349	116.8631520917
-2.6838167066	-3.7181088982	116.6118456705
-3.6521583667	-3.5684863028	116.8116643590
-3.4234385999	-3.7560202614	115.8564061307
-3.3677009657	-3.1963696181	115.0295539833
-2.4689931947	-2.8364022177	114.7790588476
-2.6680112064	-2.8358650305	115.7590545325
-2.3220650656	-3.7539154924	115.5653934444
-1.7853995864	-4.2327644194	116.2601551795
-1.6340138398	-3.2600904901	116.4361886504
-1.9627403911	-3.4322365781	117.3647922143
-2.0986772692	-4.4207454654	117.2986760659
-2.9722068289	-4.0492266745	117.6131914016
-3.1832577789	-3.0832288810	117.7625425297
-2.8725539831	-2.1328277540	117.7767146509
-2.3410940461	-1.5613549759	117.1514393522
-1.7591479344	-2.3446708835	117.3699683249
-0.9469556826	-2.9234655147	117.4430471926
-0.9160087269	-3.8418745377	117.0486271722
-0.3120657399	-3.9719491528	116.2622853490
-1.0428512684	-3.7736322198	115.6091215828
-1.6136462053	-3.5380671839	114.8225452967
-1.6553824844	-2.8142262304	115.5112486850
-1.8704764954	-2.2388834601	116.3003717825
-1.0459171089	-1.8597022478	116.7202806136
-1.4135346694	-0.9350431183	116.8195923619
-1.9992858162	-1.2218509283	116.0615442934
-2.4043801933	-1.8473778639	115.3947500234
-1.6696431952	-2.1235052887	114.7751411235
-1.5752351395	-1.1867011147	115.1120165583
-1.0906413080	-1.8613085352	115.6688591273
-0.6512671327	-1.7594800800	114.7763450939
-0.3376331427	-2.0894150055	113.8859650260
0.5665841727	-1.9701946729	114.2960595991
0.3344995952	-1.0447511107	114.5955440928
-0.4230611338	-0.9744805829	113.9465727569
-0.6838326438	-0.7120973787	114.8756331822
-0.9252663192	-0.7198813389	115.8460192859
-0.2712181722	-1.0283283779	116.5367301122
-0.1033209350	-1.2976373718	115.5884246849
-0.0756224903	-2.0137020404	116.2859088685
-0.1418418717	-2.1606750655	117.2728303058
-0.2027935786	-2.9907192184	116.7184733867
-0.6655618688	-2.8122591661	115.8501430813
-0.8137894930	-2.8069976946	114.8612038070
0.0423219231	-2.9350902225	114.3605387017
-0.5449685329	-3.0859760342	113.5653510558
-1.0068367745	-3.5228049420	112.7934325156
-0.4876955585	-2.6941991872	112.5838975519
-1.1861936646	-2.2895869826	113.1741427211
-0.4991281678	-1.5855600392	112.9944567008
0.4014106264	-1.3893843999	113.3824579878
0.3674473187	-2.3491812390	113.1038246778
0.4528056998	-3.3185790924	113.3340023236
1.0892643645	-2.8132502261	113.9167227584
0.9426012150	-3.0204655884	114.8839619812
0.6324496661	-3.7936600125	114.3308106463
-0.1413501211	-4.0731178549	113.7623590621
-0.5559599363	-3.8268951766	114.6384144793
0.0558091244	-3.4688807861	115.3437968668
0.5345419235	-2.8455041128	115.9620334155
0.0948677606	-2.3249068226	115.2301419673
0.9032072191	-1.7453843589	115.3337809262
0.7855624724	-1.4058288053	116.2669806581
0.7955535151	-0.6851587367	115.5737744612
