0.8904030299	4.8431238536	240.9935625102
-0.0439621939	4.7536346096	240.6486664335
0.3709192616	3.9215917621	240.2804571482
0.2772134709	3.9730231659	241.2747277530
0.2118072010	4.7914714611	241.8455730980
1.0251192518	5.2338256288	242.2235232248
1.8599587158	5.2397064190	241.6730611592
2.0012758272	4.3981003345	241.1517851550
1.2719865538	3.7628660404	240.8975912383
0.7452467786	2.9220933924	240.7725050137
-0.1726725502	2.9127593323	240.3758477547
-0.6151704510	3.7031543866	240.7994882459
-0.2269736575	3.0637793592	241.4631921134
-1.0612992566	2.6069384258	241.1546517494
-0.7157121180	2.1506171107	241.9746153993
-1.3579811525	1.5462952926	242.4460871667
-1.7206881189	2.4249055837	242.1354626136
-1.0570411463	3.1726030098	242.1126316112
-0.5948402485	4.0321766471	241.8946786528
0.2753696899	3.8362174076	242.3467125448
0.8191450275	3.2442291903	241.7518526177
0.4968112649	2.2993740980	241.6939751610
-0.1588924380	1.9946853869	241.0031658940
0.4475103755	1.3068539185	241.4021188974
1.0055153871	1.8916860247	240.8133899151
1.0367024456	0.9272106810	240.5510643944
2.0121791331	0.7660215712	240.7009420218
2.5652306948	0.9400460876	241.5157115829
2.3983893426	1.8950609490	241.2705369967
2.7013801368	2.7560883703	241.6789832701
2.5193461471	3.4218183351	240.9553347085
1.8078204543	2.7303812001	240.8302512298
1.5348564560	2.3928186631	241.7311075942
1.0961231433	2.6866715157	242.5803211017
2.0932840516	2.7336186176	242.5214475706
1.8421794990	3.4360513137	241.8554634783
1.2254270962	4.2230797374	241.8697019490
1.2927012120	3.7628384532	242.7549432459
1.2815695054	3.9970613636	243.7270624327
0.5755251390	4.4672902144	244.2565774756
-0.2536599478	4.2489389403	243.7420147362
-0.3428190126	4.6034202435	242.8112120359
0.6309736298	4.6039390571	243.0386491048
1.6183286910	4.7619711662	243.0511325202
2.1777736411	4.3711895937	242.3201666453
2.7155411335	3.5721367926	242.5890918119
2.4340693692	4.0957116013	243.3932330094
2.1545101036	4.0437702991	244.3519554500
1.9274912401	3.0750070487	244.4517562536
1.5440859310	3.2208055502	245.3637557964
0.9535316537	3.4892560223	244.6027170395
0.8243305093	2.5176518130	244.8009399562
-0.1513868171	2.3745160734	244.6351453275
0.0050902126	3.2605631282	244.1987561023
0.4562415645	3.4557212023	243.3279083638
-0.4953392890	3.4753392831	243.0211364449
0.0392342560	2.8191304644	242.4885755458
0.1283788943	1.8232876151	242.5072905922
-0.3701440984	1.0861414940	242.0511213013
-0.8226890870	0.6493039502	242.8285375306
-0.5733502417	1.5480318316	243.1892567226
0.2364134917	0.9615923760	243.2085300457
0.6601855211	0.7466148901	242.3286425826
1.1315795829	0.3974392686	241.5187882600
1.5253529635	1.3165208833	241.5340037219
1.1541508463	1.6601500828	242.3966322407
2.1519572395	1.6517374542	242.3309692423
3.1226473539	1.8589043456	242.2091391108
2.8885395367	2.1462061910	243.1379292806
3.4022961581	2.0826066262	243.9935046597
2.9390719829	2.6510337898	244.6734413651
2.8423529846	3.0648525905	243.7682345183
1.9158790018	3.1745561921	243.4082191310
1.0967203388	2.7582080338	243.8027229915
1.6601697244	2.1478481793	243.2459594529
2.2627780274	2.0991471826	244.0425091664
1.3410420199	1.7597258811	244.2301149037
1.9197930648	0.9449858050	244.1948184970
2.2705863750	1.2847112000	243.3221612278
1.2826044493	1.1304999887	243.3116437776
0.6726743780	1.9203674402	243.3756337544
-0.1531612841	2.4642466588	243.5245997060
-1.0277250512	2.4899302787	243.0403698340
-1.0626658529	2.8712458742	243.9641542011
-1.0239396489	1.8879271958	244.1418749311
-1.3644323246	1.0566344260	243.7025378525
-0.7297429798	0.8077686678	244.4341356039
-0.4870229828	1.4638002570	245.1487750634
0.4950716056	1.5185705752	244.9685240392
0.0191721530	1.4935771222	244.0893795469
0.6989480549	0.7641292525	244.1656063697
1.0103951551	0.0985467327	243.4873729193
1.9911276378	0.1978731635	243.3191526546
1.7578607129	0.6460351741	242.4561709897
2.7493443433	0.7091436207	242.5700899719
3.3734113418	1.1722115933	243.1994614315
2.9820840116	1.0507393179	244.1116606460
2.6122961539	1.5602533365	244.8886113555
1.8571070386	2.1859606218	245.0840078585
1.5287859963	1.2454779553	245.1717440953
