-1.0276939113	-5.3460227071	-73.1194949775
-0.4892379364	-4.5165666876	-72.9709423780
-1.4788616811	-4.4309055555	-72.8555863446
-1.7680201368	-4.7431706109	-73.7605050828
-2.4946660685	-4.1488272735	-73.4159159256
-2.4440377746	-4.9648266129	-72.8400844797
-3.3167236938	-4.4870497303	-72.7393445322
-2.8924093336	-4.7447549906	-71.8712746487
-1.9224668069	-4.5053654797	-71.9149112944
-1.6643989593	-5.4297523760	-72.1958202689
-1.2210039389	-5.1707170325	-71.3377401172
-0.6003400761	-5.3318369123	-72.1050840777
-0.8331458092	-4.3685337654	-71.9714856578
-0.2199528072	-4.4666204435	-71.1876659427
0.2332291059	-4.6056965303	-72.0681680697
-0.0089954312	-3.6354778497	-72.0664402291
-0.2088781285	-2.7717844102	-72.5291286230
-0.0218717797	-3.5294490090	-73.1544069459
-0.7726679071	-2.9703867544	-73.5061946242
-1.0111902595	-3.9168966115	-73.7235104724
-1.6308803957	-3.3247052042	-74.2385769460
-1.8703898215	-2.3872693086	-74.4912608920
-1.6691380902	-2.3286211850	-73.5134786369
-2.1107212143	-1.4837162681	-73.8153727010
-2.5511072435	-1.0795499662	-74.6170645032
-2.5897089396	-1.9033794193	-75.1825863341
-2.9681660057	-2.1411156154	-74.2880184215
-3.5943629026	-2.6138291083	-73.6680027766
-3.3392882375	-3.5237900903	-73.3410350005
-2.5395136388	-3.0192828087	-73.6663548342
-1.7666055896	-3.4298838143	-73.1825987370
-0.9374418125	-3.5636032880	-72.6398220488
-1.6986063852	-3.4433480898	-72.0025095818
-1.8177222115	-3.0575104818	-71.0876649173
-1.8121322989	-2.3043726752	-71.7455039532
-1.2827830372	-2.5949149852	-72.5426077891
-2.2700871106	-2.7419713490	-72.6026502112
-2.6964599538	-2.9153395221	-71.7148722687
-3.0201452753	-2.8758443217	-70.7695321491
-2.6619992024	-2.0130500914	-71.1263479372
-2.8071447391	-1.9279660806	-72.1120930788
-2.8003876534	-1.0846255651	-72.6494301394
-2.9583478125	-0.8480718600	-73.6081224429
-3.6798225224	-1.5163077369	-73.7896026229
-3.6714061392	-1.7460997439	-72.8163992536
-2.7853824080	-2.0232624024	-73.1880749299
-1.9608866837	-1.7291563597	-72.7046409257
-1.0722358686	-1.5621629152	-72.2775426722
-0.6401124368	-1.9681709076	-73.0827922297
-1.2154699685	-1.2117063346	-73.3937987579
-0.5812323356	-0.9844619714	-74.1327863251
-1.3725724278	-1.4500097402	-74.5290767911
-0.7276235653	-2.0780040986	-74.0935724277
0.1259024149	-2.4299473838	-73.7093468101
0.7699061182	-2.7125136359	-72.9984209748
0.7386951424	-2.5745838711	-72.0084708473
0.1417355140	-2.4388944917	-71.2177575020
-0.0575637969	-3.3926983025	-70.9929507512
-0.7944252201	-3.1062866575	-71.6053261365
-0.8096429466	-2.1154354212	-71.4712282309
-0.0589337590	-1.7464242515	-72.0191939892
0.3760174445	-1.7234483634	-72.9193548410
-0.2739787608	-0.9716358673	-72.8085265789
-0.9981411630	-0.2878692584	-72.8982597373
-1.4459700465	0.2289394776	-72.1686310498
-0.9720287612	0.2056953777	-71.2883814432
-0.7955528769	-0.6240333270	-71.8179157094
-0.1376387351	-1.0430734736	-71.1921726810
-0.9915112602	-0.7548295949	-70.7587938891
-1.5506973734	-1.2786602894	-71.4013764086
-1.6303092081	-2.0130355558	-70.7273178623
-2.1945530990	-1.2266777099	-70.4757822389
-2.7280204959	-1.9464920256	-70.0316202331
-2.1806709728	-2.7803610093	-70.1028313097
-1.3539016403	-2.3574047662	-69.7319398334
-1.2564330326	-1.3835818248	-69.9372901423
-0.5301969545	-1.7829250893	-70.4968490008
-0.7916434027	-2.7465496788	-70.5522873021
-1.3002050680	-3.5450853581	-70.2302534508
-1.3177399520	-4.0325446933	-71.1032230519
-1.3865055888	-4.6568996954	-70.3251150141
-2.1322600948	-4.8705673970	-70.9561430087
-3.0418291809	-4.5638435939	-70.6757779141
-2.2842409146	-3.9652549625	-70.4154864062
-2.5106623163	-3.8723239573	-71.3850724917
-2.5872018828	-3.7896772386	-72.3787078446
-3.5177572507	-3.6116621072	-72.0587432835
-3.3711234564	-2.7858327775	-72.6032655038
-3.6625340078	-2.5427751493	-71.6780612669
-3.6289248577	-1.5476103133	-71.5857716460
-3.2320038639	-1.1837433003	-70.7431243167
-2.8443624695	-0.2730044813	-70.8855636118
-1.9185807597	-0.3309007538	-71.2591626583
-2.5677304318	-1.0282374246	-71.5630150414
-3.3962368051	-0.5744931880	-71.8911817020
-3.2903500584	-0.1529379527	-72.7917810471
-2.5166723550	-0.0874349562	-72.1615968131
-1.7944015219	-0.7656737046	-72.2969372865
-2.0357635228	-0.4694205644	-73.2210468370
-1.6990335999	-0.4918524400	-74.1623808744
