3.4161866299	1.8107443167	87.9215674643
2.9927821495	1.9887508115	87.0332869153
2.7681375467	2.0294883335	86.0596980612
3.7677566196	2.0531370257	86.0739265016
4.0665334705	1.7397663545	86.9753316357
4.7720812021	1.5584325976	86.2902619552
4.3840008313	1.4212634348	85.3789012985
4.6581803030	0.5635414450	85.8138019831
3.8141620456	0.9668784928	86.1672880606
3.1903702992	1.2697750085	85.4467760496
2.2200031712	1.1137975646	85.6313259723
1.4317443848	1.1858409857	86.2424379352
1.8617520522	1.9876375619	86.6574266777
2.4363641820	1.1695198229	86.6798825338
2.9090332262	0.4397087831	86.1859596442
3.5275387860	0.2349518521	85.4273256932
4.2340033877	-0.4085146006	85.7220436785
3.8033259281	-0.0422471344	86.5468861296
3.9589421562	0.0482827071	87.5305466083
4.9134289350	0.1968451651	87.7891663777
4.2479853376	0.2152617206	88.5353872894
4.1597136793	-0.7296624620	88.2202263726
4.8726838206	-0.8661786713	87.5324495904
4.8263342868	-0.2867370551	86.7187548478
5.4594208949	0.4843983871	86.6512902164
5.2752054947	1.1775958845	87.3480985946
4.4799365252	0.7288050238	86.9405031707
4.1817003544	1.0600026010	87.8356921739
4.0044472585	1.4089195027	88.7559303689
3.5447916387	0.7155285890	89.3108409491
2.6981616439	1.0497301873	88.8966828348
2.5342152459	0.5206019476	89.7292360670
2.2490759060	-0.4227297445	89.5594689454
2.9352595574	-0.1170306222	88.8993931594
3.2674052846	0.4965374635	88.1830040053
2.6231161863	1.1063332436	87.7214407221
3.3949499300	0.8793519969	87.1275112769
2.8238252199	0.0588635317	87.1523153888
3.0520291186	-0.5559726535	87.9072322358
3.3130256517	-1.1119425167	88.6963952868
3.5133823964	-1.8373558388	89.3549032116
3.2376804822	-0.9543813862	89.7348302712
3.8887174865	-0.2684190746	89.4098586941
4.3347008124	-1.1412498509	89.2117039339
5.0365794369	-0.5483399555	88.8169581265
5.0607952945	-1.4849177035	88.4673358814
4.7675639563	-2.1942702444	89.1082994959
3.9984525277	-2.7665645309	88.8237878793
4.0253795983	-1.8509719112	88.4225833333
3.3589925890	-1.5847914322	87.7261091368
3.8740961839	-0.9135487341	87.1930973858
4.0657650044	-1.2815765370	86.2832520146
3.5283642663	-1.6245430643	85.5128142118
2.9917839510	-2.4091570179	85.8233983534
3.1893737902	-2.0562663481	86.7379618725
4.1158027518	-1.9925800314	87.1090055792
4.5743149876	-2.5145794942	87.8282295294
3.5838910168	-2.6364606704	87.7633809593
3.0438896162	-2.2357598449	88.5035413039
2.0876000071	-2.5279054886	88.4908485363
2.4953518821	-2.4613739913	87.5801828631
2.2583805414	-2.6147236406	86.6208453475
1.3081890995	-2.3675124169	86.8106421723
0.9035867881	-1.4753062891	87.0113040647
1.5169287000	-1.1889888005	86.2752103242
1.7901958946	-2.0297326371	85.8077974002
2.5539040610	-1.4393236702	86.0688856773
2.8810886408	-1.0343277498	86.9226588059
2.0904403902	-1.6404329705	87.0093294777
1.9425423755	-0.7004277819	87.3167647109
1.1894317097	-0.9563667066	87.9228336773
1.4975927819	-1.9044679210	87.8444701602
2.3663763025	-1.4573964835	88.0574075312
2.4004630414	-1.4960858472	89.0560772601
1.4206662287	-1.3740532921	88.8976277055
1.1093889418	-0.4267459992	88.9732275955
0.8828097406	0.5145118319	88.7228367789
0.7077221027	1.0848195779	87.9202824854
1.1238488848	1.9941167097	87.9244330612
2.1037881828	2.0408363059	87.7306903153
1.6448619443	1.2206267474	87.3891599539
1.7079836933	1.1801711657	88.3863454886
1.9042840255	0.3426954873	88.8963461432
2.0736909664	-0.5198722065	88.4196090438
1.9911115403	0.2803414977	87.8256067997
1.0155163260	0.0677078364	87.7708262934
0.8598520135	0.5917842252	86.9335016488
1.8080998488	0.3061165195	86.7948654171
2.2619612346	-0.4256040136	86.2863431423
2.3889733232	0.0183012680	85.3993166318
1.9137620529	-0.8591324946	85.3338625189
1.0084839337	-0.5033239363	85.1017595312
1.3134768213	-0.0552350329	85.9421140238
0.9997911647	-0.4426054648	86.8090312386
0.4863571585	-0.8825299049	86.0722463254
0.8813286898	-1.5365333328	85.4270510017
1.5895291987	-1.7129357659	84.7434325257
2.5491259952	-1.7730070252	85.0183241989
2.9420253258	-0.8535610091	85.0025400473
3.2321864183	-0.6597653496	85.9396898661
