1.2388858185	-2.2618679811	-147.2263438831
1.6109774490	-1.4620649274	-147.6973671244
2.1464614676	-2.2905597031	-147.8612368053
2.2731344844	-3.0720963080	-148.4721005234
2.0913961670	-3.0884726081	-149.4553110811
1.5347470329	-3.2208967337	-150.2754364328
0.8072038924	-3.1642943158	-150.9591594359
1.4138833592	-2.3696103399	-150.9795898796
1.1369023292	-1.4837107412	-150.6074831609
0.5989787267	-0.7990256001	-150.1157063259
-0.0834032483	-1.1168204221	-150.7740081497
-0.2284773629	-0.9762854479	-151.7533974606
-0.2315467349	-1.9622534299	-151.9203037738
-0.1388385478	-2.8319695358	-151.4355367295
0.3542843935	-2.1346848409	-150.9153215633
0.7566954853	-2.5368439392	-150.0929266625
0.9837236331	-3.0407456936	-149.2595352527
0.4057070010	-3.2810398549	-148.4796920063
0.4233783752	-3.3822480795	-147.4849836984
0.0589222535	-4.2778892861	-147.2300355381
0.5591189307	-4.3581033341	-148.0922240271
1.2930643577	-4.7189054215	-148.6676768609
1.4200055261	-3.7870386395	-148.3278088859
1.5596545452	-3.2491245195	-147.4964566434
1.2323068183	-2.7050294645	-148.2689875728
1.7513596529	-2.1685505153	-148.9344005964
1.7316335944	-2.1365215668	-149.9336928605
0.9452513273	-1.6630610857	-149.5369081544
0.0253623885	-1.8079711864	-149.9013329104
0.2220320878	-2.2354530779	-149.0189609583
0.8548753260	-1.6850899481	-148.4743419529
0.6464805736	-0.7875656554	-148.0857267559
0.4404995443	-1.4586071167	-147.3734942287
0.3623705449	-2.3482535871	-147.8234109067
-0.4898748421	-2.7712168010	-148.1312743827
-1.4115144690	-3.1591922523	-148.1238280896
-0.8611217312	-3.3293971401	-147.3064553898
-0.4410953724	-3.8174749237	-148.0715422705
-0.9309967363	-3.7134487326	-148.9370913478
-0.9467450410	-3.3876640561	-149.8824041719
-0.0695014757	-3.2096429358	-149.4365878333
-0.1937876656	-2.8078013182	-150.3438233360
-0.3459541526	-3.7192379160	-150.7260911588
-0.5981732730	-4.6864641026	-150.6967821288
-1.4222713340	-4.2480531039	-150.3380925945
-1.2417190955	-4.6991860738	-149.4640903447
-0.3764789491	-4.2402137950	-149.6658425105
0.4602181202	-4.1080010420	-149.1343749178
0.6264853188	-3.7755560468	-150.0627258988
1.4594919988	-4.0909605163	-149.6081712907
0.8336110051	-4.8536843954	-149.7710370817
-0.0592207984	-5.2589186766	-149.5744752641
0.4453802880	-5.3995615797	-148.7226552612
-0.0878184452	-5.1804886337	-147.9055223741
-0.3996303803	-4.6525463041	-148.6954908632
-1.1454183229	-4.6648793971	-148.0294216179
-1.8692178708	-4.1021464235	-148.4287282856
-2.3578733865	-3.5812566652	-147.7288071138
-2.5963362330	-3.2451151369	-148.6399296872
-2.8874571495	-4.0907897047	-149.0872362235
-2.8407814565	-4.0257023865	-150.0840235732
-2.3356010450	-3.9986851804	-150.9466143351
-1.4227588006	-3.8669341725	-151.3330864669
-2.0135152905	-3.0766523499	-151.4957561031
-2.6942730594	-2.8523746158	-150.7984266558
-1.9239277029	-3.2606832261	-150.3086796694
-1.9120336175	-3.8100376277	-149.4731748686
-1.8521412575	-2.8315203017	-149.2759015861
-2.7393359243	-3.0737041633	-149.6686261719
-3.6190124179	-3.0412721856	-150.1430915906
-3.2543803544	-2.1318777974	-149.9429783602
-2.7801268624	-2.1960175564	-149.0649295480
-2.1245473004	-2.3088048922	-148.3182740352
-1.8183719969	-1.7847597966	-149.1130277212
-2.5662075980	-1.1208807098	-149.1155717146
-2.2519844577	-1.2114654665	-150.0605892911
-2.2034531136	-2.2102783487	-150.0647767903
-1.7791181960	-2.1136381445	-150.9651103666
-2.7014008024	-1.7276448629	-150.9450110980
-2.0287297395	-0.9992969953	-151.0754834128
-1.0790261108	-0.6874628022	-151.1041618649
-1.2316218543	-1.4809454622	-151.6933136342
-1.1656933409	-2.4707621825	-151.8194734196
-1.0621916203	-2.9275101748	-150.9359188569
-0.6951602848	-1.9978639620	-150.9035782048
-1.2546247398	-1.4407081122	-150.2899196005
-1.1609430491	-2.3938925966	-150.0024077233
-0.8343326029	-2.6255895529	-149.0860878354
-0.7775597161	-1.6367593018	-149.2238977547
-0.4974426252	-0.8602582200	-149.7883270996
0.1763640547	-1.0514100274	-149.0745725587
-0.2005152301	-1.5045583763	-148.2667244427
-0.7000008752	-0.9778925554	-147.5788747473
-0.5887730227	-1.9414534599	-147.3356079223
-1.4965728342	-2.3507736651	-147.4270216624
-1.1387620343	-1.9775811647	-148.2829999268
-1.6801398264	-1.1382970161	-148.2328780336
-0.8711921692	-0.7188634804	-148.6447993817
-1.5330626667	-0.8013609272	-149.3898642217
-1.6021669032	-0.2898660596	-150.2463673477
