0.6578050288	3.8530787983	-90.7620043394
0.4569389055	3.6232450207	-89.8097285205
-0.0123502719	4.4510042374	-90.1172709522
-0.5746253745	4.4492598404	-90.9442193581
-1.4135283905	3.9674907989	-90.6909599647
-1.0265486453	4.2302378980	-89.8070987546
-1.9574375117	3.9339011210	-89.5934859439
-2.8649206406	3.5414040971	-89.4437513220
-2.3387735385	3.1473104095	-90.1973157799
-1.3637556652	3.1582234017	-89.9754575966
-1.3878958965	2.8785285514	-90.9352430101
-1.7109574367	2.2010527865	-90.2744421102
-1.1495332639	1.8328736979	-91.0155541510
-1.8929057655	1.2090356090	-90.7742589732
-2.5354677494	1.4997906581	-90.0653333085
-2.7381570026	2.3360380608	-89.5558165293
-3.1943378584	2.7481632820	-88.7671139056
-3.0581105096	2.7147191317	-87.7770009836
-3.1588595824	2.2388164561	-86.9032926411
-2.9482917467	1.6645026183	-87.6943835349
-2.1795560343	2.1747301409	-87.3087499269
-2.0693881916	1.2071783781	-87.0813590018
-1.7613881525	1.4459245195	-88.0023021357
-2.4986987566	0.7732220819	-88.0643061959
-1.7327243899	0.6182237509	-88.6882122681
-0.8648624810	0.4843736527	-89.1666470685
-0.0711472940	0.9888006722	-89.5066023362
0.8503927315	1.3222159377	-89.7055954068
0.8293095157	1.9148296546	-88.9003845770
0.2617744526	1.1956747415	-88.4994853838
0.7765337222	1.7426489571	-87.8393019989
0.0191849392	1.2890661606	-87.3695302803
-0.2864606509	1.6664729397	-86.4953764630
-0.8919882618	2.3723377219	-86.1278288853
-1.7847561628	1.9518208737	-86.2894799149
-1.2010442025	1.9489351073	-87.1014355910
-0.9991246599	0.9695391615	-87.1049111537
-0.7375688747	0.7616945006	-88.0474551411
-0.9949457053	1.4523397557	-88.7233000188
-0.2475874735	1.9858018845	-89.1193730305
-0.3410413773	1.9866294076	-88.1237497669
-1.2692492080	2.3576226617	-88.0955677062
-2.2374679542	2.3215995100	-88.3430647608
-1.9963375997	2.9557773142	-89.0776902877
-1.1993888899	2.3784247471	-89.2552762310
-1.9477333294	1.7203782371	-89.1718772473
-2.8512960815	1.5427274826	-88.7819867980
-2.6017683424	0.7435595078	-89.3288564857
-1.7123051070	0.7740677690	-89.7848437649
-1.0086187554	1.4832780718	-89.8278119508
-0.7671477391	0.8143149812	-90.5307914182
-0.3233804151	1.1759653723	-91.3507179738
0.5483047413	1.6660263861	-91.3484395898
0.5757837625	0.8713791076	-90.7419904113
0.0345147496	1.6052669412	-90.3315802465
-0.6103696397	2.3690802310	-90.3048710193
-0.4009564879	3.0023230802	-89.5597873825
-0.4306056306	3.5304432215	-90.4084392810
-0.5502645198	3.4639892332	-91.3990278018
-1.0588254922	2.7919471927	-91.9372891075
-0.3014412675	2.3505259570	-91.4561275662
0.3484258378	2.7751929742	-90.8257858574
1.0675742849	2.1445652354	-90.5340082603
0.4559913140	2.4497545277	-89.8040591076
0.4536846886	2.9283664884	-88.9260356053
1.0531631454	3.7166102677	-88.7871207958
1.2124486288	3.4907805553	-87.8260645665
1.3592935191	2.6571696646	-88.3585394120
1.4340603385	2.7718041912	-89.3491295634
1.3261024771	3.2378588408	-90.2272742917
1.4048241303	4.1240008595	-89.7705958228
0.6256162014	4.5604538179	-89.3207693911
-0.2399688421	4.9843012677	-89.0540937984
-0.6019715418	4.4741814055	-88.2738811533
-0.0517468729	5.0638142998	-87.6826232877
0.6280572420	4.6064680648	-88.2559476171
0.6572551531	4.3138264788	-87.3001712917
0.3852701107	3.3697732217	-87.1136569906
0.3790392848	2.7589634173	-87.9054098306
0.0992494168	3.6952241797	-88.1178560932
-0.2150710839	3.8758266298	-89.0498353729
-1.1590846900	3.5559772503	-88.9689979680
-0.5029397384	2.9318238142	-88.5448443512
-0.8367931539	3.2554394350	-87.6595111784
-0.3475143310	2.5607538994	-87.1322368285
0.5715819581	2.2520366614	-86.8873783423
0.1150867054	2.7100509595	-86.1245972551
-0.4998167509	3.4329176345	-86.4398075178
0.0363436272	4.2762746256	-86.4040159741
-0.4171214738	4.1148469451	-87.2805492058
-1.1608730979	4.7788744393	-87.3573672280
-1.4848784642	3.8904189069	-87.0323021738
-1.4865330752	2.9210556595	-86.7866761229
-2.4520404020	3.1569212829	-86.8969621581
-1.9189234283	3.1533277061	-87.7429960691
-1.6190900610	4.0184677785	-88.1450316485
-1.4320642679	4.6315813382	-88.9125686936
-2.4075119121	4.4741936107	-88.7585200104
-2.6577004285	3.5911184566	-88.3615515249
-2.5208117046	4.1094782876	-87.5174161312
