2.1153366308	1.7336028766	-7.9286700313
1.7028841519	2.0814570314	-7.0867196530
2.3168386440	2.7810363489	-7.4522995487
2.4452210373	3.3091397305	-6.6128802379
1.7574276920	3.9255882237	-6.2295636984
1.0318588438	4.3822149302	-5.7147414986
0.9725004391	5.0191033087	-6.4834090296
1.6712385845	4.5978241439	-7.0615862251
2.2308060671	3.9056397283	-7.5173986506
1.2910903481	4.0171941862	-7.8406477346
1.5671811709	4.4010323669	-8.7218072597
0.5748723721	4.4453492061	-8.6062249709
-0.4154567783	4.5782197504	-8.5663051465
-0.6008867397	5.0930553704	-7.7293105146
0.0260322006	5.1838445247	-6.9555340793
0.7697205414	4.9561393622	-7.5840863927
0.0927026289	4.2298287966	-7.7029127725
-0.5455472797	4.2801548073	-6.9347302767
-1.3214038781	4.9088026298	-6.8813593675
-1.9494557358	4.1320264857	-6.9279392546
-1.2878442053	4.2079970017	-7.6739276348
-1.7725346966	4.2951950847	-8.5442560911
-1.0333501153	3.6222048179	-8.5705288091
-1.1366343376	3.0918241025	-9.4119732018
-1.7387374013	2.7686550549	-10.1420647492
-1.8373425556	2.1686199955	-9.3481913644
-0.9596119315	1.9840503310	-9.7903711813
-0.0282140159	2.1236946408	-10.1265220248
-0.6483166875	2.8744526735	-10.3541951527
-1.1967429120	3.7106431858	-10.3504397127
-1.1959467022	4.2033336410	-9.4802354370
-0.2425055568	3.9092202352	-9.4135474564
-0.0793467483	2.9229014165	-9.3900019444
-0.6177693480	2.5716147656	-8.6240392867
-0.1504337812	1.8370784652	-9.1160290136
0.7998792496	2.0123370485	-9.3733023555
0.9571157362	2.9627221771	-9.6417139697
0.8777271222	3.9504463989	-9.5071840114
1.0565048275	3.3981002759	-8.6929651878
1.9944545538	3.2446030911	-8.3820167592
1.6575028823	2.4461210572	-8.8809055371
1.1577715346	1.7301923915	-8.3933455657
1.2208520237	2.5809413662	-7.8715725941
0.4281641310	2.5414000025	-8.4799165635
0.0540405379	3.4683876483	-8.4529825419
-0.5476341910	3.4143350536	-7.6560723602
-1.2271119327	2.6815044892	-7.6204442469
-1.3286445211	1.9138358871	-8.2531970034
-1.7229238463	2.7928788585	-8.5212031006
-1.9916662543	3.4277268790	-7.7968099000
-2.1658477369	2.9732200786	-6.9232628895
-1.6832053799	2.6593114346	-6.1056335613
-1.8139069930	3.6393757975	-5.9559975598
-1.0849710848	4.3223918653	-6.0022738264
-1.0059376300	3.8984146319	-5.1000559932
-0.3830295290	4.6781303045	-5.1635301412
0.0033689208	4.4605811425	-6.0598384587
0.1056581826	3.6920732555	-5.4282273959
0.5378273812	3.3040048285	-4.6142048658
-0.3140319893	2.8564571391	-4.8863016841
-1.2928929577	2.8263053792	-5.0885937399
-0.7426444629	2.1643304876	-5.5975297250
0.0426215453	2.6674083370	-5.9584590448
-0.0956561585	3.3414438327	-6.6841004350
-0.7581661348	3.3104365167	-5.9356893998
-1.1935973592	3.4073575016	-6.8306787693
-0.7943062462	2.5060040382	-6.6629631138
-0.1534678675	2.4613707364	-7.4293403321
-0.1872090714	1.7037244753	-8.0811329942
0.6300832743	1.6851072482	-7.5052105858
1.3898279224	1.0843330521	-7.2564970258
0.7867170142	0.7347332312	-7.9734609004
0.5122159326	0.9881949944	-8.9010417814
-0.4559748284	0.8832073090	-8.6739201482
-0.9560123046	0.6450888780	-7.8412965026
-1.7828849345	1.1567193843	-7.6078101452
-2.3237755912	1.5236378945	-8.3646510164
-2.3040387358	2.3172201331	-7.7565081984
-2.6521925529	1.6434685193	-7.1047047905
-1.7245746442	1.9704226272	-6.9240780296
-0.8683423577	1.5883006338	-7.2717115347
-0.0826977587	0.9705734400	-7.3059996967
0.5798494777	1.0023305511	-6.5576530888
-0.0036600127	1.8127300960	-6.6102767734
0.6996330467	2.5069782112	-6.7632422174
1.1652514827	1.8104398981	-6.2173174511
1.6125772540	2.7045807010	-6.2376122519
1.4446629496	3.2750200845	-7.0416046002
0.5574449862	3.2946015657	-7.5025393582
0.7026571433	4.0560629815	-6.8708037001
0.8251411919	3.3832757623	-6.1411770726
1.3829695868	3.3936596046	-5.3112857197
0.8885924826	2.5257962630	-5.3603214122
0.3252529100	1.7212550241	-5.5483690684
-0.2666511850	1.0087826860	-5.9252413407
-1.0823883260	1.4836596087	-6.2554909812
-2.0227729443	1.6216937118	-5.9446480048
-1.9063233528	0.8759130885	-6.6005830279
-0.9762270830	0.5519943094	-6.7737810463
-1.2060033829	0.5036254285	-5.8017402532
