-3.8014028033	-2.8208507739	2.4105059562
-2.9310342200	-3.2834157371	2.5793022362
-1.9695343369	-3.0577501325	2.7361238217
-1.5159598334	-3.4405704720	3.5409335864
-2.4227042675	-3.0409310060	3.6754803390
-2.9390321087	-2.3459777917	3.1750349472
-2.0184740039	-2.0121354574	2.9722491697
-1.5944808558	-2.3197046904	3.8240889300
-1.0356454064	-2.5510866672	3.0277439537
-1.1853601949	-2.6023763720	2.0403459345
-1.1793700559	-1.6641962234	2.3864414807
-0.2611004429	-1.7959438168	2.0130469315
-0.9725982086	-1.7318206053	1.3132904431
-1.4612861297	-1.0022742965	0.8348071110
-2.1603397527	-0.9144742578	0.1251486118
-2.6118625672	-0.0365283403	-0.0340308900
-3.2222506632	-0.6898505344	0.4138490972
-3.9707431255	-0.5396966184	1.0597692435
-3.5315143409	-1.3937976614	1.3383181316
-3.7491520962	-2.3667005316	1.4163810086
-3.0798854197	-3.1016128928	1.5258613131
-2.0936019866	-3.0347288241	1.6767636360
-1.4958261636	-2.6215555105	0.9897760973
-1.9155532943	-1.8661492376	0.4865957136
-2.7002703469	-2.1368099358	1.0442353229
-1.9583271278	-1.8791551847	1.6632137466
-2.7132398907	-2.3049692010	2.1620014208
-3.5380923986	-1.7597006229	2.3113349999
-4.0512052121	-2.0838387595	3.1060989328
-4.5361287581	-1.9640518646	2.2397847552
-4.3434873934	-0.9925831254	2.1014453415
-4.6705387737	-1.1579785408	3.0318655429
-4.3658085959	-0.4064332796	3.6169460836
-3.3679742498	-0.3876563352	3.6799861039
-3.6400012151	-0.8070206893	2.8138828372
-2.8821641372	-1.2687387524	3.2748594023
-2.5990828156	-1.2646048071	2.3157724011
-1.8465969848	-0.9125084550	2.8723631244
-1.6789807047	-0.8570268567	1.8880732408
-2.4613474449	-1.0285817324	1.2893485893
-2.1250009084	-0.1541728228	0.9396629217
-1.5114219342	0.0136321209	0.1680656542
-0.9973974177	-0.1032429736	1.0178415121
-0.6104208067	-0.7662384180	1.6586894997
-0.8089745624	-0.6175041216	2.6274281204
-1.2147959553	0.0620046842	2.0162188437
-1.6318039211	0.1205536453	2.9232339348
-1.2624403686	-0.3653472328	3.7153645445
-0.9532103235	-1.0866051660	4.3351740095
-1.1037623503	-1.4655022222	3.4220633327
-1.9811608915	-1.3417223998	3.8855828636
-2.6073177399	-2.0630155290	4.1816636346
-3.5788254228	-2.2757050051	4.0770882612
-3.8033292387	-1.3333919126	3.8288060177
-3.8263854395	-0.6701481645	4.5768542396
-2.8969975224	-1.0127981070	4.4396350117
-2.0077760260	-0.6030789273	4.6431425646
-2.3324201369	-0.3820705198	3.7234896490
-2.6994835495	-0.2414092593	2.8039904044
-3.1589534457	-0.4131126635	1.9325517344
-2.3141567726	0.1218612678	1.9435732570
-3.1374743100	0.6864542661	1.8854098756
-3.1080241428	0.1600489167	1.0356863348
-3.3012920750	0.8229460249	0.3123503615
-2.3319789405	0.8485012812	0.5568477566
-1.6509188992	0.7752073313	1.2853978352
-1.6510265477	1.0062830580	2.2583335972
-2.5098450248	0.8718872184	2.7526701038
-2.9277996336	0.5589421050	3.6055354513
-1.9848406505	0.5592151750	3.9384442701
-1.5268646012	1.1497486301	3.2739684039
-0.8687360986	0.7103942515	3.8853885574
-1.2600865969	0.1966261477	4.6488590041
-1.9570748238	0.8137683559	5.0140204842
-2.7745724491	1.1391113652	4.5387841653
-2.8157161748	0.1425850668	4.6111894859
-3.7433461124	0.3912019328	4.3324560061
-4.0823262287	1.2962265423	4.0755067171
-4.3614839160	0.6437508833	3.3709880870
-3.6212427966	0.2904966297	2.7989264492
-4.1136438777	1.0448649626	2.3647956007
-5.0037775662	0.6975512233	2.0697783419
-4.6432650240	-0.0453739186	2.6337756296
-4.0661330993	0.1381561184	1.8380146938
-4.6821469630	0.2452824646	1.0575975837
-3.9762787996	0.9458466911	1.1622871269
-3.1765562374	1.5401230990	1.0769678762
-2.3808350498	1.4931004657	1.6808028400
-3.1785395353	1.6779689600	2.2548160747
-3.4065669771	1.3731336147	3.1795208373
-2.5193984537	1.5600847371	3.6013991241
-1.7776756316	2.2182133701	3.4721166517
-2.5809008513	2.3550433025	2.8923694516
-1.7646628592	2.0829979456	2.3827157810
-1.2597916756	1.7192766899	1.5998927256
-0.6340872703	0.9705208190	1.8186589093
-0.7224286566	0.6677597224	2.7676223005
-0.7901369142	1.6640520266	2.7145446556
-0.8301750052	1.8110323485	3.7028734148
-1.5847830033	1.5723279123	4.3140910203
