-2.7175050456	0.8278385957	21.0031097010
-2.8209904327	-0.1648961266	20.9417212185
-2.2054250920	-0.7666729189	20.4328558104
-1.8582537496	0.1696789082	20.4849836813
-1.1187713054	-0.4643993878	20.7110598393
-0.5436019928	-1.0311948981	20.1212097640
-0.5921680110	-0.9415599347	19.1264198790
-0.8528427907	-0.5509548226	18.2435403257
-0.9849704901	0.1567618643	18.9375715658
-0.9493471496	0.4981858613	17.9983374991
-0.3336274499	0.9829721543	17.3771519379
-0.1267989139	1.1070930674	18.3476239651
-0.2698101094	1.0749335960	19.3368224115
0.3178403694	1.8272983495	19.0391410509
-0.1981795618	2.2757455732	19.7689482296
-0.9172524188	1.6297785657	20.0251919644
-1.2628770163	0.7326379085	19.7500878407
-0.7899786170	0.6401906952	20.6263415807
-1.5946481423	1.2099663283	20.7932627687
-2.3386699360	1.8227805032	20.5270103366
-2.3775904798	0.9703680737	20.0055908880
-1.8375188052	1.6709917295	19.5392765315
-1.8331074289	2.2230623314	18.7054908335
-1.2379640850	2.7720556353	18.1186256424
-1.6694324101	3.2380550445	18.8910760518
-1.2211997599	2.6245508377	19.5412299409
-2.1629150075	2.6435651524	19.8771032032
-2.8003438940	2.9916605033	19.1897066355
-3.6849562122	2.5321280051	19.2690220168
-3.2407291292	2.4801331243	20.1634261934
-3.3222311544	1.4839622970	20.1950663995
-2.8950166714	1.8031516193	19.3491314363
-2.8556664937	2.2261787154	18.4438692425
-2.2889841653	2.6609470286	17.7439780706
-1.5790239385	2.2373839904	17.1813495706
-1.9802259120	1.6137044991	17.8522153311
-0.9853936736	1.7130909862	17.8729793285
-0.1131579698	2.1730985284	18.0391056001
-0.3573234327	2.7483827691	18.8197663901
-0.8267248018	1.8692229243	18.9018658538
-1.4618102134	1.1199243955	18.7142006340
-2.0426281113	0.4368783532	19.1570309329
-2.5615655480	1.1000415181	18.6176622708
-3.1608000815	0.7317577841	19.3284963338
-2.7364044263	-0.0072020944	19.8517807935
-3.5316083943	0.3801128961	20.3182974036
-4.2533160799	-0.2774224268	20.1019982688
-4.2444537712	0.5753917524	19.5798589817
-3.9898212749	1.5106520889	19.3339923616
-3.5441039331	1.4442187651	18.4412871108
-3.8292652825	0.4923824118	18.5539395024
-4.7005013867	0.2623249730	18.1203253587
-4.6068862780	1.2102915424	18.4246206014
-4.0930079857	1.0297874067	17.5859625318
-3.4989848563	0.8320571300	16.8061938101
-2.8319956714	0.9818263697	16.0763345071
-2.3172316945	1.4832344325	16.7717538070
-3.0108678529	1.6161495088	17.4797103468
-3.0603118425	0.6723022217	17.8063716249
-3.6782584835	-0.0917746622	17.6210922019
-4.0518247652	-0.5742605042	18.4133394142
-3.5912380763	-0.2621657544	19.2442766977
-2.8355508091	-0.0293477953	18.6321226713
-1.8823153886	-0.2394783410	18.4148960919
-2.0053484270	0.5817543874	17.8577249535
-1.4394665401	0.9889328455	17.1407986021
-1.6141880709	0.5020349778	16.2849932193
-1.0032706908	-0.2864030474	16.3567249081
-1.3488086473	-0.1483175117	17.2849144930
-0.7327492921	-0.9360001817	17.2797296802
-1.6265014599	-1.0776637134	17.7053333767
-1.9264145509	-1.9745219978	18.0304446738
-2.3398963111	-1.8952468879	18.9374994081
-2.4907354352	-1.6978951720	19.9061582020
-1.5373890690	-1.4060010715	19.8291611877
-1.4648578188	-0.4236711293	19.6566297343
-2.3287266169	-0.7700342483	19.2908930947
-1.5789325310	-1.1624470316	18.7581445273
-1.2678129918	-2.0908223390	18.9614273868
-0.7828272600	-1.6433632632	18.2100491761
-1.1084716997	-1.9650944486	17.3209795819
-1.4974366694	-1.3144064150	16.6688206018
-2.0795383790	-0.5072325986	16.5706980782
-2.6343800352	-1.2636294821	16.2242670010
-2.5627626219	-1.1899239832	17.2189722063
-2.5529671029	-0.2705816324	17.6123088177
-2.4950141573	0.4297169908	16.9008151111
-3.1311025366	-0.3092151102	16.6786194227
-3.6672213834	-1.1518703321	16.7287069362
-3.1953389322	-2.0171403724	16.8979248714
-2.8184786959	-2.4072924749	16.0578310081
-1.8858737568	-2.0600588973	15.9594599244
-2.1085238548	-2.1427470986	16.9308453243
-2.6091716590	-2.8474993810	17.4335141981
-2.6009068824	-2.8113220476	18.4328254079
-3.0035019644	-1.9955329733	18.0176081321
-3.4357868384	-1.1274861729	17.7734267648
-2.5826773348	-1.0730239055	18.2923082891
-3.2354373166	-1.2645960429	19.0252506622
-3.2328120976	-0.9659060349	19.9795972383
