-3.6773340546	0.3923895301	224.5801414702
-2.8047479011	0.1855741220	224.1376250392
-2.6151942288	1.1121545615	223.8127895512
-2.2896044791	1.1471614833	222.8679266879
-2.5961906107	1.9006440067	222.2863176863
-1.7246784750	1.4858011890	222.0248372204
-0.7329898486	1.3579106511	222.0388970407
-0.9779799519	0.3921152047	221.9539323120
-1.9647381224	0.3793049360	222.1156240251
-2.6448144083	0.9894775008	221.7091936049
-3.4910652291	1.5219360422	221.6905535967
-4.2772396407	1.3304987872	222.2781602440
-4.6825327786	0.8630251414	223.0637847489
-4.5787996530	0.2736619389	223.8649654116
-4.3632298629	1.1668551849	224.2595987744
-4.1003633340	1.6989547878	223.4547564293
-3.1343539872	1.8872486108	223.2776367577
-3.3272159194	1.1174328993	222.6692059519
-3.6627419850	0.7338377665	223.5295994860
-3.6687068914	-0.2592134527	223.6471311669
-3.3283343160	-0.6984937159	224.4785031415
-2.8293966246	-0.1633117282	225.1601492521
-2.1408517880	-0.5842424642	224.5696212482
-1.6435624725	0.2758394522	224.4557685634
-0.9707750318	0.1875012304	223.7212255638
-1.0045436381	-0.6083477470	224.3257783625
-1.6545260075	-0.7442372620	223.5780772463
-2.6531395860	-0.6936190294	223.5636302570
-3.1674690190	-0.6461968946	222.7073497098
-2.8809454227	0.2562735075	223.0289883301
-1.9626952439	0.2549526244	223.4249868964
-1.3017823594	0.7768641970	222.8857258562
-1.1751999918	-0.2058454923	222.7506015772
-2.1281669804	-0.4798102565	222.6209974622
-1.5458489862	-0.5857098523	221.8149633257
-1.1655848767	-0.0847464218	221.0375092445
-1.6579212938	0.7758033286	221.1681192731
-0.7068682708	1.0135326954	220.9706784072
-1.3194917578	1.7988436751	221.0600043742
-2.3125682672	1.8725645368	221.1514608168
-2.2087062682	1.7914805745	220.1601797889
-1.4727453195	1.1177317824	220.0936662785
-2.0955479925	0.3560515843	220.2724401758
-2.2286990622	-0.0770162699	221.1639125682
-3.1865678894	0.1457055590	220.9825778037
-2.8027862314	1.0097953003	220.6569084041
-3.7876858335	1.0806417360	220.4989414575
-3.2939519280	1.6130283582	219.8113432354
-2.6163530809	0.9251075129	219.5512957146
-3.1816284794	0.1978091035	219.9405266841
-2.6715457337	-0.5835132822	220.3001805763
-2.1307983792	-1.1351050826	220.9352701640
-1.2682579165	-1.5976497124	220.7301447984
-0.9300030721	-1.4525271885	221.6599421491
-0.4681304258	-0.8928017834	222.3479691322
-0.5470690607	-1.8555256003	222.6066804467
-0.7193560979	-1.2479615302	223.3820404131
-1.4240307166	-1.2582258123	222.6725840534
-2.0268384131	-1.5462540083	221.9284989512
-1.5598143198	-2.3265470529	222.3444692156
-1.4447628303	-2.0718050415	223.3046096545
-1.3975439714	-1.6282202339	224.1995973068
-2.3339951291	-1.6866667382	223.8537024740
-2.4772018635	-1.5006178633	222.8816543026
-2.6815927452	-2.3185890553	222.3439299340
-3.4662096944	-2.5814832765	221.7824471903
-3.9970221448	-2.1789365429	222.5282315223
-3.2819205964	-2.2395437740	223.2246197322
-3.6281062247	-1.3145397874	223.3812183771
-4.1717796352	-1.1171393445	222.5654657873
-4.9206519633	-0.6993475033	222.0510338543
-4.6899872340	-0.2770728272	222.9276625560
-3.8807575682	0.2267985519	222.6255682306
-3.0904897841	0.1268886307	222.0210065406
-2.7029352681	-0.7610300332	221.7732123852
-3.3164766359	-1.0395299811	221.0342910301
-2.8244830392	-1.8653510448	221.3099028433
-3.2790196007	-1.5218539802	222.1317338970
-4.1003503301	-1.6053268118	221.5674218207
-4.4946496162	-0.8959311083	220.9832250997
-3.9713125452	-0.3857308056	221.6657307490
-4.0003316445	0.5977966933	221.4873167622
-4.7900248933	0.3866304653	222.0633318634
-4.9063056743	0.0538270368	221.1275323881
-4.1098761488	0.0293407386	220.5232969770
-3.7770904460	-0.8092634238	220.0920235894
-4.1078668471	-1.7059031579	220.3863434149
-3.4627695301	-2.4057648894	220.6930077401
-3.0565822066	-1.6240925940	220.2197210608
-3.5001744155	-1.6169694606	219.3235206294
-3.0037255314	-0.7498788716	219.2823816466
-2.2132426576	-0.1424096919	219.3605994317
-1.2676995860	-0.4396381307	219.2279210429
-1.0078242633	0.1588999198	219.9856921290
-1.6198000443	-0.5941411321	220.2273837044
-0.6448312812	-0.8164178138	220.2219996813
-1.1574467179	-1.4554244314	219.6485051681
-2.1530163342	-1.3723740173	219.6925933522
-2.1257066363	-2.1295748978	220.3452042676
-1.8512542043	-2.4042411259	221.2667433746
