3.2032305916	3.5025182240	-72.5515978609
3.6802901965	4.3554047262	-72.3394687785
2.9376256114	4.5552642130	-72.9786131281
2.5970711769	4.3290279367	-72.0660125449
3.0499106318	3.7986326843	-71.3493415574
3.9210022069	3.4620576327	-71.7069960028
4.3764939748	2.6374481277	-72.0424753817
4.4054340789	3.4189973227	-72.6656473694
4.7041413543	3.4475045152	-73.6195662881
4.3345779001	2.8907420576	-74.3635007066
3.8040306826	2.8900512054	-75.2111558091
4.1280231468	1.9600058035	-75.0378225071
4.1885933528	1.3239410196	-74.2685677764
4.0738821797	0.7391001435	-73.4655718259
3.5833032722	0.3746184493	-74.2570801520
4.3042468288	-0.2434687915	-73.9436977163
4.6520997766	0.4471640398	-74.5777518300
4.6560350602	0.9611221230	-75.4355581031
5.1423688486	1.5537546662	-74.7934785792
4.9119585298	2.0873074388	-73.9797018753
4.7273279272	2.4329858687	-73.0596921125
4.8321330706	1.4418881796	-73.1417972437
4.2640966935	1.5135673207	-72.3219211708
3.5337933018	1.9327361075	-71.7825192016
3.5068256885	2.4891951624	-72.6129564768
3.7433446343	3.0341526131	-73.4173694089
3.7895443715	4.0330779241	-73.4136536054
3.1533083123	4.3811383320	-74.1021720362
3.9919786625	4.0696297430	-74.5489319749
3.3450608942	3.3286687159	-74.3687260998
2.6824610166	3.4642948877	-75.1053175359
2.2230627059	3.8541356286	-74.3072089037
2.7828074854	3.5837557852	-73.5238950956
2.0663837145	3.8863826301	-72.8952823585
1.5088114430	4.1052305594	-72.0945210046
2.0534830403	3.3159188526	-71.8111133819
2.8840674595	2.7607835162	-71.7669061332
2.4591410722	1.9250454268	-72.1147270803
1.6339163695	2.3579869924	-71.7520070908
0.7744008892	2.8534443768	-71.8775264890
0.2966187757	2.0447393136	-72.2206305155
0.3700009470	1.1518693602	-72.6649258038
1.0769672791	0.4528550563	-72.5573265094
1.4776482432	1.3019048750	-72.2129877657
2.3136038036	0.7963449846	-72.4265000565
3.1347961384	0.4359884483	-72.8689775317
3.2565249871	1.4158729290	-72.7108367974
3.8827729571	1.8461031541	-73.3610024943
3.4874701626	2.2391448169	-74.1912156910
2.8730247964	2.4247255763	-73.4243932384
2.2935185125	2.8207640885	-72.7121250559
1.8780800401	3.0627912144	-73.5889567079
2.4695817683	2.7520374547	-74.3329713625
2.5262377392	1.7584282407	-74.2353453882
3.0771503573	1.1196905930	-73.6982145804
2.2094734240	0.6649345729	-73.4973820589
1.3909075606	1.1886675167	-73.2614716293
2.2470853213	1.6825413998	-73.1096551954
1.6495458054	2.0570878254	-73.8186414450
1.7229373499	2.1912986066	-74.8068727678
1.4021179126	3.1243620454	-74.6441843915
0.8468434904	2.8640197094	-73.8543159315
0.3475975881	2.8584954322	-72.9878731974
1.2327461459	3.2503108136	-72.7368896572
1.3423992508	2.2592816390	-72.8132923513
0.6268052331	1.9165811773	-73.4219643446
0.7454689711	1.7353548542	-74.3982204263
0.0253806846	2.0925354584	-74.9931110680
-0.2495138544	2.1008061378	-74.0316722565
-0.4230518093	1.9480252350	-73.0587680608
-0.5032715345	1.0245922145	-73.4340496249
0.4513444112	0.9218288841	-73.7135994311
1.1916986523	0.2503472095	-73.6821676268
1.9440944795	-0.1276976773	-74.2215956412
1.0986883756	-0.2810094824	-74.7332439676
0.8080718739	0.6741906349	-74.6772548179
1.6591817222	1.0801431010	-74.3443665164
2.5435710867	0.6502356339	-74.5261219059
3.2848658131	1.2626372314	-74.8007970085
3.0133482530	2.1432892949	-75.1890368281
2.3266215817	1.4233694878	-75.2896447317
2.7639112949	0.6003681938	-75.6522003507
2.6722963708	-0.2343532406	-75.1092023464
2.9983446757	-0.5284733659	-74.2107671208
3.7486270214	-0.5153795906	-74.8717549836
3.7198301680	0.3975391485	-75.2788791871
3.6707129396	1.2539445832	-75.7928414709
3.7007773860	2.2056845868	-76.0982708319
2.8354534396	1.7371550305	-76.2763003872
2.6538516896	2.6788178436	-75.9929420438
1.7628736780	2.9511618528	-75.6296419977
0.9326152524	2.4027688794	-75.5299620433
1.1717088290	1.4517852845	-75.3338384496
0.9031550248	1.5002301133	-76.2958841621
1.7705343757	1.9428057366	-76.0683322353
1.8456977026	0.9465893761	-76.1119606352
1.7581465048	0.5006218025	-75.2212038160
0.9095752587	0.4961516613	-75.7502660600
0.1663056436	1.1148793246	-75.4958523066
-0.1781420337	1.1206664976	-74.5570646276
