-2.6526014998	-4.6134274729	-139.5017181796
-2.8968963381	-3.7099029243	-139.1496337834
-3.2916665704	-2.7945484527	-139.0703705826
-3.6558081335	-3.2823417629	-139.8637548581
-4.0742145664	-3.2757350922	-140.7719907354
-3.4563152242	-3.9547157883	-141.1684571492
-2.9275904607	-3.8921390594	-140.3219736718
-2.5542308496	-4.7841004154	-140.5769394349
-2.3619296517	-4.2354238214	-141.3905574315
-1.9376911443	-4.0003582417	-142.2650663578
-2.0205111876	-3.1888238866	-142.8434717786
-2.1857173135	-2.3100448088	-143.2911929736
-1.7286056502	-1.4985704716	-142.9271073692
-1.9039535315	-2.1813974120	-142.2178820947
-2.7218212435	-1.6851724457	-142.5091778009
-2.9788040426	-2.6481419938	-142.5907222082
-2.9417240140	-2.3225424073	-141.6459418206
-3.0783581980	-2.9137391205	-140.8510723055
-2.3574813110	-2.2532825103	-140.6409923690
-2.2339242122	-1.6004912475	-141.3883859806
-1.8313379263	-0.7266205395	-141.1158529221
-1.5525027973	-1.4485968747	-140.4826064123
-1.5533395335	-1.3575083825	-139.4867639616
-1.6300427091	-2.2998908442	-139.8123893884
-1.2014991479	-2.2185444248	-138.9125376361
-0.5210820939	-2.3114842901	-139.6394453428
-0.5558967426	-1.3888082870	-140.0234465583
-0.5923247518	-1.2290977908	-141.0099380978
-0.1645993191	-1.0528706066	-141.8965016510
-0.6313502120	-1.5178763098	-142.6487737427
-1.2309703771	-1.4019713276	-141.8569267292
-0.5773883379	-2.1429501955	-141.7027163684
0.1167192251	-2.0896171277	-140.9848234273
-0.8201653638	-2.2239297187	-140.6620117252
-1.5114047658	-2.5494345930	-141.3071742364
-1.1662430739	-3.0511583965	-142.1003555722
-1.1783687477	-2.4484976029	-142.8982609149
-0.2320694527	-2.6559356439	-142.6502949827
-0.1408160162	-3.5411909312	-142.1942293222
0.3346299294	-2.8060530095	-141.7109867446
-0.4827407420	-3.0978249948	-141.2142229233
0.0146332478	-2.9793116262	-140.3548198189
0.7946560217	-3.3056547018	-140.8887342963
0.3945028441	-4.0600719482	-140.3684151127
0.0578057242	-4.0848757900	-141.3097013704
-0.6861291230	-4.7165885603	-141.0917566092
-0.6414302112	-4.9064104268	-140.1109560860
-1.2177901296	-4.4103488716	-139.4615469871
-1.6921896826	-5.1292623454	-139.9695907659
-1.6252696303	-5.2443381374	-140.9606907955
-1.5895846060	-4.9105939118	-141.9026787843
-0.8657845461	-4.2920337915	-142.2084513317
-1.2615316370	-3.8626472375	-141.3966561437
-1.5976370323	-4.2504874463	-140.5383944496
-1.9971236694	-3.7552980212	-139.7669037755
-2.5540460149	-2.9301163027	-139.8613105149
-2.2094915595	-2.6981476641	-138.9516552077
-1.3776335998	-3.2380974864	-139.0799771629
-0.5151077197	-3.4475036586	-139.5406268794
-0.6298932171	-3.8812582815	-140.4343165441
-1.2849316821	-3.1327055663	-140.3313920963
-2.1158859377	-3.3510105228	-140.8431126950
-2.2578729320	-3.1025064220	-141.8012804284
-3.0253129334	-3.6627849977	-142.1129272830
-3.7724828536	-3.0860635008	-141.7825798516
-3.9191855083	-2.2684577297	-141.2258041928
-3.2313475758	-1.6376769599	-140.8666460117
-3.3937122805	-2.2179486779	-140.0685718071
-2.5887781710	-1.8673854836	-139.5898375110
-2.4952099314	-0.9425747295	-139.2210963367
-2.0791376925	-1.5851433131	-138.5776761727
-1.4858920531	-0.7801653729	-138.5693019881
-0.6777829065	-1.2874904482	-138.8686026315
-0.8943317056	-0.5407408553	-139.4974680090
-1.0265843716	-0.4089242942	-140.4798801560
-1.8880771573	-0.4546726748	-139.9741754339
-2.5453646698	-1.0990791427	-140.3649610913
-3.3576099370	-1.1899214268	-139.7887620758
-4.1618065075	-1.4765075688	-140.3094695361
-4.3453892039	-1.1848205231	-141.2482006270
-4.9655316094	-1.9013941539	-140.9289113716
-4.7782503257	-1.9294365614	-141.9108173468
-3.9337098504	-2.1857837859	-142.3809635858
-3.5139601885	-1.4465195335	-141.8543721063
-4.2622745423	-0.9874854691	-142.3332388473
-3.8118435609	-0.3703848840	-141.6880266349
-3.6235495761	0.3591600451	-141.0305241089
-4.4297635366	-0.1913482055	-140.8138222030
-3.5435395753	-0.6252381200	-140.6515057452
-3.9443860907	-0.2325396258	-139.8237920485
-2.9516773496	-0.1267990084	-139.8816563483
-2.5947745405	-0.0357488449	-140.8113499820
-2.8603292259	-0.7652771043	-141.4416429518
-3.0818239739	-0.6803602659	-142.4131002114
-2.3520171065	-0.1081827570	-142.7872590474
-2.0587706627	-0.8237580428	-142.1532570494
-1.1898038197	-0.5350299464	-142.5551683732
-0.9943720698	-0.3096753940	-141.6006937759
-1.8695925277	0.1545187411	-141.7367560962
-2.8571707252	0.2411684461	-141.8678329151
