-3.6773340546	0.3923895301	224.5801414702
-2.7640297383	0.2174966796	224.2123266844
-2.6715474633	1.1423905050	223.8435199051
-2.2695921463	1.1696444045	222.9282663074
-2.6054591176	1.8992590737	222.3325685551
-1.7063807981	1.5140748431	222.1245029790
-0.7143032512	1.3885277875	222.1200221473
-0.9594616616	0.4223208881	222.0403881005
-1.9427200416	0.4459486880	222.2210665033
-2.6387652571	1.0065018571	221.7724004775
-3.4904375272	1.5225456646	221.6810050023
-4.2363107891	1.3524679620	222.3250132726
-4.6488855809	0.8707511810	223.0981439111
-4.5705189896	0.3143493244	223.9253534682
-4.4046613117	1.2305352366	224.2901748012
-4.0735763870	1.7567811709	223.5069455951
-3.1103852682	1.9449908950	223.3150081879
-3.2938071243	1.1447592423	222.7440565922
-3.6411461606	0.7554394310	223.5971601489
-3.6279545471	-0.2405645476	223.6854893963
-3.3233024833	-0.8169731727	224.4437375199
-2.8764842099	-0.3245745656	225.1906625779
-2.1194366707	-0.5886399900	224.5930435730
-1.6385369994	0.2866104906	224.5413511895
-0.9316012825	0.2405950664	223.8355718523
-0.9416174745	-0.6229385058	224.3397637260
-1.6698060919	-0.7270543828	223.6623412422
-2.6670609835	-0.6567619684	223.6390677037
-3.1827859070	-0.6315175968	222.7826854731
-2.8696200269	0.2640194846	223.0988190957
-1.9638621133	0.3085790863	223.5202654669
-1.2636015247	0.8235439755	223.0258503874
-1.1794926172	-0.1642743045	222.8949277492
-2.1165600682	-0.4559235373	222.7029764083
-1.5234282774	-0.5365678614	221.9019201234
-1.1409776998	-0.0527055421	221.1147677800
-1.6334575665	0.8089508328	221.2372907275
-0.6837325894	1.0469860401	221.0339149475
-1.2874514964	1.8419450205	221.0936116877
-2.2737902240	1.8624734015	221.2570573974
-2.1751111957	1.8027473359	220.2637320497
-1.4380120192	1.1271706332	220.2469712992
-2.0820992463	0.3702061542	220.3572274614
-2.2060867381	-0.0811550377	221.2409130256
-3.1623401247	0.1378057095	221.0469139226
-2.8009327535	1.0188258427	220.7416464384
-3.7812775923	1.0825946852	220.5549447194
-3.2548823570	1.6472461229	219.9192743566
-2.5964703890	0.9439341543	219.6512333985
-3.1684386840	0.1863400653	219.9657226125
-2.7009503872	-0.5754183019	220.4142523019
-2.1509742226	-1.1556099165	221.0150050870
-1.2618825933	-1.5764217425	220.8349121061
-0.8847885033	-1.4420671636	221.7512902455
-0.4156178608	-0.8811709346	222.4334004481
-0.4810082943	-1.8385790659	222.7146365789
-0.6657610269	-1.2113232909	223.4712187757
-1.3813288467	-1.2448118732	222.7734787023
-1.9711572756	-1.5502178112	222.0259296152
-1.4887701955	-2.3102283716	222.4614599276
-1.5110751533	-2.1001731795	223.4388949920
-1.3575563242	-1.6002748599	224.2912644185
-2.3069285860	-1.6105793956	223.9772801433
-2.4522091252	-1.5580204383	222.9892866611
-2.6316419624	-2.3303957123	222.3799917464
-3.4516281412	-2.5908562553	221.8703026529
-3.9632718488	-2.1734745881	222.6213108155
-3.2293558119	-2.2603742086	223.2949692651
-3.5779439846	-1.3392583827	223.4682664698
-4.1174567530	-1.0983067664	222.6615023833
-4.8646939280	-0.7053094074	222.1256015715
-4.6592745220	-0.2423829986	222.9878671963
-3.8496435258	0.2417412249	222.6560217712
-3.0531935748	0.1196650821	222.0637676948
-2.6409603707	-0.7677953229	221.8576662272
-3.3066617529	-1.0548153338	221.1688547993
-2.7931327721	-1.8800617949	221.4039213097
-3.2481053487	-1.5012937382	222.2098584747
-4.0922279672	-1.5967269282	221.6822700828
-4.5022531935	-0.9130820696	221.0785242579
-3.9190641967	-0.4119518303	221.7178669496
-3.9644705454	0.5782563737	221.5858594639
-4.7815953465	0.4051954578	222.1357294293
-4.8982854622	0.0778951003	221.1980419051
-4.0897627106	0.0196089261	220.6124706608
-3.7700033276	-0.8114151352	220.1573300819
-4.0553831631	-1.6894890527	220.5414453575
-3.4724260779	-2.4838482182	220.7121924014
-2.9973168012	-1.6991008489	220.3141437342
-3.5080784191	-1.5817793012	219.4624640854
-2.9266456032	-0.7711989275	219.3924973907
-2.1424816711	-0.1549582646	219.4655341823
-1.2063228678	-0.4503900776	219.2749384353
-1.0522533395	0.1618678841	220.0504400593
-1.6159025558	-0.6262169840	220.2978704569
-0.6430287560	-0.8215059625	220.1738592294
-1.1501520087	-1.5467577284	219.7082028296
-2.1394566899	-1.4213599338	219.7827121632
-2.0506725646	-2.1775300395	220.4310362722
-1.7931256050	-2.3935996622	221.3728342769
