1.7874230804	2.5691560281	-231.7923871732
1.3600158996	1.6750700326	-231.6584717726
2.0014358784	1.8977699087	-230.9243156747
1.1725698943	1.4434172997	-230.5979035316
0.7689259663	0.7817238721	-231.2297527123
0.3757030586	1.0969618597	-232.0934660653
-0.3587124354	1.7514461204	-231.9137879237
0.3935998799	1.8190464509	-231.2584587121
1.0566731812	2.5181094673	-230.9907934431
1.3648803766	2.3587500255	-230.0529166425
0.9036859507	1.6254685604	-229.5533188098
-0.0644491398	1.3793748498	-229.5069255771
0.0134067638	1.1170010613	-230.4687459623
-0.8089112072	0.6930580660	-230.0891863605
-1.0102099772	0.2321091351	-230.9534808059
-1.8187102912	-0.3069431800	-230.7173667575
-1.3832178545	-0.1609489256	-229.8290920167
-2.3198170300	0.1871903848	-229.7893301640
-1.8213964777	0.3068451539	-228.9306918879
-0.9416702034	0.7684956011	-229.0445362859
-1.7061141428	1.1436742375	-229.5688133636
-1.7830469787	0.9409861892	-230.5450299860
-2.3394443087	1.7320621092	-230.2908235739
-1.8765835215	2.2075100528	-229.5426864576
-1.8724544729	2.5194022209	-228.5925779236
-1.8330111596	1.5202626372	-228.5797592953
-2.6291252839	1.5699950098	-229.1828587832
-3.0368883023	0.9931118026	-229.8906264612
-2.7992629328	0.5120545865	-230.7344973865
-2.6773013943	0.3771326135	-231.7178190247
-1.7463925392	0.7154411734	-231.5801381557
-1.4156123992	1.5571062969	-232.0069687063
-2.3034974751	1.3679443860	-232.4263466546
-3.0471222056	1.8402647036	-231.9531281240
-2.4932104571	1.3709083195	-231.2654607920
-3.3897364294	1.4878360635	-230.8381797560
-3.1968034583	2.3751279526	-230.4192645231
-2.8491920114	2.6742861907	-229.5306303855
-2.9775256506	3.4859003271	-230.1005540389
-2.8501017588	3.4244316957	-231.0904958347
-2.8591535006	3.1442843433	-232.0504101678
-2.1534379252	2.4561225797	-232.2189299402
-2.4727126128	2.4084606899	-231.2724670418
-1.6068888363	1.9684309628	-231.0343010758
-0.8753725879	1.2867216882	-231.0217933454
-1.0301287507	1.7339553348	-230.1408662228
-0.5298056470	2.2871943064	-230.8069018316
0.2807803374	2.1226281852	-230.2448801651
0.4841430000	3.1015396006	-230.2254876849
-0.1714050602	3.5030478474	-229.5859191830
-0.0398680593	3.2272225175	-228.6337540688
0.2171763550	2.2897827417	-228.3989459857
-0.7712095778	2.3606004170	-228.2644911428
-0.9640424920	1.8675102216	-229.1128292396
-0.2167065336	2.4776384995	-229.3759498386
0.7589288781	2.6618786999	-229.2568234684
1.0659370286	3.1223469147	-228.4239279055
0.7649363925	3.7701301450	-229.1237675326
1.4739257534	3.4195366175	-229.7356647990
1.3199020310	3.6172766399	-230.7037430895
0.6519072093	4.1282496217	-230.1627352060
-0.2853028853	4.3222378471	-230.4525727588
-0.4417696797	3.3674618674	-230.7053987285
0.3448001736	3.7531383597	-231.1876450444
0.9997040594	3.2648900636	-231.7644591406
0.7254700875	2.3816860929	-232.1449147552
0.0888276870	2.7871676900	-231.4889642020
-0.2664324220	2.7234693684	-232.4215588507
-0.8798397251	2.0614308419	-232.8521822012
-1.8397181936	2.0190231238	-233.1293733107
-1.2489520436	2.2794202523	-233.8930412304
-0.4517440259	1.6807755608	-233.8150418083
-1.2756750897	1.2199015928	-233.4852952577
-1.4595959467	0.6998251025	-232.6512127902
-0.7462297243	0.7321170541	-231.9511657471
-0.4416147026	1.0912082871	-232.8333580022
0.1901830514	1.8601219130	-232.9313551141
0.6522360396	2.7138832790	-233.1713521267
0.3150060758	2.3903515533	-234.0554353659
-0.4129541640	2.7940614338	-233.5012763439
0.0655908989	3.6358076242	-233.2513604104
0.1332930566	3.6417744731	-232.2536726764
-0.7196726125	3.4522947588	-231.7673116940
-1.0979552224	2.5266233079	-231.7614267929
-1.4189839559	3.0131025678	-230.9488515766
-2.2180027679	2.8124629938	-230.3820070658
-1.9477762083	3.2456917755	-229.5221870677
-1.0902601789	3.0828215739	-229.0341916203
-1.0596403901	2.7655226635	-229.9820227392
-1.1590601705	3.7593388000	-230.0314716435
-2.0397893212	3.8630894881	-230.4935884662
-2.1913634954	4.2513606632	-231.4025828359
-1.8396582218	3.4001533973	-231.7921333346
-2.0905464560	3.8610639147	-232.6433774763
-2.3357421460	3.0152883788	-233.1172369666
-1.3984137662	2.9473874391	-232.7754695445
-0.8974193642	3.8120520310	-232.7385947192
-1.3311136471	4.4320827817	-232.0847819500
-0.4300278581	4.4521410440	-231.6516052343
-1.1609179707	4.1339826827	-231.0478048530
