2.7783370992	-2.3407654654	-213.8840849227
3.6201371863	-1.8409756457	-214.0880034103
4.0546967764	-2.6425999016	-213.6774470622
3.9263091060	-2.5262164418	-212.6925757526
3.0082107416	-2.8892471272	-212.5335030819
2.1869537200	-2.3210469967	-212.4816811153
2.3480338862	-2.8348575632	-211.6390353524
2.1275574068	-2.6189663940	-210.6878355179
1.7051755984	-1.7307478203	-210.5071109396
2.5600205972	-1.7392747393	-209.9882975630
3.0657752952	-2.1052521537	-210.7694971006
3.4743496492	-2.7694883375	-211.3954821559
4.0331531049	-1.9688754810	-211.1792467474
4.6232209666	-2.2131340357	-211.9487645686
5.3107866912	-1.5841351042	-212.3115506192
5.0662619886	-1.4090412091	-211.3578474171
4.3437459273	-0.8862881919	-210.9054097703
3.6009756688	-1.1980304985	-210.3128651919
3.3457559978	-0.3343781582	-210.7475691768
3.8220779618	-0.3069198395	-211.6264112715
4.3230551832	0.3689282730	-212.1670138542
4.8722759102	-0.4641945725	-212.1017228342
4.2446346488	-1.2398059222	-212.0346894001
3.4188302417	-0.9261122671	-212.5033506551
4.1219891950	-0.3733061882	-212.9505339794
3.4037694044	-0.0258662119	-213.5533986369
3.6247702214	0.5874402125	-214.3116953260
4.4487378738	0.2026046743	-213.8957879850
5.0796375029	-0.0397290547	-213.1587398035
4.9412190520	-1.0300949410	-213.1627076319
4.0803989952	-1.5312801132	-213.0743772692
4.8616447539	-2.1549020877	-213.1017761283
4.7138686796	-1.7196217356	-213.9898601597
4.2070508502	-0.8576250404	-213.9799917706
3.3757112094	-0.7594069470	-214.5270087793
2.6760479429	-1.4733538016	-214.5544168480
1.7682942733	-1.8545934828	-214.3793751934
1.1534568924	-1.1867331281	-213.9599261005
0.5895078762	-0.8476723214	-213.2069325570
1.5650181319	-0.7132216735	-213.0328556654
2.2281034709	-1.2695247575	-213.5336996651
3.2044454971	-1.0534024869	-213.5268140267
3.0913244551	-1.9029996516	-213.0116555195
3.2789738900	-1.9573835465	-212.0309261575
3.3717873504	-1.1992556543	-211.3854590703
2.7466049058	-0.5291778007	-211.7856372568
2.3874699805	-1.2580085969	-212.3685847467
2.5526433634	-0.4060648101	-212.8654846740
2.2881460503	-0.0680985423	-213.7687122052
1.9578418317	-0.6738936729	-214.4925294356
1.7586609590	0.2812286368	-214.7117743979
2.7370857110	0.0752929007	-214.7283719068
2.6400254127	0.8828501931	-214.1466240937
1.7492669567	0.9047683139	-213.6926758929
1.7879245924	0.3307332465	-212.8747582145
2.6995219095	0.6972833573	-213.0608532108
3.2944926070	0.1968404889	-212.4319121924
3.2141714556	0.6003454012	-211.5204670222
2.3471966914	0.4534988974	-211.9966926645
2.2580875920	0.1626855042	-211.0440714707
2.7583064049	0.3370264141	-210.1959049857
2.6322652843	-0.6143891775	-209.9149743751
2.4926773068	-1.0377155149	-210.8101335836
2.3481748083	-1.7903931783	-211.4524694482
1.4269721341	-2.1305534988	-211.6413519234
1.2790074345	-1.5631896739	-212.4514165738
0.8161844036	-0.7189163532	-212.1812362596
1.7565401290	-0.3995224452	-212.0641096559
1.5254666429	-1.0714790961	-211.3604909358
1.5927414111	-0.5389187733	-210.5167767614
1.7638936201	0.0916083392	-209.7597150190
1.9179516709	1.0035980579	-210.1399003291
2.4334802202	1.2547453857	-210.9591410352
2.5102970993	1.4852014429	-211.9291869995
1.6948238167	1.3284801913	-212.4863600198
2.3262391502	1.6898727936	-213.1724431514
2.1315962198	1.8272344331	-214.1436516304
1.9961219354	1.2972977742	-214.9807978875
2.9455348137	1.0562537185	-215.1820761771
3.1540910657	1.7458770042	-214.4885893253
3.3690765722	1.4393080747	-213.5613370815
3.9499024300	0.7660104239	-213.1038312387
3.4820480130	1.2750976169	-212.3813753755
3.1306663440	2.1709809049	-212.6532651637
2.1833630675	2.3888613960	-212.4184363031
1.6765354508	2.0430906684	-211.6287728488
1.3005680115	1.6251360122	-210.8017526617
1.5668831057	0.9478206464	-211.4875515870
0.5739287783	0.9945790943	-211.3786693060
0.6866718014	1.5636768432	-212.1931733041
1.0907630463	2.3951376169	-212.5744648562
1.5479876944	2.4336085150	-213.4629836299
0.9958537533	1.6123250596	-213.3193117918
1.0771448027	1.5984311602	-214.3159053523
0.7436304582	0.6557684630	-214.3034465686
1.1902027470	-0.0890102923	-213.8075859062
0.8001654089	0.6190599819	-213.2189371470
0.9403408801	0.4126134100	-212.2505722105
1.0838649092	-0.0155101983	-211.3583216688
1.0095038455	0.4735297061	-210.4892357098
