1.7478539558	-0.7466102670	-199.7510386436
2.7165356632	-0.5830468578	-199.9378614500
2.3958857601	0.3228604215	-200.2144760574
2.0255958764	1.2511275223	-200.2491976867
2.5651952909	2.0517701340	-199.9888059045
3.1898434004	1.2717457447	-200.0259096971
3.5702419740	1.2458648796	-199.1014492566
3.3790901669	2.2084554089	-199.2934921154
3.0804215214	3.1276122372	-199.5502950849
2.3625685283	2.6322887019	-199.0610694973
1.7126859501	1.9412485280	-199.3774808003
0.8077058303	2.3241249110	-199.5629980715
0.9940993703	1.5266421455	-200.1368261703
0.4306309821	0.9417233882	-199.5534108612
1.0228161070	0.4038807586	-200.1534459298
1.4619743014	0.8503744583	-199.3738412502
1.0760721394	-0.0503004195	-199.1741808237
0.7819463460	0.6616829209	-198.5365526086
-0.1089300112	1.1132034824	-198.5862365959
0.6803008779	1.7227332779	-198.6609897371
1.6124525291	1.4038764053	-198.4894566676
2.2790625531	1.1096207835	-197.8045882824
2.2458831031	0.8210136855	-196.8477157376
1.4177261205	0.3446118425	-196.5524238547
1.2935204328	0.8388604965	-197.4128256301
0.3874801090	1.1966520018	-197.6388260072
1.1526708709	1.8391989965	-197.6790311973
0.3067877832	2.3723278672	-197.6950127200
0.5630955415	2.0132962244	-196.7975704587
0.4932016856	1.0346282213	-196.6043768027
1.3902431280	1.4164940670	-196.3819018008
2.0096488987	0.9106437836	-195.7815252672
2.2826000446	1.8680869006	-195.8753354463
3.0704024345	1.4510568961	-195.4220658029
3.8974156098	1.2443298115	-195.9448593762
3.7882470124	2.1806536081	-196.2785957469
3.5603128383	2.6821779156	-197.1131731138
2.7072179690	2.5753987199	-196.6024605260
2.5278201362	3.0213685649	-197.4793455327
1.5862150638	2.7743049542	-197.2505673430
2.0142261141	1.8889189220	-197.0691889684
2.1108888559	2.2108549583	-198.0110029112
1.3630307568	2.6268071401	-198.5283925575
2.0105023268	3.3740995898	-198.3789450396
2.9823064612	3.5171364870	-198.5663941538
3.8744026593	3.0895320318	-198.7124037536
4.2432498644	2.8058131807	-199.5975338869
4.3817536255	2.0956892384	-198.9072146167
3.9372597112	2.1085502707	-198.0115250756
3.0662075064	2.5050836612	-198.3014031995
2.7480441266	1.6020885781	-198.5901452012
2.4659193508	0.9740017828	-199.3153435110
2.2675859154	0.0081024629	-199.1489032754
1.7831139819	0.3640866514	-198.3498024037
1.9113053355	-0.0217014167	-197.4361643225
1.3509842156	-0.8211931245	-197.2197082028
0.9579756149	-0.2080698596	-197.9049994561
1.6044788046	-0.6887224497	-198.4974576514
2.0720601664	-1.3644679358	-197.9276017854
2.5137776288	-0.8832764249	-197.1704093309
2.2661371382	-0.2347886869	-196.4505914086
3.2413220847	-0.3360399969	-196.6474733336
2.9218586866	0.1879476102	-197.4370175850
2.5793994653	-0.4057864422	-198.1651669906
2.9063323645	0.4885806846	-198.4704902978
3.4534795384	1.1065424448	-197.9059079451
2.9845740477	1.8767162624	-197.4735193104
3.0284620563	1.4875647247	-196.5533916435
2.9973934134	0.5945336921	-196.1044703649
3.6870753225	0.6164925535	-196.8282498014
4.0509907602	1.5069678207	-197.1014152323
4.9139257051	1.6651178883	-197.5813442239
5.3305389623	0.8282480065	-197.9364247708
5.3015596095	1.3376746962	-198.7964507268
4.3905660624	1.1826793756	-198.4142633283
4.2928042496	0.4725635145	-197.7169986068
3.7029012355	-0.3122524934	-197.9069414081
4.2336814990	-0.3675025490	-197.0612347550
4.0763104611	-0.9217825922	-196.2439171972
3.9927879553	0.0298812077	-195.9483499407
4.9208411563	-0.1137559316	-196.2919858358
4.8226547558	0.7181830080	-196.8380966592
5.5586341162	0.1165047833	-197.1484475814
5.0265862711	-0.2904377136	-197.8909587899
4.8907656430	0.2412080165	-198.7269645163
3.8946864902	0.3293461606	-198.7345795608
3.2928172714	0.3040823815	-199.5327745150
3.3183774232	-0.5283099748	-198.9791775101
2.5296471432	-1.1413992244	-198.9341650964
3.1525447440	-1.2980499733	-198.1677062770
2.8673936547	-1.9262144383	-197.4437599660
3.5736925882	-1.2655277480	-197.1895259916
4.3503957934	-1.1876336592	-197.8145577043
4.3157090328	-0.7149541779	-198.6951092000
4.3271514288	-0.2252705573	-199.5669343105
3.6865085249	-0.2762726759	-200.3330775436
4.0352342184	0.6609173559	-200.3250007237
4.5084067881	0.9216397346	-199.4834951916
4.1595554534	1.7481920509	-199.9252123124
5.1220261665	1.9402119737	-199.7334351614
