2.5934613913	-1.5096487531	30.8611107183
2.8399372894	-1.9519480299	29.9987761073
2.1148224387	-1.7898830839	29.3294903636
2.0027383679	-1.0800790181	30.0249149457
1.6741272502	-0.9976277879	30.9657744081
1.0072625027	-1.2434119723	31.6692525835
1.4536565399	-1.8561587220	32.3213827731
1.5020271892	-2.8547207046	32.2982689847
0.7800972885	-3.3807298409	31.8486784967
1.5192001717	-3.1284376738	31.2241181790
1.9339821524	-3.2020508883	30.3171799213
1.8458532188	-2.2126450256	30.4325459909
1.8955986427	-2.1110655691	31.4261289048
2.4499222560	-2.8447358344	31.8191343418
2.6921389129	-2.6083753005	30.8781429555
3.0447004600	-3.1772531732	30.1351232239
2.4792458798	-2.8307425758	29.3866637904
1.4916132745	-2.6934367878	29.4623536679
1.6316493127	-3.2061625843	28.6152986722
0.6628063885	-3.2010146771	28.8629211416
-0.3049751528	-3.1379395036	29.1066841634
0.0841437111	-4.0589254583	29.1259554106
1.0618642106	-4.1759757583	28.9517088836
1.9234943194	-3.8740715697	29.3596885602
1.9672290664	-4.8604941234	29.2013919478
1.3741005127	-5.1164600493	28.4380571827
0.4007723924	-4.8872167444	28.4469946031
-0.0954426626	-5.1477874291	29.2751694261
0.8981756734	-5.1590923196	29.3873959909
1.6016448330	-5.6133281194	29.9340229018
1.5002772949	-6.0733084225	29.0518989065
0.5763426911	-5.9458653080	28.6912008328
0.4967755133	-6.0697591823	29.6803011170
0.5505368080	-5.3962117920	30.4174874138
1.3150286064	-5.1391743512	31.0086591690
2.2333218255	-5.0524386103	30.6223762739
2.5910726788	-4.2059792900	30.2280148331
2.7266646970	-3.6775458853	31.0660917636
2.1043321926	-3.8265703040	31.8345278225
1.2441912344	-4.3087096347	31.6680970624
1.7828532975	-4.1097813669	30.8493964297
1.3016025687	-4.5346692168	30.0826708914
0.3072115951	-4.4293593303	30.0728515552
-0.5094530531	-4.9038664006	30.4013357903
-1.3028813238	-4.4049949032	30.7500459971
-1.0726209042	-4.1954055688	31.7003367158
-0.1338114026	-3.9274958780	31.9168110036
0.3085178415	-4.5370307878	31.2589264897
0.7626237887	-3.8047585817	30.7514176672
1.0649644918	-3.5765707757	29.8259337805
0.1453682436	-3.2576827969	30.0553966258
0.9126046446	-2.7392385150	30.4329728850
0.0443044019	-2.2466381079	30.4912783515
0.0780912861	-3.0216619625	31.1223064581
-0.3546431202	-3.8731495505	30.8261480189
-1.1210460029	-3.2338748087	30.7632637922
-0.8397947448	-2.7446660007	29.9376897664
-1.5599934585	-2.4739403632	29.2989242054
-1.3159594305	-3.3217190520	28.8280540662
-0.9793103198	-2.5929850352	28.2317201757
-0.0727005132	-2.9764467838	28.0556072972
0.8924095418	-3.0422937622	27.8021773124
1.3333003496	-3.9345153966	27.8999313444
0.3475831655	-3.9310976564	28.0683057847
-0.6074329255	-4.0412007997	28.3436629413
-0.9884423714	-4.4922161582	29.1507669920
-0.6608967973	-3.8514177411	29.8450949300
-1.6250750474	-3.5876291863	29.8729499179
-2.1754668015	-2.8065871152	30.1679790693
-1.5718887546	-2.1605039033	30.6351728456
-0.7523140193	-2.3241414770	31.1842812118
-0.8478545492	-3.1182318717	31.7845248725
-1.6018592534	-2.4625040762	31.8232284134
-0.7825000552	-2.0816447428	32.2517102361
0.0320479019	-2.6399848429	32.0943318444
0.6580089465	-2.3791085048	32.8292578998
0.2124360858	-1.5652945471	32.4562007083
-0.4709039572	-1.0080103058	31.9845221525
-1.2712567543	-1.4250179881	31.5537786173
-1.3030520864	-0.4721720036	31.2519946106
-1.5606300019	-1.1167667941	30.5321674276
-0.8518996819	-0.5188717990	30.1577039337
-0.4611733196	-1.0777095568	30.8891636184
0.0901749952	-1.7259079036	31.4143816102
0.8734955208	-2.3368859303	31.5289014995
0.9635388815	-1.7421452966	30.7300424557
1.1337868887	-1.7210321687	29.7448674196
0.3846091803	-2.3160825196	29.4539243992
0.9443298025	-2.1441557622	28.6432740337
0.0418949002	-1.8946249997	28.2920680463
-0.8689145191	-1.4843132929	28.3375708483
-0.6144073912	-2.0146012003	29.1462864084
-0.7581607018	-1.6876470748	30.0803292262
0.1669001465	-1.3087506162	30.0538735913
0.5750670286	-0.7983937380	30.8107987219
1.0158012143	-0.6254850959	29.9299718496
1.4227422525	-0.9617059510	29.0806459239
0.4428295698	-1.1582648305	29.0469451641
-0.5177930135	-0.9440874431	29.2239544837
-1.4520269271	-1.2770456648	29.3518052458
