0.9634892190	1.7950639086	-4.4965594908
1.1027149886	1.7411375612	-3.5077682418
1.1194269126	2.3444105121	-2.7104085623
1.2314104133	2.8345811880	-3.5748114800
0.2777680635	2.6716128528	-3.3218142656
0.0890030777	1.8971825797	-3.9256565730
-0.3018677961	1.0414557237	-3.5866115790
0.5782260295	0.8975932325	-4.0390919011
-0.1201199103	1.1593114845	-4.7052874466
-0.9399620510	1.6466129649	-4.4046279522
-1.6282665751	2.2129472496	-4.8579516335
-1.0990888641	3.0613814521	-4.8465343485
-0.3237881832	2.4302751691	-4.8217611008
0.4782965162	2.7880370257	-4.3435701463
-0.1832611629	3.5303357654	-4.4500314931
0.3940998376	3.7003499550	-3.6514393254
0.1853696698	4.1691766596	-2.7931659201
0.8765152663	3.4559611181	-2.6763697052
1.0660128167	3.0143134890	-1.7994215595
0.3868635293	2.9628918923	-1.0672248203
-0.3122320120	3.2669719607	-0.4200766641
-0.6089104433	2.3885418567	-0.0454535727
-0.3319322365	2.1812352505	-0.9837003654
-0.6625258229	3.0052979811	-1.4437313390
-1.3231850843	2.9090879314	-0.6992362304
-1.0587457772	3.8591598918	-0.8648717424
-2.0500163084	3.7441274402	-0.8004491616
-2.7003299801	3.0889340541	-0.4159836166
-3.4282775715	2.7529258899	-1.0136380466
-3.8603103302	3.2710683323	-1.7517952824
-3.9989936341	2.4356399960	-2.2836095697
-3.0366712061	2.6912320252	-2.1908288652
-2.7111039987	3.4288368913	-1.5992673257
-2.1759270839	4.2586447368	-1.7573957842
-1.5945223079	3.4454645860	-1.7308151729
-0.7378107423	3.9175572218	-1.9385983209
0.2289085569	3.7728615943	-1.7276078663
-0.0528959904	3.0761505355	-2.3872895302
-0.5801429126	3.5176127657	-3.1133210600
-1.4313094879	3.9139217563	-2.7691486540
-2.3754438354	3.5952987531	-2.6849482042
-1.7663437315	3.0363016023	-3.2475486386
-1.5613766155	2.2529347398	-3.8343406291
-0.7080875731	2.7729060620	-3.8734255930
-0.6149477600	2.0864052484	-3.1522864884
0.2408607191	1.6772346970	-2.8357879782
0.7067249743	0.7944568695	-2.8963998822
0.9642511620	1.4032920957	-2.1460666695
0.4067428913	2.1540166755	-1.7916698111
-0.5582633675	2.0416871310	-2.0286191601
-1.0447802959	2.8089975730	-2.4463941760
-2.0244556722	2.6904439034	-2.2845881673
-2.3797224430	1.7558735347	-2.3036603357
-1.5615819187	1.9156898299	-2.8560232911
-1.3271241481	1.1796109895	-3.4910173813
-0.8331638655	1.1342317823	-2.6227179129
-0.0264690902	1.0216702767	-2.0425684090
-0.5257811487	1.1064066314	-1.1802997627
0.3957487428	1.3516803843	-0.8792624806
-0.2727703778	1.2956069543	-0.1376844633
-0.8399501336	0.4982634802	-0.3439622105
-1.3153524191	1.1538524196	0.2427198239
-2.2698388671	0.8557460189	0.2521110066
-1.7721968047	0.0306504703	-0.0154141572
-1.5572950515	-0.0408590835	-0.9894283359
-1.7869760165	0.8926447182	-0.7140789095
-1.2679123181	1.7435913515	-0.6336879631
-2.2009765827	1.8502331781	-0.2901496115
-3.1547384543	1.7230746090	-0.5624894553
-2.8259894864	0.7815438168	-0.6362721322
-3.6134926223	0.8927121589	-1.2424737577
-4.0008410107	1.3375949825	-2.0499640048
-3.2756243504	1.8601133254	-1.6015943170
-2.3861367052	1.5019114450	-1.3178635611
-2.4146856033	2.4991086549	-1.2487066020
-1.4733928223	2.2701696294	-1.4968090466
-1.4147600338	1.3002883798	-1.7332251160
-1.0953134320	0.3699252323	-1.9131647791
-1.7408606409	-0.2851369636	-2.3057998774
-1.1866964198	0.1918158302	-2.9880154214
-1.8604078558	0.8229817168	-2.6036425236
-2.1640254311	0.5408776231	-1.6935690934
-2.9760844284	0.9139848584	-2.1422908064
-3.7518832054	0.2892049932	-2.2305312604
-2.8977692413	-0.1354833367	-1.9303160728
-2.6382442337	0.1627252950	-2.8488575158
-2.0617329653	0.3891094749	-3.6339593948
-2.9729851433	0.6188599511	-3.9757695566
-3.5010426901	0.8370943489	-3.1550814459
-3.3301616074	1.7511650728	-2.7872848074
-2.6035245208	2.3293772198	-3.1583228882
-2.4667259022	1.3493790740	-3.3028558332
-2.0773822100	1.3834019541	-4.2233198102
-2.5843403909	2.2451799772	-4.2415418243
-3.3707202422	1.7381157384	-3.8887067535
-3.7216991638	2.5288325137	-3.3871284667
-3.4983113821	3.3558441650	-2.8712315510
-2.8259145738	3.2788316585	-3.6074051760
-2.0732663443	3.2056336997	-4.2617466017
-1.2855091962	3.7269533567	-3.9336239253
