0.7589709058	3.9069392732	-15.0258467433
-0.1722722587	4.2694571273	-15.0628193551
-1.1442860296	4.2720700528	-14.8279100074
-0.7718864358	4.2671897460	-13.8998503514
0.0514480987	3.7379990788	-14.1049783162
-0.2081894019	3.2150577650	-14.9168408357
-0.8345212540	3.5022574314	-15.6415647574
-0.3268137528	2.6513461758	-15.7764095877
0.6225980174	2.8070087066	-15.5036707619
0.2199548634	3.5164515273	-16.0820904838
0.3581358799	2.6806513636	-16.6134510891
0.9317960007	1.8792155324	-16.7826098143
0.3745890464	1.8323728298	-15.9535584459
1.2337151486	1.7414756873	-15.4499315502
1.5274233431	2.5556512062	-14.9490785569
0.6981149604	2.7572019398	-14.4279020914
0.7567501215	1.7589245434	-14.4299411608
0.5666715803	0.8148219151	-14.1606079556
1.0550122863	0.7009763715	-15.0258030475
0.8523521353	0.8513091526	-15.9934439510
0.1991338089	1.0251796054	-16.7303800972
-0.6335933867	1.1122151195	-17.2771800945
0.0470683658	1.8319546518	-17.4138350769
-0.5331878144	2.6379588242	-17.5307112488
-0.6551688947	3.1248729002	-16.6658209097
-1.2795033003	2.5613789983	-16.1248207502
-1.1571316697	2.6110389545	-15.1335795723
-1.7188197741	3.4357392106	-15.0674285261
-2.3517798042	4.1388556388	-14.7434086367
-1.8185522653	3.8064383401	-13.9654837487
-1.0364696811	3.2274863851	-14.1960514509
-0.2470569851	2.6671091894	-13.9454422057
-0.3382533561	2.5768156495	-12.9537112449
-0.4531204273	3.5447131060	-13.1772734727
-0.4938895292	3.3930352954	-12.1896846300
0.4289255139	3.0600023013	-12.3833374667
0.5302617697	3.0878231080	-13.3778006214
0.5983885073	2.0937616852	-13.4626571797
0.0690758667	1.4166185179	-12.9514769185
-0.3800945631	1.8324297910	-12.1606881287
-1.1280629130	2.4940772753	-12.2132804668
-1.8846610720	3.1475714771	-12.1908181874
-1.4856553167	3.6822087998	-12.9357727769
-1.3427985557	2.7549340456	-13.2818269285
-2.0127005456	2.2407321019	-12.7462639676
-2.3345539196	1.5216185422	-12.1304018939
-1.3500932957	1.3947488832	-12.2518159355
-1.0248740219	1.7617405316	-13.1233373374
-0.7771465784	0.8005226118	-13.2445446981
-0.9832616268	0.2182671530	-14.0309893354
-1.4520270543	1.1010761293	-14.0008681575
-1.7618096964	1.5993543384	-14.8106542657
-1.0425545938	2.0377429112	-14.2716852901
-0.2645497015	1.4734614242	-13.9954701727
-0.7517014601	1.0578253375	-14.7635390547
0.1351048842	1.2014562991	-15.2027937127
-0.1610769298	2.1074420917	-14.9003601224
-0.8029952044	1.7087492236	-15.5553295306
-0.5072640516	1.8916239989	-16.4929328059
-1.3338386883	2.0442417640	-17.0346727691
-1.5968465945	1.1222786852	-16.7504001487
-2.3843629646	1.6826125074	-17.0070009565
-2.1696715463	2.3564634347	-17.7139893035
-1.5600464207	3.0451258612	-17.3214319593
-2.2257972864	2.7154073978	-16.6520579834
-1.7242326788	3.5030441158	-16.2942013853
-1.8241402510	4.2987092464	-15.6967606124
-2.5882826088	3.6550703333	-15.6541530236
-2.8328528982	3.1204335890	-14.8452346561
-2.0256016306	2.6888651450	-14.4426255790
-1.9770370252	1.9705915972	-13.7485617566
-1.9505549157	1.1888667791	-13.1255007591
-2.8397546681	1.6437349489	-13.1746815324
-2.9237380836	0.6512984879	-13.0851457476
-2.1861614223	0.4123368626	-12.4535778491
-1.4565499052	0.0082879022	-13.0053128142
-2.1213812339	0.2978650415	-13.6938942435
-2.5215743069	1.1021776804	-14.1331284445
-3.4184676231	1.0887931249	-14.5751728235
-3.6634379478	1.7357961589	-13.8531086892
-2.9613014889	2.4356212695	-13.9844449279
-2.3773509479	3.0279408464	-13.4293239642
-2.9540251268	3.6875536385	-13.9113590831
-3.7327862101	3.1297122024	-14.1983157128
-3.6586809612	2.3905536480	-14.8677580505
-2.7632055021	1.9512027750	-14.9391339043
-2.5767583236	1.0194023834	-15.2505588230
-3.2949337338	0.3359993188	-15.3816478446
-2.7009005002	0.1511855809	-14.5987248601
-1.7438272922	0.3900868665	-14.7628499660
-0.9926702105	0.1003377760	-15.3559844391
-0.6568202345	0.7536834528	-16.0344711524
-1.5736049248	0.8985910333	-15.6623050273
-1.9592814049	1.7647802457	-15.9800626410
-2.1703345424	2.6348872716	-15.5346747914
-3.1322798563	2.6528062516	-15.8073286435
-3.0256526542	1.6722036098	-15.9717947454
-2.5475841197	0.8542313543	-16.2917507823
-1.8722129267	0.1402505120	-16.4764264672
-2.2769555146	-0.0180749160	-15.5758064050
