-3.7949423587	-0.4992309229	5.2129150154
-3.4797280410	-1.4466358826	5.1575636267
-2.5390939199	-1.7289582157	5.3459821776
-1.9441408065	-2.1418042515	4.6563526077
-2.8356235363	-2.5876856900	4.5760513905
-3.7405546483	-2.9666677693	4.3824738450
-4.6995286811	-2.6840394104	4.4046101288
-4.2238232179	-2.1726152613	5.1202564465
-5.1805948893	-1.9009512081	5.0163978362
-5.4964995247	-0.9595442220	5.1345382096
-4.6337100926	-1.1544420979	5.6010242371
-4.7661944440	-0.1858514158	5.3905961323
-4.2915949700	0.6165332517	5.0287478430
-4.1419147977	-0.0218137827	4.2736922757
-3.5883226700	-0.8417122789	4.1277395027
-4.4514907592	-1.1044388320	4.5589188250
-4.6508755198	-0.7075162837	3.6629845596
-5.2163460892	-0.2568358287	4.3537306509
-5.2670152707	0.2161456863	3.4741164624
-4.5709041623	0.8863371225	3.7315514320
-4.1485589307	0.1429266132	3.2129327668
-3.5190361473	-0.6260034138	3.1013636006
-2.7461168498	-1.1976237515	3.3767650333
-2.2614492033	-2.0339660618	3.6329462435
-2.8028885284	-1.5660540106	4.3314458996
-3.7291929272	-1.9131019624	4.1847561592
-3.6632362719	-1.7515349316	3.2001009839
-4.3389787556	-1.1602141740	2.7599738916
-4.8393387326	-0.3324626757	2.5060696764
-5.1311235917	-1.1769402381	2.0569380222
-5.3729012177	-1.2723557707	3.0225670688
-5.9198753867	-0.6593820963	3.5927271630
-5.4658939254	-1.3638245179	4.1383109856
-4.6829516881	-1.7872083956	3.6825176714
-4.2653928871	-2.6608326823	3.4326672092
-4.4476804528	-2.2334675456	2.5471558974
-3.5898518097	-2.7416296864	2.6239755416
-3.1463377761	-2.6539375504	3.5159426886
-3.6066151837	-3.5314907163	3.3816104543
-2.8899475292	-3.5854949126	4.0769312578
-2.1609512338	-3.1241221455	3.5712638068
-2.5439951989	-2.9237014059	2.6695383231
-2.8425720505	-1.9712030270	2.6095491424
-3.6359808680	-1.6814772209	2.0742348371
-3.8589346305	-0.7189912458	1.9195985944
-3.3285625671	-0.6120812611	1.0786017278
-2.4010834692	-0.7686659659	0.7390965685
-2.4225862552	0.2282017257	0.8152046207
-3.2088930435	0.4349434188	1.3974240870
-4.0362347224	0.3687524331	1.9552094399
-3.1810793426	0.1405210589	2.4206336725
-2.4773296475	-0.2706145544	3.0000332532
-2.6317934305	-0.3726669121	3.9827469734
-2.7070093734	-0.6584352413	4.9380893330
-3.1504341880	0.2007599619	4.6828286102
-3.5701015902	0.9898908130	4.2343291438
-3.1767385913	0.4366566126	3.5000284761
-3.6802759885	1.0552681461	2.8968951076
-3.0203572474	1.1991541837	2.1594643899
-2.3695565459	0.7833148201	2.7947092802
-2.0938193213	0.5894381739	1.8532312777
-2.5031535894	-0.3159231229	1.7402428748
-2.9148345155	-0.9828232188	2.3613411579
-2.7302698437	-1.4819496230	1.5146955918
-2.0241535917	-2.0227038975	1.9718439850
-1.9516444067	-1.3144891920	2.6741077168
-1.7015360383	-1.0664998071	1.7381872773
-1.5026107389	-0.2075131124	1.2664134081
-0.7145342377	-0.6997404625	1.6360722562
-0.7893388123	-0.8235375793	2.6255562376
-1.0171012611	-1.7698104469	2.3960090158
-1.6397860430	-2.4025695947	2.8563127452
-1.2120342227	-2.4940572519	3.7555670967
-1.1452290138	-1.5525076159	3.4253832888
-0.9852237864	-1.6863407295	4.4033848353
-1.5794892112	-1.1474503115	5.0004155902
-1.8710258353	-1.1051719329	4.0447906975
-1.5295866941	-0.5093777598	3.3178459842
-1.6155277512	-0.1990394881	2.3711124990
-0.9538353099	0.4571551256	2.0083843060
-1.3142778812	0.7768546407	2.8846681487
-1.7861385786	1.4216908170	3.4859449468
-2.7840231068	1.4819966887	3.5102280747
-2.4710732024	1.0025264325	4.3300882035
-1.9897453112	0.3871461004	3.7058843040
-1.7111517578	-0.1503906059	4.5017736942
-0.9729580954	0.2867730435	3.9880052051
-0.7772642258	-0.6929755211	4.0303922262
-0.1361640261	-1.1159594192	3.3900211184
-0.2427044750	-2.0713221472	3.1144649702
0.0414404572	-1.4881945100	2.3533974198
-0.2148173363	-2.3988495310	2.0292996319
-0.7362533586	-2.9247276777	2.7012792815
-1.5971138586	-3.4170202647	2.5725656136
-2.0679147362	-3.1369729371	1.7359533809
-1.2111545281	-2.6255731405	1.6693786564
-0.8530746768	-1.7434278424	1.3634399485
-1.7118420969	-1.6485505537	0.8599354120
-2.3635819158	-2.3965938241	0.9851011981
-3.0261679157	-2.5544301428	1.7172674971
