3.1105665637	-1.6326398366	106.9463823138
3.8468095932	-1.5657815659	106.2729759186
2.9517793461	-1.3087134801	105.9085080106
2.0490066328	-1.7250711497	105.8005834119
2.0371902920	-1.6806181661	106.7995250049
1.1625168334	-1.2902688409	106.5121685273
1.2890620660	-0.8777568125	105.6100487290
1.1546313341	0.0331134303	105.2198644402
1.0523139943	0.8952115232	105.7161688228
1.9398635786	1.3559222798	105.7173239187
1.6498070617	1.1399542210	106.6496462957
1.0029482925	1.8418158416	106.3513779631
0.1924520738	1.4654589916	106.8002113410
0.7949000456	0.6683724808	106.8415578717
1.0832019366	-0.1954581026	106.4284250327
1.8765826321	0.1178935395	106.9503041571
1.9058536178	0.3185751379	105.9710850266
2.1328183074	0.3484175462	104.9976393628
1.8248921324	-0.3727545003	104.3770812672
2.2213145267	-0.9374870115	105.1009089236
2.9510379117	-0.4722170604	104.5998823234
3.3894962808	0.3808910892	104.8826556312
4.0762618943	-0.2943051844	104.6134661363
3.6756217224	-0.6589545891	105.4540125445
2.7971753096	-0.2354942177	105.6754018253
2.1629547785	-0.6972427617	106.2955248777
2.5500113025	-0.7809233133	107.2137758306
2.4036464203	-1.4988613951	107.8943213706
3.3779491190	-1.4752185790	108.1183197378
3.6783550484	-0.7934096112	107.4513168825
3.3564978287	-0.5732957532	106.5304706306
2.8734465387	0.2931653130	106.6565922865
2.6790186770	1.2700286503	106.5675090290
2.8582148144	0.8280272740	105.6885758531
3.6964099614	0.3215441263	105.8908225259
4.5523349219	-0.1809516039	105.7687958767
4.4029711712	-0.7215474039	106.5967129323
5.0791635652	-0.0074341269	106.7778374029
4.6032866488	-0.2531942735	107.6223154138
4.0002935167	0.1891786175	106.9584588721
3.3019216378	0.1556432754	107.6734078911
2.8130799653	-0.5122309071	108.2346368066
1.9441306847	-0.1081783051	107.9488595465
1.4814382287	0.7457026110	107.7105255952
0.7137963072	0.9267178211	108.3253096012
1.5856885309	0.8105371737	108.8010259110
1.0774576752	-0.0220106937	108.5806502190
1.9699778858	-0.1733326538	109.0055141244
1.7049319298	-0.8312975400	109.7103778344
0.8172045810	-0.8050873660	109.2507549661
0.6959805969	-1.7024721471	108.8264846509
1.2327604845	-1.9157950002	108.0101754493
0.5564417158	-1.6253794423	107.3332325220
0.5958924173	-0.9205371375	108.0414986920
0.9936260354	-0.2020399000	107.4709115481
1.5499626297	-1.0322697083	107.4361544013
1.5976863212	-1.0067576703	108.4346891204
1.7306888989	-1.8245490458	108.9946244563
2.5283098136	-1.2213910479	108.9957672053
3.4496836869	-0.8355880365	109.0429500637
2.9377292430	-0.0381140361	109.3622271628
3.6205282605	0.1834405570	108.6660238419
4.2141955984	0.6511612011	108.0111982995
4.6656836689	1.0272151665	107.2020370441
5.0413846468	1.5033109785	107.9971354990
4.1256531452	1.8778345895	108.1426273608
3.8942666567	2.7626654747	107.7382332492
4.7946413784	2.4588175219	107.4267821581
4.0488492625	1.8999473490	107.0642104414
3.5006414230	1.0971104100	107.2985627701
3.3315940200	1.2133075075	108.2772972643
3.1030666137	1.9831347825	107.6813600267
3.0873167810	2.2003128681	106.7053550974
2.1183741731	2.1695799564	106.4599865768
2.1040197189	1.7719726368	107.3774299642
2.5055256010	0.8674412725	107.5210128241
2.6016707966	0.5385918337	108.4604882883
2.6707611386	1.1207099367	109.2706518760
2.0670440164	0.5512151181	109.8285060575
1.1633873516	0.1810849471	109.6130802263
0.7609644595	1.0811039170	109.4456834833
1.6257098808	1.5715661741	109.5536748285
2.2570986537	2.2105831032	109.1143508231
2.2630519606	1.5540500491	108.3600770618
1.3078986962	1.8453768206	108.4130954890
1.0152476137	1.6587114642	107.4752728039
1.3425278206	2.5330634313	107.1169485043
2.2849548992	2.8170339153	107.2935609778
3.1486624517	3.2266429991	106.9999121019
4.0428383643	2.9118366522	106.6815626066
3.8833744723	2.2873360905	105.9169906246
3.7651420815	1.3421979582	106.2215148644
4.6128718462	0.8137667883	106.1755285108
4.8337333481	1.7662767991	106.3851588430
4.7132833985	1.6075554185	105.4052102051
4.3799520808	0.7192043160	105.0894214287
3.6450806513	1.3965512950	105.1235542870
2.6923633558	1.4169205746	104.8203796719
2.8790237369	1.9249021264	105.6612795738
2.7998380766	2.8783389781	105.9522912592
