-3.3699481124	0.2824745502	-61.9388615233
-4.1175449910	-0.0305677589	-61.3531112184
-4.3068536537	0.9287799798	-61.1437929286
-5.0672660871	0.7750757009	-60.5128032887
-4.6321889543	1.6601630586	-60.3474906827
-3.8091782840	1.1373852054	-60.1253268854
-4.1719017924	0.2247524731	-60.3138292788
-4.8902020118	-0.4489355721	-60.4875797108
-4.9083301539	0.0035088667	-59.5959713885
-4.6656942868	0.9717821205	-59.5361822421
-5.4230362307	1.6211677367	-59.6049681535
-5.7605426854	0.6799609591	-59.6197733889
-5.4161508572	0.6435198734	-58.6816548910
-5.7443842886	-0.2505393047	-58.9864843526
-5.1844545779	-1.0492262130	-59.2068883941
-4.3197765376	-1.3119956824	-58.7787714796
-4.1779177482	-0.7742320122	-59.6098468786
-3.7592954390	-0.7465877279	-60.5175864645
-3.1179471216	-0.9870370184	-59.7889874840
-3.1388158124	-1.2724142270	-58.8307994301
-2.5506223949	-2.0533176085	-59.0410811754
-2.4786714763	-1.6934595397	-58.1108525822
-1.5306463242	-2.0115321250	-58.1196923485
-1.2085322502	-1.5210724686	-58.9294403641
-0.9409922374	-1.1293335033	-58.0491205787
-1.8191121020	-1.0282476008	-57.5814806065
-2.6522182378	-0.8317471567	-57.0644489421
-2.7374882732	-0.6372322006	-58.0416351848
-2.0397520587	-0.7943585540	-58.7405453965
-2.0360291860	-1.3100549373	-59.5973087130
-1.1787196061	-0.9131638541	-59.9251772115
-1.4380070477	-0.2658651445	-60.6419577939
-1.2722102102	0.6859102870	-60.9000952315
-1.9528355094	1.4163198691	-60.9571131618
-1.1829685233	1.7714462359	-60.4268395651
-1.9648529731	2.0371197004	-59.8628587877
-1.7102417483	2.9758038016	-59.6303823753
-1.1960218872	2.2843815087	-59.1229248427
-0.9110670391	1.5932471446	-58.4587456310
-0.8823746874	0.6381172555	-58.7535398709
-0.8719049920	1.3392499678	-59.4664938001
-0.4683566132	0.8643206211	-60.2485365237
-0.9705921356	0.1708580717	-59.7319427059
-0.9559512185	-0.4445036567	-58.9438338386
-1.4154216854	-0.1564497824	-58.1036482307
-1.9895957572	0.0244587887	-57.3051520040
-1.0677737745	0.4089917379	-57.2563806681
-1.5806716680	0.9182795376	-57.9474390505
-1.9132680434	1.8568320340	-57.8552497740
-2.6447679784	1.3832411931	-58.3457796512
-1.8553390354	1.3113319710	-58.9553951101
-1.7745714321	0.9681326613	-59.8911786471
-2.2832858878	0.4591852878	-60.5855720324
-2.0341185001	0.1304567465	-61.4965347974
-2.4788404344	0.8858865364	-61.9777293877
-3.0006543181	1.4668142251	-61.3530428332
-3.3154095913	0.6295642600	-60.9058945201
-2.9488983353	-0.2863203164	-61.0696777366
-2.3397065499	-0.9276745278	-60.6032550270
-2.1368564141	-0.3192145717	-59.8360338696
-1.7955826229	0.2091005822	-59.0585923621
-2.3741002856	0.3512058597	-58.2553966176
-3.3532081529	0.4390087292	-58.4388044704
-2.8990264382	-0.2426938001	-59.0123902370
-2.6830778453	0.6925872050	-59.2927750563
-3.1323905133	0.1512530505	-60.0034616676
-3.8607606709	0.2003085480	-59.3200361254
-4.3502634415	0.6846524397	-58.5949168027
-4.7480297449	-0.2327088859	-58.5797455734
-5.1937829295	0.0834227175	-57.7422702557
-5.5322392614	-0.7967674802	-58.0750051761
-4.5865693128	-0.8783375882	-57.7602756637
-3.7847998783	-0.5374107475	-58.2511266220
-3.4884538354	-1.3343251842	-57.7247176523
-3.7321777703	-0.5734838140	-57.1232868142
-4.0344640517	0.2434225690	-57.6144965102
-3.0566978526	0.1525042396	-57.4255332401
-2.5446669515	1.0087280845	-57.3569396273
-3.5043883907	1.1246285767	-57.6128728901
-3.9693927267	1.7234946381	-58.2648931413
-3.6398396266	1.2546435733	-59.0843889822
-2.7929209072	1.7291856127	-59.3242608969
-2.7963506056	1.3012772721	-60.2280765248
-2.7821775506	2.2413311821	-60.5688077546
-3.7284298715	2.1032987168	-60.8613031969
-3.6036086798	2.1081077456	-59.8691355984
-4.4116608849	1.9769748697	-59.2948048551
-4.9956604026	1.6101406758	-58.5706658922
-4.7897442185	1.1359907653	-57.7146399653
-4.2538219586	1.1217368138	-56.8704929661
-3.4045188853	0.7031556575	-56.5488190549
-3.2794803777	1.6795741522	-56.7248085286
-3.0472243617	2.0982292898	-57.6027521594
-2.4398569008	2.8388839589	-57.8900419583
-2.1859378325	2.3978336692	-58.7508553810
-3.1748038823	2.3731466005	-58.6041090552
-3.7175461818	2.9245791772	-59.2376332534
-2.7849881939	2.7889245095	-59.5721977617
-3.4090661752	3.0886186367	-60.2938002170
-4.3533022024	2.7826895605	-60.1720392825
