0.6928364449	3.7342752651	-162.3234892561
1.3163471121	3.1525308639	-161.8011790996
0.8814209147	2.3680116466	-161.3591736691
1.3473764988	1.4916734279	-161.4813076943
1.4508674141	2.1506353695	-162.2263303718
2.0230109408	2.3505083162	-161.4309043287
2.4397673282	2.4684464919	-162.3322392832
2.2424707945	3.4487237048	-162.3208084649
1.5601979763	2.9643348618	-162.8684134778
2.3485028815	3.1968181217	-163.4380861122
1.4698207668	3.4887092647	-163.8158655480
0.6422303956	3.2544164436	-163.3057664875
0.5348763318	2.6267754826	-162.5347010369
0.5044837491	1.6922669515	-162.1800602381
-0.2048326051	1.6047038722	-162.8794907327
-0.4450512261	2.3535708516	-162.2618393252
-0.0439227398	3.1157456115	-161.7537196809
-0.3183346800	3.3410175815	-162.6885729456
-0.3331609598	3.5387911758	-163.6687085418
-0.4981040369	2.8611982728	-164.3854104596
-0.9522181188	3.0963193785	-165.2447697944
-0.6258924043	3.8780957445	-164.7134156359
-1.3511492928	3.4811383592	-164.1508969429
-1.1138044616	2.7871132347	-163.4711936564
-0.1589708298	2.5058648990	-163.3753181688
0.4920929039	2.6055922666	-164.1277611678
0.5512177868	3.5783993571	-164.3517044932
1.3890231465	3.9267322700	-164.7721166256
1.2316318218	2.9393555910	-164.7543609290
1.0069595034	3.2764896925	-165.6686163347
0.2259841492	2.8633768158	-165.2001985219
-0.0977298979	1.9901879980	-164.8358490961
0.0339088378	1.0080222777	-164.7016040175
0.8153704313	0.7065263559	-165.2478804925
1.4645802120	1.3938894902	-165.5735468589
0.9378087658	2.2422002086	-165.6272196495
1.6608377441	2.1205030843	-166.3072335513
0.9663043007	2.7710811349	-166.6144329914
0.0878353223	2.4515830175	-166.2591680100
-0.6875897943	2.1672627268	-165.6953614289
-1.1579415785	2.0546441070	-164.8200978997
-0.7769625087	1.8266955236	-163.9240541554
-0.5087118587	0.8871672207	-163.7111500529
-1.0476172140	0.9492535808	-164.5512252293
-0.7831006237	1.1180391152	-165.5007211044
0.1365386687	1.4115032238	-165.7617620759
0.8104123358	1.5542355010	-166.4866908847
1.6523764953	1.0233681918	-166.5830041973
0.8719246002	0.4823729970	-166.2696050292
1.1066911314	-0.2309603186	-165.6092715855
1.7412959879	-0.0724454662	-164.8528657965
1.9162424754	0.4457648711	-165.6900346998
2.8935449355	0.5717246796	-165.5196996531
3.7014295355	1.0607993360	-165.1908707408
2.8597191983	1.4144672779	-164.7828968507
2.4915554230	1.5713606169	-165.6993246519
3.4220279574	1.8882359253	-165.8832020613
3.5875084958	1.0194854895	-166.3499877418
2.6709479592	0.7104834338	-166.6038272821
2.6345534883	1.6985814012	-166.7532858023
2.6817079722	2.5716122496	-166.2679059589
1.9438185425	3.2365798165	-166.3833932934
1.9477573017	2.7365772588	-165.5173783233
1.8647846312	2.0104511190	-164.8348416100
0.9313309308	1.7298827149	-164.6113565775
0.2466756854	1.6242071011	-163.8901909518
0.5910680142	0.8641808725	-163.3390520803
0.9492690385	0.5215688246	-164.2075617296
1.7363574975	0.9432121830	-164.6577934878
1.5623438971	1.2951791539	-163.7380986915
2.0428295033	1.9401684292	-163.1438576487
1.5165263745	2.4232820387	-163.8435763470
0.9252890076	1.9608886540	-163.1827959495
1.3700596234	1.2132979791	-162.6895543432
2.2748214209	0.8517972735	-162.9147727473
2.6393118176	1.2487682070	-163.7571270841
2.5350968358	2.2031603298	-164.0369036262
2.2947448338	3.0400509746	-164.5286809781
2.8848145010	2.4678914268	-165.0982871928
3.7391668953	2.0593455703	-164.7770827881
3.3874040311	2.7903527133	-164.1923679481
3.1804833392	2.5654916482	-163.2402012984
3.8841706306	2.0351589267	-162.7673679235
2.9657540229	1.6396024761	-162.7741523974
2.3325736196	1.4132377261	-162.0339891877
3.1464507200	1.9224194954	-161.7540999394
3.3783910837	2.8027829931	-162.1678193848
3.2425960673	3.5369293323	-162.8330929122
4.1156598176	3.0978900218	-163.0452347794
4.3284259364	2.4124536038	-163.7415877759
3.6156222198	1.7110975771	-163.7383342635
3.7913350285	0.9739672189	-163.0858284444
3.2140117335	0.6203453055	-162.3498601330
2.6038340574	-0.1199314965	-162.6321250087
3.0296060296	0.2871930436	-163.4401892615
3.5456735337	0.7155569612	-164.1819295701
2.6487841428	0.3807143504	-164.4708410558
1.9258218689	0.2615191459	-163.7903132800
1.4271978224	0.1790044673	-162.9274312555
1.7871534412	0.4145476538	-162.0246846909
