-1.3982312274	1.0682291626	-174.1188430811
-1.0258029469	0.2368514586	-174.5312849426
-1.9408469382	0.1289620668	-174.1426278018
-2.7042829639	-0.4914603461	-173.9630687188
-2.6068619122	-1.2920887236	-173.3718806439
-3.0532500173	-0.5084098726	-172.9399256483
-3.2882165386	-1.0419982818	-172.1274761771
-2.3173680667	-0.9854928860	-172.3604147629
-1.6064041037	-1.3404264836	-172.9674999172
-1.6660793988	-0.9126148409	-173.8693957302
-0.7071455251	-0.7875935521	-173.6148068394
-0.9894112873	-0.4746224018	-172.7079578450
-1.7317399408	-0.0885853953	-172.1603050355
-1.9788343982	-0.2122708057	-173.1213701989
-1.1576627473	0.2572767218	-173.4457191453
-0.8104509690	0.5626696088	-172.5590516960
-1.0620287171	1.3308053735	-173.1478437507
-0.9213020084	1.7864459764	-172.2688741070
-0.9977413643	1.5449837730	-171.3014791364
-1.0934232524	0.5697293516	-171.5007874147
-0.9973408869	-0.4107445188	-171.3292089529
-1.9337795713	-0.1772909260	-171.0673272805
-2.4377827886	-1.0115686943	-171.2908476651
-2.7604414729	-0.1709094606	-171.7257998766
-2.6027992019	0.3826009548	-172.5435866058
-2.9617838333	0.4516431806	-173.4743729430
-2.5195774223	0.9912281352	-174.1908236160
-2.0603417590	0.9456748354	-173.3036779107
-1.7121239682	1.0197904034	-172.3691987762
-2.2291153615	0.7294533082	-171.5639508203
-1.7635253464	0.8198781350	-170.6835819837
-0.7776476200	0.7974597716	-170.5176225742
-1.1870457655	-0.0629504651	-170.2141635441
-2.1544022296	0.0714817337	-169.9993393015
-2.8473102978	-0.5026726475	-170.4354873906
-3.5117341320	-0.8855272707	-171.0773310678
-3.8384815591	-0.0837710179	-170.5769082167
-4.5210442110	0.6003090375	-170.3197259778
-4.7368759704	0.0548674023	-171.1296087312
-5.0148425770	0.9987490199	-171.3079961118
-5.0346114083	1.9965613434	-171.3710814539
-4.7054567443	1.6823637090	-170.4806113232
-4.5363504239	2.6382430646	-170.7208147993
-3.7838707789	2.7197102436	-170.0672572405
-3.0215817865	2.2523238749	-169.6195235312
-2.1884878904	1.8511515698	-169.2387147316
-1.7569132556	1.0229412825	-169.5962214514
-1.2873839568	1.6746992725	-170.1918335400
-1.1301303705	2.5034994611	-170.7288266097
-1.6835415641	3.3334633478	-170.6588552037
-2.4504085752	3.0839640025	-171.2501800416
-2.7435056518	3.2373839098	-170.3064870642
-2.1189540460	2.4680643886	-170.1720148889
-2.4608383855	1.5319185766	-170.2541496386
-1.9777971556	1.8558765890	-171.0676128378
-1.5534678889	2.4706016379	-171.7324871023
-2.5126416961	2.2252888487	-171.8732253095
-3.4653129190	1.9872573662	-172.0623246338
-3.9604109224	1.8722028105	-171.2011391624
-3.8885474669	0.8768721621	-171.1366989256
-3.3352969914	0.8208755246	-171.9678296542
-2.9547850417	1.3955076455	-171.2432548950
-2.9344328490	0.4859090056	-170.8282656150
-3.1472000062	0.7299984439	-169.8821416892
-3.5398790864	1.5574215930	-170.2836065972
-3.0548517003	2.3048564036	-170.7375775641
-3.6353593743	2.9530170294	-171.2304250491
-4.2956864373	2.6543893963	-171.9194749068
-4.4538480152	1.7199575685	-172.2385706206
-3.8003904972	1.2113948920	-172.7992463524
-3.8276019584	0.2122070297	-172.7695284757
-4.3818181667	0.6604570797	-172.0681610348
-3.8207992835	-0.0622674881	-171.6645188518
-4.6206098256	-0.4622722600	-172.1120669265
-4.7564287393	-0.3228645351	-173.0929434269
-4.0163260278	-0.9791032587	-172.9459784168
-3.8205879196	-0.3473588202	-173.6960354529
-3.4119672508	0.1677479527	-174.4494902701
-2.5984274998	0.1380462573	-175.0302405460
-1.8888067746	0.8413067427	-175.0734043742
-2.7825733591	1.2725275795	-175.1968137833
-3.4432763211	1.3936570756	-174.4560039284
-3.0902756017	1.5702276997	-173.5371931172
-2.7231895317	1.3940158734	-172.6238491462
-1.9153767142	1.9788361964	-172.6974945237
-2.0327799103	1.9271404423	-173.6892324118
-1.8334954390	1.8475064039	-174.6659330411
-2.7511862734	2.1987167017	-174.4802051241
-3.4198672021	2.6029268095	-173.8561217929
-3.3779222605	3.3258646128	-173.1664830798
-3.2511485252	3.0917090064	-172.2025849669
-2.2651432534	3.1140457040	-172.3677959711
-2.1550963115	2.9960034793	-173.3546879124
-2.8692219462	2.4143490771	-172.9651975603
-3.8597286850	2.2773876331	-172.9534517849
-4.2007234512	1.7549281090	-173.7349622551
-3.9328192707	0.7917248859	-173.7565701500
-4.7613081760	0.2793379377	-173.9825474698
-4.7632045004	0.7660535663	-173.1089890569
-5.3375915363	0.3750570405	-172.3898220041
