-0.5066544557	2.1457120921	-99.0865960470
-0.3733925006	1.4333593482	-98.3975424790
0.0706336571	1.0623106898	-99.2131181435
0.5175177282	1.8763216200	-98.8420644646
0.4905789488	2.8450674994	-99.0886526297
0.1164796232	2.6221769333	-98.1884473808
0.6629150651	3.4480468869	-98.0493534285
0.9395738580	2.8365673026	-97.3080352578
1.1798732246	2.5845802172	-98.2454565735
1.5113017444	1.6437818571	-98.3165451225
1.4395978827	2.1658745086	-99.1664144180
2.1053137890	1.4209485988	-99.1227369520
2.5350136141	2.0990502228	-98.5264683483
2.5143628890	3.0828458665	-98.7045685418
1.5781896487	3.2475116659	-99.0151564338
1.7669874666	3.4973138211	-98.0654437050
2.0365150168	2.6449283204	-97.6173434284
3.0301803635	2.6935383573	-97.7186658997
3.6075366664	3.1285472643	-98.4096267888
3.4368588458	2.6810872970	-99.2874927576
3.7821487128	2.0598969843	-98.5840032387
3.2661470741	1.6672448788	-97.8227105007
2.2983081533	1.6283612231	-97.5741629504
1.3836142843	1.8397804200	-97.2297256570
0.5443016183	1.7239184132	-97.7608849966
0.5205240676	0.8844991867	-97.2179209183
1.4163770091	0.8683333676	-97.6619774164
0.7289503980	0.9115793511	-98.3869425461
1.1374709123	1.1182795194	-99.2759791201
1.8423074491	0.6333232256	-99.7936883526
2.4813515386	1.3341513732	-100.1106466452
1.8187155553	1.1196978814	-100.8282281760
1.5438411972	1.8180959558	-100.1674073101
0.9798468493	2.6303616657	-100.0186296503
0.4950916683	1.7577700445	-99.9586606820
0.8179708314	0.8500073426	-100.2264589701
1.3861168365	0.1380466323	-100.6391599076
1.3470241750	-0.5901925744	-99.9549527594
2.3024761373	-0.4583418235	-99.6908941916
2.9805509700	-1.0086010445	-99.2036270053
3.6643561159	-1.7364384013	-99.2552342194
3.9197686555	-0.9079442287	-99.7535933677
4.3128299897	-0.0033595547	-99.9186065640
3.3177719105	-0.0647141627	-99.9966772439
2.5779748968	0.3350921432	-100.5378383071
3.0315949949	1.0678803485	-101.0450367423
3.8039404529	1.6906321863	-100.9198862647
3.1920022440	2.1643684833	-100.2865573221
2.4287943207	2.0129578707	-100.9147201132
1.5106250935	2.3892695004	-101.0386347109
2.0237198764	2.8624729431	-100.3225256091
2.4159896800	2.3511488868	-99.5578870601
3.0961610922	1.6583796353	-99.3182256027
4.0119521702	1.8177668419	-99.6869021816
4.7891500139	1.2817854210	-100.0165799458
4.2731521603	0.7458447346	-100.6847968236
3.4830562707	0.9642028971	-100.1120244445
4.0554050565	0.8337531715	-99.3024568214
3.7797653446	0.9755809521	-98.3517162522
4.3996124278	1.6054885284	-97.8837354420
4.6976795280	1.5405137879	-98.8360664174
4.8336478306	0.6595469689	-98.3828445243
5.1126995979	0.5112348231	-99.3315982429
4.6619284400	-0.2728340625	-98.9049352074
3.9472473210	-0.8939507111	-98.5833065288
3.5677850348	-0.0351814576	-98.9275793023
2.9199638294	0.6595485726	-99.2401138939
2.5880531795	0.9344475955	-98.3377470906
1.7461159237	0.5258075869	-98.6901034452
1.0014465650	0.0807365301	-99.1874758414
1.5772997874	-0.6344256778	-98.7913242509
1.9055567202	-1.3895200077	-99.3588451219
1.8495725900	-1.4933643253	-100.3518618060
2.1757786050	-0.6350996173	-100.7480578772
2.9207064817	-1.1271823349	-100.2975725193
2.7344865065	-1.9586400413	-99.7741222320
2.6400413081	-2.0363888609	-98.7816328238
3.2023249569	-1.5772442190	-98.0938659329
2.3471184727	-1.1122909050	-98.3228643721
1.5569240432	-0.9767775081	-97.7251780974
0.6901499478	-0.8568371998	-97.2411150954
0.5997302151	-0.9385293297	-98.2336626599
1.0650560203	-0.0769101061	-98.0309702614
1.4333973201	-0.0660095132	-97.1013435277
2.1387252221	-0.0120094852	-97.8081649675
2.5324115351	-0.1383516743	-98.7186861030
3.1381257287	-0.4642530916	-97.9928083020
3.0730534407	0.4534802510	-97.6009778421
2.3063294887	0.7162680605	-97.0152501334
1.4310141298	0.8585551606	-96.5531057799
2.0740120806	1.6075812342	-96.3933760824
2.8249366456	2.1482556137	-96.7725640478
3.2756706681	1.2573758845	-96.8288858816
4.0492413742	0.7966346280	-97.2639788109
4.0792568719	0.0157528961	-97.8879361738
3.6885974959	-0.3445646073	-97.0408490775
2.7003380146	-0.3102691202	-96.8919631574
2.5856805971	-1.2353298696	-97.2540629869
2.1280433849	-1.9880654700	-97.7273042551
1.4663563880	-1.7999057074	-98.4530908779
