1.7478539558	-0.7466102670	-199.7510386436
2.7039449692	-0.6218596025	-200.0162314900
2.4364121636	0.2971141092	-200.3059097857
2.0306550522	1.2108700144	-200.3261906195
2.5787472848	2.0140909779	-200.0928861221
3.2027135237	1.2327897079	-200.1081981554
3.5594099255	1.2291865951	-199.1739847459
3.3589247948	2.1908636467	-199.3610220702
3.0899628982	3.1271009767	-199.5871175370
2.3654328303	2.6087532435	-199.1328358972
1.7127998695	1.9308076605	-199.4711552802
0.7962145120	2.3036751644	-199.6155197739
0.9765713352	1.5305576021	-200.2235992516
0.4319735555	0.9406989197	-199.6273778219
1.0329858366	0.4132659325	-200.2278765164
1.4779076142	0.8545366233	-199.4485660588
1.0706225641	-0.0387944432	-199.2586226633
0.7883605276	0.6630222270	-198.6045725856
-0.0968814593	1.1147845399	-198.7152858968
0.6872097552	1.7353583561	-198.7058463001
1.6198074694	1.4036458932	-198.5636199121
2.2898730768	1.1327127507	-197.8725285188
2.2539349825	0.8329761433	-196.9191836602
1.4258820882	0.3555222138	-196.6253024775
1.2922159972	0.8158832191	-197.5029135080
0.4023603605	1.1986126999	-197.7512582086
1.1601559965	1.8509127755	-197.7354346372
0.2939176720	2.3492323165	-197.7716119809
0.5820774766	2.0244777103	-196.8707799362
0.5031456485	1.0450405860	-196.6851117210
1.3919937381	1.4340493572	-196.4429934658
2.0205210652	0.9211785123	-195.8582568623
2.2990803473	1.8753833036	-195.9673345530
3.0739008605	1.4537678172	-195.4962787666
3.8923065382	1.2544775747	-196.0352551540
3.7583583128	2.1935960596	-196.3516636623
3.5741493103	2.7108336355	-197.1874461301
2.7156043667	2.5545061316	-196.6991201208
2.5372481869	3.0225340685	-197.5646482390
1.5949835586	2.7883020365	-197.3253310322
2.0288696650	1.9053575326	-197.1460216633
2.1147059043	2.2096297833	-198.0947315966
1.3790606144	2.6362957038	-198.6208325372
2.0318655931	3.3633506930	-198.4081433215
3.0122370778	3.5058821201	-198.5443657292
3.8717612555	3.0575412534	-198.7897402494
4.2056325170	2.7790667935	-199.6902856152
4.3840851297	2.0853185829	-198.9925262832
3.9570574407	2.1292519975	-198.0893556416
3.0718920082	2.4984950090	-198.3724488342
2.7464000157	1.6013396638	-198.6710576912
2.4830282477	0.9675581568	-199.3983515198
2.2646373105	0.0047762637	-199.2391145113
1.8166591724	0.3783811803	-198.4268738117
1.9224461086	-0.0178600360	-197.5148420016
1.3859053383	-0.8454261702	-197.3497411373
0.9809847704	-0.1927790390	-197.9901246597
1.6034233521	-0.6957010462	-198.5898243069
2.0866005192	-1.3605408063	-198.0201507877
2.5241864257	-0.8776910232	-197.2616162391
2.2764091119	-0.2438472354	-196.5289168085
3.2536224311	-0.3179539379	-196.7278196127
2.9302055107	0.1907568135	-197.5257010996
2.5845633410	-0.4042015234	-198.2513429313
2.8952840915	0.5005100203	-198.5428041429
3.4581114159	1.0907084605	-197.9641062907
3.0003471068	1.8760314072	-197.5473093297
3.0314874472	1.4813690888	-196.6290109394
3.0055036428	0.5896199335	-196.1772274892
3.7032991377	0.6090185076	-196.8932618059
4.0583550325	1.4998313245	-197.1767892946
4.9094086290	1.6549025023	-197.6784472514
5.3451333602	0.8199566351	-198.0146158959
5.3059303518	1.3507774931	-198.8611927329
4.3952514321	1.1884868772	-198.4812905597
4.2966603636	0.4728516682	-197.7898095051
3.7137472127	-0.3160408181	-197.9843882899
4.2348468526	-0.3778346979	-197.1331323462
4.1282751096	-0.9280363324	-196.3049290952
3.9918869631	0.0196514757	-196.0163357969
4.9395449738	-0.0880826442	-196.3168980271
4.8294976666	0.7145352155	-196.9031523758
5.5653152581	0.1187390085	-197.2250209074
5.0119745065	-0.2878295075	-197.9520120039
4.8940850190	0.2350714851	-198.7962137693
3.8975119080	0.3174842043	-198.8032974273
3.2948348625	0.2983474749	-199.6010531321
3.3243256742	-0.5394635777	-199.0558899161
2.5458439322	-1.1664192614	-199.0260110255
3.1564249559	-1.3072003675	-198.2466706034
2.8670528035	-1.9199006645	-197.5112373274
3.5808505426	-1.2676282363	-197.2562207259
4.3488165809	-1.2268123165	-197.8954094497
4.3610225713	-0.7210352030	-198.7579872869
4.3251102316	-0.2290362740	-199.6278420780
3.6998465496	-0.2750920642	-200.4068954730
4.0437259174	0.6638713535	-200.3971650738
4.5173101091	0.9040883065	-199.5498081072
4.1417316257	1.7129658914	-200.0021993709
5.0975805223	1.9107487051	-199.7848635812
