-1.9880146144	-3.0466666049	111.3642758495
-2.5514303048	-2.4880740434	110.7555582547
-2.1677912301	-1.7784213282	110.1646148698
-1.2228000916	-1.5243479278	110.3706208292
-1.5957106908	-0.7517556819	109.8567736666
-1.2844700926	-0.3007513813	109.0202783523
-1.2857902349	-1.0953873321	108.4131935453
-0.3399978479	-0.9769814121	108.1107752938
0.2142244269	-0.9960922307	107.2786260002
-0.7531310509	-0.8960685076	107.0457770481
-1.5067028216	-1.4127388427	107.4522021349
-2.3435412814	-1.4092974664	107.9996412174
-3.2176571250	-1.6218724696	108.4363715232
-3.6675359792	-2.1036885611	109.1883437770
-3.3400062073	-2.0668530646	110.1324663298
-3.0471640623	-2.9248216756	109.7104078733
-3.3280380297	-3.5318080907	108.9669851764
-3.2329777420	-2.7025213801	108.4163064195
-2.4823252407	-2.5127241298	107.7834574437
-1.7848947317	-3.2220528875	107.8856503917
-1.2467872099	-2.4840776098	107.4784246748
-1.0263532436	-1.9432854943	106.6666656254
-0.4454691373	-1.8103189164	107.4697182664
0.0550374243	-1.8197758873	106.6040371776
-0.2732312600	-2.7111014748	106.9167325052
0.0715893885	-3.6127459263	107.1777612462
-0.9139737545	-3.5452903715	107.3330514239
-1.2265231405	-4.3550189175	107.8296927062
-0.2283686501	-4.4156296056	107.8259566830
0.7567839149	-4.2833235783	107.7165512959
1.1788577800	-3.5658960747	107.1623388551
1.8005566854	-4.2070725190	107.6122091013
2.3977514720	-3.5967390710	108.1326430252
1.9595314466	-3.7966520360	109.0089979851
1.3242991851	-4.4955879818	108.6804123529
0.3245941869	-4.4924982533	108.7045032246
-0.1181545824	-3.8260035298	109.3043017830
-0.8434038370	-4.4733186154	109.0697880336
-0.3198584212	-5.3253130579	109.0674073750
0.2978916432	-4.8760284578	109.7127973392
1.1461392503	-4.3518257742	109.7882131433
0.9112898596	-3.5994246463	109.1727959626
1.2722327063	-3.4964933598	108.2459057794
0.2731819690	-3.5073648093	108.2880891386
-0.7126141389	-3.6391583668	108.3921876110
-1.2575205467	-3.0052088915	108.9409909178
-1.7411425415	-3.8472069174	108.7019321583
-2.3320759827	-3.0478516130	108.8106922860
-2.5894119673	-2.1287599872	109.1091026989
-2.9532260284	-1.2817972046	109.4967795924
-2.1955540443	-0.9272556319	108.9488439778
-1.6367510584	-1.6945922170	109.2633813971
-1.6701354963	-2.1797222702	108.3895768934
-0.7513610143	-1.9523430753	108.7123030203
0.1792603070	-1.8787011420	108.3538050118
-0.3332310504	-2.6673101994	108.0140280802
0.5904713439	-2.7322009379	107.6364528179
0.9128527280	-2.5690422435	106.7040100670
0.9495425508	-1.8070339263	107.3505370822
1.6144375529	-2.5326097989	107.5278906535
1.9548381394	-2.6854922058	108.4556591646
1.4803610396	-1.8118855797	108.3475714944
0.8533027101	-1.0476991673	108.1965185943
1.2859387902	-0.8223895711	109.0694799955
0.7448009784	-0.9436804505	109.9016208437
0.2248987993	-1.0361030153	109.0524095663
-0.7157864657	-1.1229528452	109.3803856923
-0.3320858044	-0.9646260581	110.2901694199
0.3401159497	-1.5398139152	110.7563279023
-0.5458482438	-1.5434526885	111.2200672764
0.0467300166	-2.3183486107	111.4400384450
-0.3770190391	-2.3598670336	110.5352108602
-0.9142084807	-2.3238647755	109.6925179498
-0.0290173498	-1.8586390646	109.6912142282
0.8670203397	-1.8161536831	109.2492736763
0.8015037863	-2.6515653275	108.7035677429
-0.1261106596	-2.7855306900	109.0522577503
0.4220545573	-2.9114847478	109.8790893355
1.0603427959	-2.2247542806	110.2269246268
1.5274557064	-2.6916383245	109.4760419340
1.3525980747	-3.3728296512	110.1869590776
0.7697800194	-3.0288166563	110.9231507469
0.9148213404	-3.9963942099	111.1299276632
0.2989434735	-3.9077727638	110.3470862409
-0.5752997104	-4.3542032659	110.1563019067
-1.1891925994	-5.0940033714	109.8809270263
-1.8384622238	-4.4645166004	110.3077705106
-1.3157235166	-3.7120271053	110.7083997703
-1.3936297325	-3.7006573214	109.7115039134
-0.5824816981	-3.2477329386	110.0815017104
-0.3374287317	-3.2831434716	111.0503645169
-0.9643377978	-2.6250288988	111.4673420125
-1.6538066112	-1.9284101551	111.2689608607
-1.4398864279	-2.5942474329	110.5541889567
-1.9681966385	-2.7555617309	109.7206027173
-2.2846894386	-3.4479550161	110.3690037091
-2.4759316457	-3.9281995226	109.5129712142
-1.9816089601	-4.7437043144	109.2119778305
-2.6797451990	-4.4062797093	108.5805109447
-2.7747454178	-3.6113645836	107.9812740123
