1.3399567085	1.7949827445	75.1973533826
1.7127632165	2.0573949775	76.0873843526
2.5128773680	2.5952748336	76.3529076189
2.2138239834	2.7753959401	75.4158251998
2.2200778661	3.6931888521	75.8128353502
1.4434308640	4.1677486619	76.2270966458
0.9799723677	4.5087865025	77.0449593565
0.3348011759	4.1847014141	76.3530612507
0.6954972298	3.6634669969	75.5796189200
1.3776015427	3.0537797452	75.9833702810
0.6673732099	2.5875197443	75.4559450949
-0.0896983803	2.0178830202	75.7758772906
-0.0146324693	1.0289374471	75.9037513006
0.8108834922	1.5589976837	76.0975541457
0.6192189091	2.4363663832	76.5374278238
-0.0150501482	3.1555115522	76.2536444754
-0.5411902494	3.7856126517	76.8247392122
-1.1628546315	3.0035686349	76.8687909059
-0.8380542529	2.0941035277	76.6092183092
-0.0003185115	1.6136120568	76.8686923423
0.1573210958	0.9755609855	77.6223770142
0.0948624011	1.9298044290	77.9148122412
-0.8476901789	2.1944288674	77.7109285967
-0.1213911809	2.6922096239	77.2368989733
0.7858653706	2.6583818046	77.6561139878
1.5342924499	2.5338555013	77.0046923834
1.9534534914	1.7940914703	77.5310508163
1.0146896264	1.6659845140	77.2111898878
1.1893904235	0.9523859910	77.8896121601
1.1905058234	1.8793170028	78.2648422965
0.4600006636	2.1897343414	78.8731212517
-0.5270083911	2.0362128509	78.8257474417
-0.5666596653	1.1304416076	78.4038395948
0.3968476279	1.1523138394	78.6706265915
1.3261925954	1.0015392325	79.0076502542
1.2057409320	1.8692957332	79.4898224768
0.3455702166	2.0504656607	79.9665653821
1.1236403500	1.8728827432	80.5691192594
1.2409387567	2.7542711994	80.1115217582
2.0614137774	2.1917049383	80.0098362513
2.2245690037	3.0001475614	79.4443268373
2.9599265458	2.3659848972	79.2053979763
3.0633100440	1.7091375902	79.9523005588
2.4905024529	1.3064298971	79.2383551985
2.1606723340	1.0394999320	78.3328385027
2.7774754845	1.8184706845	78.2198852367
2.0316472974	2.1456995091	78.8001107202
1.3020845913	2.8137262120	78.9466664506
0.7430088679	3.4945443760	78.4734635732
-0.0902743271	2.9533762008	78.3604320595
-0.8351184238	3.3415840081	77.8177517024
-0.4324594473	4.0750747709	78.3653437491
0.1978627859	4.0597977326	79.1415270356
0.3813827141	3.1375196928	79.4817088299
1.2208001273	3.6772552448	79.5454578711
1.7704920334	3.7338915594	78.7120125303
2.7445605364	3.8765096749	78.8876559892
2.6173776375	2.9953798999	78.4322058494
3.4579997262	2.5878319101	78.0754718588
3.5790302571	3.1437937906	78.8978209319
4.2851775168	3.3177535259	78.2114580118
3.3895571621	3.6448538659	77.9100122494
2.4136321890	3.8559937660	77.8553277947
2.6330493635	4.7864400692	78.1487997359
1.6485601706	4.6732853379	78.0147212669
1.1226316276	4.5751283641	78.8595670375
0.4938030455	4.5161317538	78.0842645067
0.2308058215	3.7003951983	77.5690884862
0.8929393945	3.4029096917	76.8812792795
1.3801498808	3.7057387799	77.7003766396
1.7346551231	2.8179301694	77.9938419773
2.5295664891	2.8439505603	77.3876746246
1.9653148337	3.4677902278	76.8468935795
2.0689726012	4.4454661602	77.0296634852
3.0588163285	4.3983029623	77.1637717564
3.0267732154	3.5149702839	76.6961216541
3.7738701970	3.0274643798	77.1479889946
3.2981116487	2.1480335320	77.1320144027
3.4405906891	1.3302877586	76.5743482184
2.4584805815	1.5165931720	76.6017348825
1.7282315217	0.9107373720	76.9174484559
2.0009999546	0.2452616239	77.6122429656
2.9314412104	0.0494071644	77.9219526685
3.2352739729	0.8403709761	78.4530476703
3.6509805970	1.5550453468	79.0155674892
3.9510179556	2.3009980356	79.6101532017
4.3208343539	2.3205700663	78.6812545166
4.4686968387	2.3801191393	77.6940409665
3.9360332362	1.5512423376	77.8650167955
3.7188223222	0.6765969765	77.4316406180
2.7905444906	1.0444346784	77.4863735376
2.7107788050	0.3676048806	76.7545683311
2.0121366170	0.1251711087	76.0814227604
1.7994327956	1.0607812366	75.7996590778
0.9835937803	0.4831523749	75.8270743866
0.6653035855	0.7509256045	76.7364636594
1.1874542189	-0.0933156145	76.8573581598
1.0076384173	-0.0896078885	77.8410514709
1.6315108759	0.0596935444	78.6081839480
2.5470902539	0.2015960557	78.9844525753
