1.2312913959	-0.6530052143	-205.3986258604
2.1183541712	-0.2550088680	-205.1647059145
2.6931657001	-1.0449051202	-204.9510341637
1.8318126126	-1.0508050144	-204.4430616743
2.5787401024	-1.2762135652	-203.8175296525
3.4503790995	-1.0198204455	-204.2352712316
3.3220448856	-0.1075027946	-204.6241244602
2.4424868072	-0.2450658421	-204.1686532814
1.6931990766	0.4014467053	-204.3121434301
0.9550096927	-0.2493201225	-204.4898481549
0.7065502433	0.7131108107	-204.5993680194
-0.0175834146	1.0335474322	-203.9886710265
0.0541543236	1.7955112638	-203.3450369563
-0.0650641635	1.9288179436	-202.3611587721
0.1695635417	2.7836798968	-202.8239339668
0.8029059147	3.4267265157	-203.2544783716
0.9159891417	2.4877552292	-203.5793554359
1.5729384684	2.1949348688	-204.2741027415
2.5395245043	2.2301828883	-204.0201952537
2.9028775718	3.1178211891	-204.3031666220
1.9931973302	3.1424152321	-203.8885861218
1.8589889263	3.4887906188	-202.9601400028
2.5186247269	2.7402321060	-203.0275251906
1.8029227336	2.0597627889	-203.1847898252
0.9665977064	1.7428663301	-202.7374229923
0.4162671419	0.9102707082	-202.8000392860
0.8704872634	0.4626949661	-203.5703379529
1.0135287798	1.4245873621	-203.8033661553
0.5116727251	1.7878379851	-204.5883435342
0.6741118828	1.3326721925	-205.4638077660
1.2183504028	2.1600131120	-205.3248421722
1.4584968953	3.0346122848	-204.9036463164
2.2541839154	2.4612888447	-205.0990494866
2.5362038114	1.7530887184	-205.7462877421
2.9756558355	1.7350502344	-204.8482028177
3.9262757134	1.8766460261	-205.1243775441
4.7196495257	1.4758432158	-204.6662126160
4.7827860911	0.5210950658	-204.3755758252
4.3538444040	-0.3812350741	-204.4181122544
4.1231031125	0.0926694201	-205.2679198718
4.3330538055	1.0211012712	-205.5744080518
3.3336053988	1.0142787480	-205.6069093668
3.1453887427	0.0359281680	-205.6929595432
2.5601991595	-0.7004441808	-206.0325312081
1.7960156650	-0.0855345597	-206.2272354573
0.9531165342	0.4269145080	-206.3912994942
1.5134283318	1.1888952495	-206.0665903334
1.4152862877	0.4864840643	-205.3616175211
2.3396443098	0.7214738534	-205.6621870572
2.6413131129	0.7409359649	-204.7089729367
1.9032896985	1.3954594748	-204.8730473551
2.0563819176	1.3018824959	-203.8892759785
1.6324783621	0.9738226185	-203.0450707354
2.5536871450	1.3116356420	-202.8520506862
2.5398056764	0.4797866202	-203.4068790468
3.0843971597	1.1758377341	-203.8747817750
3.7151187725	0.9345207397	-204.6123157439
3.8533585152	0.3574211491	-203.8074270335
3.2191931011	-0.3301245106	-203.4537107724
2.3836402818	-0.5933469545	-202.9714603900
1.6016178000	-0.3157024949	-203.5294517807
1.1624837164	0.0084694027	-202.6915533158
2.0772512673	0.2843150902	-202.3964101562
3.0547282735	0.1273713194	-202.5375035829
4.0323502083	0.0583332888	-202.7362222359
3.6031191151	0.9295926905	-202.9742720700
4.0605281766	1.7542309272	-202.6414827536
3.3102152403	2.0295924262	-203.2424873647
3.6498684936	2.2568414591	-204.1551721649
4.1116888342	1.4511434137	-203.7842643156
4.6362723323	0.8634435440	-203.1682927119
4.8243461265	-0.0720496747	-203.4674259361
4.1576449880	-0.8158437742	-203.4196773304
3.4879817373	-1.5463037020	-203.2855899537
3.4958272335	-0.8715073896	-202.5476276342
3.5881281612	-0.2970217479	-201.7343338459
2.6584081327	-0.6345981923	-201.8815167685
1.6751056370	-0.6905407509	-202.0546832549
1.5965126619	0.1149069489	-201.4672505803
1.9394972689	0.7764190386	-200.8003448040
2.1050384341	1.1613460761	-201.7083245937
1.1997488783	0.9516841081	-202.0777737505
0.2641719414	1.0655145624	-201.7435007740
0.9675003767	1.1833062419	-201.0424628061
1.7264768264	1.8289958405	-200.9585599386
1.6649452753	2.7307126475	-201.3864859464
0.9740479530	2.0904778287	-201.7222839018
1.2546705198	2.7110520432	-202.4544987742
2.0279562165	2.1460661277	-202.1667138778
3.0211682022	2.0611206366	-202.2461759123
3.7329990815	1.8086376843	-201.5907759137
3.6433769633	2.8045357955	-201.5783329209
2.7008285346	2.9733962836	-201.8665838447
2.6599698765	2.1850070984	-201.2527654165
2.9131866072	1.2617754784	-200.9637590791
3.7131323533	0.6811755214	-201.1153852417
4.1336591494	0.8409884568	-202.0084793238
3.1527625603	1.0352149210	-201.9976182902
2.7136583783	0.3237503421	-201.4489784536
2.3110984385	-0.3018010089	-200.7806738807
