-5.2817125758	-0.1129787875	240.9834939112
-4.7381545210	0.3873852735	241.6574230228
-5.0411754544	1.0612179914	240.9835329857
-5.1701618845	1.8496277577	240.3820576818
-4.4323795306	2.2442021646	239.8343458637
-3.7976564787	2.5321015638	239.1172401648
-3.9565941712	1.8333565813	238.4197487603
-4.7152533612	1.5802716442	239.0200688815
-4.3698233608	0.6610575012	238.8310623362
-4.6218294422	-0.1057478195	239.4214033690
-3.7405623660	0.3202656324	239.6260515525
-2.9539948987	-0.0482208218	239.1305423673
-3.2815136052	0.7943159102	238.7029171200
-3.7039623992	1.4316276132	239.3474097962
-3.3019893015	2.0803574445	239.9936042211
-3.6688367027	3.0026524927	240.1152382138
-2.8964339725	2.9739635227	239.4807534108
-2.2200602832	2.2530405317	239.6317125892
-2.8630436458	1.9534855305	238.9268443770
-2.6243553147	1.1830552582	239.5180000894
-2.4729260789	1.4874234481	240.4584410453
-2.4965212385	2.4700071963	240.6427572039
-2.7603323465	3.4320006467	240.5722426614
-3.3109107471	2.8378326143	241.1586109536
-2.6143013883	2.4349741551	241.7522779167
-2.9379832430	2.0049667416	242.5950849416
-3.2896516520	1.1932939660	243.0614717290
-4.0524069921	0.8653821510	242.5040866443
-3.2350853661	1.1428342828	241.9991057790
-3.2527984937	1.7562724118	241.2095616656
-4.1153438591	1.9581257396	240.7455889007
-4.4158483833	2.7102068452	241.3321645920
-3.7561853753	2.3437797012	241.9883473897
-4.3815027268	1.6015600843	241.7473323480
-3.9683278415	0.9413827835	241.1200744699
-3.4340798701	1.0758724399	240.2855137247
-4.4080827256	1.1412055613	240.0686035571
-4.4601816557	0.2162703126	240.4451410548
-3.5036132487	0.0825635168	240.7041765263
-2.8407781771	0.7193655928	241.0980455194
-2.2561210414	1.4167952310	241.5124944710
-1.5015343215	1.5734783309	240.8752745025
-1.6150264340	2.4890793052	241.2610132693
-0.9226848539	1.9461913559	241.7363403261
-1.7319713059	2.0310615297	242.3175911258
-0.8961511776	1.7188206373	242.7691554494
-0.4293844663	1.0000167160	242.2539372821
-0.6140174677	1.0432295683	241.2720802129
-0.8961560139	0.5326684695	240.4598455146
-1.7668555101	0.7622704998	240.0249141464
-2.6651633069	0.3288906987	240.0971986558
-2.5106879114	-0.2344517860	240.9088528908
-1.8741989884	-0.5749516351	241.6009090328
-1.0953457940	-0.9290560191	242.1185940594
-1.1662501626	0.0167821237	242.4353949086
-1.4300306591	0.7735855273	243.0334488009
-1.4636118679	1.0004821529	242.0601090741
-2.3037162191	1.1601934204	242.5784882695
-2.3015735811	0.3871423423	241.9441481084
-1.7992887523	0.5523377617	241.0953722698
-0.9994724979	0.0402093496	241.4084512513
-0.9978327387	-0.8872712474	241.0345835562
-1.2133288943	-1.7383873127	240.5558739885
-1.4496742281	-1.0970030952	239.8259649745
-1.5982540933	-0.2740162499	240.3742501888
-1.8729714073	-0.1667940687	239.4187221666
-2.3067339607	-0.9916275851	239.0560932688
-2.6738066733	-0.7742038401	239.9605182456
-2.1493720941	-1.1890775425	240.7040558595
-1.7920442223	-1.6669744344	241.5065091932
-2.7590776358	-1.4756481540	241.6745586845
-2.8930143254	-0.4957467761	241.8223905240
-3.6396186398	0.1689555746	241.7949536359
-3.1333349808	0.1781084141	242.6572720702
-2.4218206336	0.3781113939	243.3308788856
-2.1896985543	-0.3601723745	242.6975887329
-2.0871206691	-1.3369474883	242.5094713373
-2.6649882634	-2.1530745908	242.5071057333
-3.6429292953	-1.9506221074	242.5585287841
-3.1450573208	-1.0884765455	242.6524890265
-3.7774072230	-1.0698880133	241.8780291711
-4.2130915808	-0.5655276311	241.1325093891
-3.3320437865	-0.9535764110	240.8620044380
-3.8654793320	-0.6629268144	240.0676686584
-4.8328377135	-0.8319304206	240.2564954121
-4.5076872320	-1.7655585929	240.1061105718
-3.9066877000	-2.4645687985	240.4936467574
-4.0816750129	-1.6729504874	241.0790695874
-3.4596464289	-2.2976432614	241.5511282478
-2.9492921034	-1.9467040755	240.7660294322
-3.4071371181	-1.5926654724	239.9505328901
-3.3929347047	-1.0335949855	239.1215344088
-4.3783833268	-1.1549250743	239.2405723138
-3.9511449983	-2.0578945762	239.1945996116
-2.9615453080	-2.0844665833	239.0532264125
-2.9918900925	-2.6512914074	239.8765057167
-2.8986803888	-3.0363934889	240.7946605718
-2.4098016532	-2.5694412601	241.5315141515
-2.0111542772	-2.4040724039	240.6294424187
-2.2790204915	-1.8350552189	239.8519675738
