-4.0165098743	-2.0541039961	117.1069785552
-3.4144077156	-1.3278752271	116.7752184529
-2.8944056290	-0.7215187460	117.3768243437
-2.5334163981	-0.7840269573	116.4463516151
-2.1654552414	-1.4478329608	117.0974784667
-2.9430039898	-1.9273157541	117.5043128248
-3.6541226669	-1.3280226626	117.8719512579
-3.0696118860	-0.8071510910	118.4940766094
-2.6180446491	-1.2755817989	119.2534577406
-2.1525666435	-0.3966836321	119.1492068959
-2.1193480130	-0.4261957886	118.1501946061
-1.7772760969	-0.4139249864	117.2106009537
-1.2473948837	-0.7091681541	116.4155805943
-1.1538410655	-1.6009043165	116.8583607878
-0.4865275730	-1.7381672848	117.5903796265
-0.0944749285	-1.6734951295	116.6727128917
0.0878893631	-2.5073700115	117.1936696522
0.7970772838	-1.8113087175	117.3057016489
0.2428526987	-0.9930959343	117.4585510870
-0.7098063643	-0.6982341146	117.3844078679
-1.0752715201	-0.3405047469	118.2437476838
-0.4462915821	-1.0968810018	118.4234118112
-0.6489083800	-0.8972031393	119.3820959012
-1.5001703948	-1.1785164272	118.9391333562
-1.4159539667	-1.8073901077	119.7120663981
-1.1700403331	-2.7225797373	119.3927633657
-0.4503997313	-2.0438166541	119.2464825364
0.3241445500	-1.4198951316	119.1425446214
0.2756125097	-1.9093243099	118.2718531028
-0.3739338504	-2.6645885014	118.1843001071
-1.0883891144	-2.0067423578	118.4226110951
-1.4300060783	-1.2758147479	117.8318127546
-2.2918897111	-1.5051980315	118.2840736448
-2.0758853181	-2.2276343053	118.9409053831
-2.2524151182	-3.1915302776	119.1402587989
-3.1749150315	-2.8156000169	119.2278393278
-3.1772033007	-2.0431367448	118.5927840097
-4.0811904796	-2.3215666032	118.2683090580
-3.5106114262	-2.8556757155	117.6444765484
-2.7036336698	-2.9374650276	117.0595856107
-2.5849515074	-3.7978257818	117.5552608238
-1.7668813043	-3.3083023953	117.2533866830
-1.7842671270	-2.4704864511	116.7077107931
-1.0258281382	-2.5933529359	117.3477687023
-1.8899003396	-2.2605591063	117.7254292612
-2.5378746507	-2.8918726672	118.1515424855
-3.1831420060	-3.5965323333	118.4466438159
-4.1522274885	-3.4310673760	118.2636283101
-3.7342303792	-3.8891276699	117.4791162427
-3.2124032518	-4.4101323959	116.8036530502
-2.8876885505	-4.7412744334	115.9177042290
-1.9555806783	-4.9381653543	115.6137159398
-1.0554750420	-5.1270148799	116.0063298725
-0.2207728792	-5.1254684422	116.5570293440
-1.0462274994	-5.1284323116	117.1214900472
-1.6076596984	-4.4118759304	117.5354234216
-1.8993361303	-3.9166338449	118.3537510674
-1.4670556377	-3.0155608708	118.3884075374
-0.7235221857	-3.5936674674	118.7244890285
-0.8285438616	-3.6020298105	117.7300542549
-0.3532215510	-4.2352163825	117.1191995537
-0.4721122319	-3.3291394310	116.7131335937
0.2733476621	-2.8806051692	116.2200752173
0.1141535585	-2.0814527407	115.6404092501
0.8607652988	-1.6693236216	116.1626357320
0.1491527586	-1.0365690975	115.8573009897
-0.7418746677	-1.4894926290	115.8878034515
-0.7460823075	-2.4220555854	116.2487863155
-0.5174817450	-3.0575647152	115.5113109405
-0.7397006804	-2.2608582969	114.9492810233
-0.3965708094	-1.3217282994	114.9320548974
-0.8626383927	-0.5499342503	115.3646227576
-1.4786468631	-1.2814631792	115.0723917007
-2.0514335589	-0.5965330478	115.5227094954
-2.7864169320	-1.2731607336	115.4782750929
-2.6461688111	-2.2344641479	115.2411544271
-1.8296268555	-2.3260984569	114.6711874209
-1.5895326036	-2.4216249994	115.6372254274
-1.8363226640	-1.5422468529	116.0443970638
-2.6926895395	-2.0013790187	116.2806880475
-3.5944420781	-2.4181080158	116.1658869060
-4.0710467221	-3.0842315562	116.7395832039
-3.2315595189	-3.3901633969	116.2905097752
-2.3614159934	-2.9932326518	115.9984545945
-1.4324093160	-3.3314688015	116.1485975281
-1.2999483760	-4.2378751000	116.5496981656
-2.0640478119	-4.8701827564	116.6775225756
-2.3010114803	-3.9114371280	116.5205033416
-2.2464123940	-3.9269995306	115.5221162667
-2.8835311457	-4.2813284978	114.8376232578
-3.6084151843	-4.0959244719	115.5010751986
-3.1237245338	-3.2784545344	115.1899194907
-2.3157286161	-3.2829361513	114.6007484526
-1.4195131327	-3.2901426906	115.0443089028
-1.1836853286	-4.1772069281	115.4411744789
-0.3566250034	-4.1011345635	115.9981163195
0.4899474951	-3.9676127680	116.5133705626
0.9517856728	-3.2293015730	117.0049009043
0.2141793058	-3.4624460808	117.6386046882
0.8469071247	-2.7682579456	117.9817640391
