-3.9068146115	-0.4706539599	-101.1494006925
-4.6021956857	-0.7736465338	-101.8010452749
-3.6883722303	-1.1596915094	-101.9271244923
-3.5758401836	-1.7233699716	-102.7454173065
-2.8199233519	-2.3511540971	-102.9310966949
-1.9945019424	-1.8864082236	-102.6106426891
-2.7798532841	-1.6158581625	-102.0538429634
-3.0284994502	-1.4359088990	-101.1021112015
-2.8402304660	-0.5280121934	-100.7275736712
-2.6606437621	-0.6096615411	-101.7079215685
-1.8774419395	-1.2307760128	-101.6794308999
-0.9772355994	-0.7960646110	-101.7050149250
-1.5741537222	-0.5710143725	-100.9349232780
-1.9622356372	0.3319851439	-100.7505749648
-1.0621714675	0.4251711513	-101.1762519063
-1.7124050146	1.1552520096	-101.3864381917
-2.3109593990	1.0959128346	-102.1853196042
-3.2392663715	1.1100070600	-102.5568670677
-3.7259283264	0.9955802371	-101.6908031879
-2.8914436668	0.4579141665	-101.5701775300
-2.6676551876	0.1606153010	-102.4983650655
-1.7653402809	0.2770533690	-102.9134192613
-1.7527209590	0.0247210469	-101.9458609159
-2.0713364995	-0.6940000943	-102.5638609633
-3.0554622539	-0.7428716062	-102.7344718502
-2.6845501410	-1.3948959922	-103.3957497075
-1.6975287854	-1.2453293484	-103.4542190383
-0.9886856700	-1.9505012356	-103.4376646704
-1.0793660618	-1.3566555131	-102.6382121549
-0.9740744849	-0.3692090733	-102.7559542986
-0.6187208001	-0.8685462923	-103.5461353541
-1.1227652685	-0.9977069985	-104.4001006262
-1.6664185130	-1.8369484532	-104.3893800704
-1.9727322386	-2.3349963312	-103.5781339840
-2.8301052670	-2.1990282745	-104.0745452830
-3.7593865734	-2.1477056392	-103.7087553970
-4.3049418714	-1.8785975399	-104.5024494486
-4.7208753555	-1.2572208557	-105.1664451965
-3.7376512844	-1.1449988129	-105.3102389346
-3.3691288310	-1.3168246092	-104.3966377650
-3.4411491551	-0.6026268689	-103.7004088798
-3.4626524494	0.2107330186	-103.1190455667
-4.2383480803	0.6582259495	-102.6740215618
-4.5503304252	0.2752510535	-101.8045405410
-3.6551500586	-0.0764833580	-102.0782831482
-4.1419282953	-0.5999190059	-102.7776128778
-4.2798371507	-1.2305513936	-103.5413431569
-4.9945320049	-1.9297303361	-103.5603187156
-5.1699463553	-1.1387673188	-104.1464989874
-5.4015738873	-0.2057839925	-103.8710161399
-4.9357160509	0.0052840257	-104.7303337576
-4.2158476467	-0.6401367011	-104.4749486251
-4.3350472628	-0.0072453200	-103.7099388531
-4.0009546409	0.4831457666	-104.5148604034
-3.9747790005	-0.0508265076	-105.3599571116
-3.2212988318	-0.2897526502	-104.7474361456
-2.8489089094	-0.2634219527	-105.6751389213
-1.8778148362	-0.2899518121	-105.4379207358
-1.0692796262	0.1350793689	-105.8448842592
-0.8455269613	-0.7442677280	-105.4245469803
-1.6421827123	-1.3429322147	-105.3412376366
-2.6225731256	-1.1971143034	-105.2086790673
-2.2740846696	-0.8795657349	-104.3267954566
-2.4544691276	-0.2273525862	-103.5905350028
-1.4894474666	-0.2188157354	-103.8525661383
-1.1373198974	0.1110305496	-104.7284700162
-0.5914711648	0.8142774653	-104.2729560902
-0.7981981004	0.5971099738	-103.3189632942
-0.4442373268	1.4441696578	-102.9224766455
-1.0363591099	1.5681545895	-103.7187300793
-1.6668333388	0.8117952086	-103.8931512178
-2.4614411342	1.0002088731	-103.3160041460
-2.3980744019	1.9111326376	-102.9083246734
-1.4517387462	2.2332159562	-102.9349923052
-1.5309898799	1.2424465502	-102.8250139351
-0.9445872214	0.6734695668	-102.2484750254
-1.0220390223	1.6341850280	-101.9819660739
-1.9044927115	2.1007232045	-101.9218194499
-2.6387871246	1.6941147584	-101.3782375458
-3.3926779194	2.0560180184	-101.9265756713
-3.5750602197	2.0260468023	-102.9093464598
-4.4778657854	1.6192594627	-103.0488676800
-3.7816808861	1.1186656687	-103.5633892436
-3.0897556859	0.5661443858	-104.0281039403
-2.4688388122	1.1735898329	-104.5235555168
-2.2374724851	0.2023107183	-104.5791118321
-2.1283896882	0.7657703736	-105.3980221815
-3.1162676765	0.7120461327	-105.2523829483
-2.9560310557	1.6649044004	-105.5100364888
-2.1974429359	2.0934363418	-105.0192163183
-1.4717619712	1.4968156271	-104.6765344538
-1.9837889446	1.9083386886	-103.9225602180
-2.9803082362	1.8752123377	-103.8460622036
-3.5362514782	1.4821981015	-104.5785012262
-4.0168591463	2.1073280659	-103.9634981392
-4.6355480700	1.3470350519	-104.1614338573
-5.0428665439	0.7911125195	-103.4368361767
-5.0307239390	-0.0189445577	-102.8506108883
-5.2238999082	-0.9817510654	-103.0395200559
-4.6290798067	-1.5911394611	-102.5152731389
