3.2032305916	3.5025182240	-72.5515978609
3.6933782092	4.3519545065	-72.3561155987
2.9376256114	4.5552642130	-72.9786131281
2.5721933147	4.2745575656	-72.0911093170
3.0333266623	3.7672287000	-71.3631165575
3.9184683458	3.4644429222	-71.7164506387
4.3764939748	2.6374481277	-72.0424753817
4.3775736622	3.4119375111	-72.6750613674
4.7041937212	3.4474488813	-73.6195497366
4.3587695154	2.8963758489	-74.3791553125
3.8114947909	2.8916863522	-75.2160952056
4.1564438808	1.9692571619	-75.0425022498
4.1822932915	1.3031593188	-74.2970859424
4.0837366299	0.7406753809	-73.4761727898
3.6093873511	0.3871680086	-74.2824142545
4.3141012791	-0.2418935540	-73.9542986802
4.6872061830	0.4110275317	-74.6134547971
4.5975967153	0.9972570855	-75.4186287246
5.1601823186	1.5090646193	-74.7693595298
4.8951230079	2.0787388136	-73.9914039564
4.7371823775	2.4345611061	-73.0702930763
4.9064403136	1.4496493722	-73.1063572881
4.2589815506	1.5075657233	-72.3464606856
3.5436477521	1.9343113449	-71.7931201655
3.5172197827	2.5014824801	-72.6162960069
3.7282691643	3.0372324473	-73.4338717717
3.7993988218	4.0346531616	-73.4242545693
3.2027384213	4.4640062022	-74.1022312157
4.0349022955	4.0567222083	-74.4785595761
3.3549153445	3.3302439533	-74.3793270637
2.6923154669	3.4658701251	-75.1159184998
2.2223522174	3.8387480111	-74.3158581107
2.7987508534	3.5999035378	-73.5343736707
2.0762381647	3.8879578675	-72.9058833224
1.4888887280	4.0788895831	-72.1193938316
2.0597114412	3.3115596602	-71.8272188505
2.8939219098	2.7623587537	-71.7775070971
2.4689955225	1.9266206642	-72.1253280442
1.6096278149	2.3013900355	-71.7774271079
0.7842553394	2.8550196142	-71.8881274529
0.3084437450	2.0527757036	-72.2486937221
0.3911659386	1.1684914675	-72.7082570240
1.0963522663	0.4666581790	-72.6075481452
1.4893000411	1.3106956404	-72.2425922437
2.3301154213	0.8117571124	-72.4525680560
3.1464479363	0.4447792138	-72.8985820096
3.2681767850	1.4246636945	-72.7404412753
3.8944247550	1.8548939195	-73.3906069723
3.4991219605	2.2479355824	-74.2208201689
2.8896648917	2.4365534049	-73.4507647175
2.3029498560	2.8320641600	-72.7441271092
1.8894465630	3.0776020505	-73.6208974161
2.4862472637	2.7642397535	-74.3595671626
2.5356690827	1.7697283122	-74.2673474415
3.0878160965	1.1244442747	-73.7393870396
2.2189047674	0.6762346444	-73.5293841122
1.4000384841	1.2029930630	-73.3013850365
2.2565166647	1.6938414714	-73.1416572487
1.6589771489	2.0683878970	-73.8506434983
1.7323686934	2.2025986782	-74.8388748211
1.4063221398	3.1345410954	-74.6802022782
0.8562748338	2.8753197809	-73.8863179848
0.3570289315	2.8697955038	-73.0198752507
1.2429449585	3.2619401635	-72.7721347437
1.3518305942	2.2705817105	-72.8452944046
0.6380910992	1.9219402179	-73.4527687191
0.7669031665	1.7680375005	-74.4324224360
0.0653648262	2.1811321724	-75.0131088825
-0.1976291853	2.1510790349	-74.0487796033
-0.3980202195	1.9569088501	-73.0884976797
-0.4938401911	1.0358922861	-73.4660516782
0.4607757546	0.9331289557	-73.7456014844
1.1857308474	0.2446614409	-73.7243272152
1.9535258230	-0.1163976058	-74.2535976946
1.1027338049	-0.2718480568	-74.7555818570
0.8140236633	0.6838168773	-74.6976941392
1.6704791909	1.0958735830	-74.3867388359
2.5548685554	0.6659661158	-74.5684942255
3.2948057899	1.2883832050	-74.8236213624
3.0232882298	2.1690352686	-75.2118611821
2.3331225739	1.4510726670	-75.3024209426
2.7704122871	0.6280713730	-75.6649765615
2.6831414531	-0.2085806023	-75.1242388491
2.9978398174	-0.5362680613	-74.2334044825
3.7357476091	-0.4989065070	-74.9072710904
3.7504198593	0.3863716269	-75.3721015441
3.6353488091	1.2738304981	-75.8183922625
3.6953477563	2.2291779468	-76.1077214496
2.8316517916	1.7482698908	-76.2585747638
2.6512949447	2.6998857367	-76.0097802909
1.7603169331	2.9722297459	-75.6464802448
0.9300624461	2.4237800919	-75.5470797226
1.1691520840	1.4728531776	-75.3506766967
0.8926432687	1.5356157615	-76.3096364107
1.7679776308	1.9638736296	-76.0851704824
1.8509357311	0.9681322794	-76.1253838762
1.7720318386	0.4923631460	-75.2493599568
0.9102182730	0.5214744101	-75.7557490489
0.1669486580	1.1402020735	-75.5013352955
-0.1543395507	1.1300590910	-74.5544081563
