2.4902783385	1.5005450601	129.6384584033
1.7291718608	0.9029341076	129.8906053428
1.5534139969	1.6202036892	130.5648705136
1.3218745170	1.9616611613	129.6539389773
1.7453907188	1.5788925733	128.8328895056
1.8396493085	0.5839658265	128.7977314786
1.0071766324	0.3640954373	128.2891587154
0.7813742030	0.8218762170	127.4292459172
1.4595279786	0.9988900721	126.7159622767
1.7339544374	0.3230022898	127.3999694583
2.5264588280	0.5169499976	127.9781745063
2.8763007312	0.9572908432	128.8050424416
2.7128348458	1.8243611557	128.3344385981
2.6782722063	2.4619136621	127.5648073711
2.3402958220	1.6804393571	127.0403363287
2.0652943585	2.5528528349	126.6362708405
2.0688357582	3.5525576074	126.6603088606
1.5750334010	4.1710305218	127.2715784297
0.7170420076	4.6469442440	127.4648577556
-0.1986868482	4.3497386700	127.1944700536
-0.7518631870	3.6323941575	126.7708985854
-1.3426233468	2.9209853964	127.1515559225
-1.3329260160	2.0878274241	126.5986058752
-1.1009508706	2.8781422699	126.0315168376
-0.1622937297	2.5333862627	126.0233886606
0.1011774662	3.4903289273	126.1452232436
1.0759549159	3.2859421685	126.2348612735
0.8544951235	4.2344802590	126.4612040470
0.6174480756	3.5356045757	127.1360236351
0.5268322195	2.5898400492	126.8240649406
1.2720898565	2.0039477856	127.1423750252
0.4603731332	1.5489584921	126.7761773957
-0.3360143126	1.4688408515	126.1767208085
-0.9859326311	1.0668067585	126.8216818671
-0.2640744010	1.1288154706	127.5109391596
0.1029659080	0.9679729245	128.4271329639
-0.8900334434	1.0848500570	128.4100442543
-0.6268965229	1.9340801904	128.8678292929
-0.9753908428	2.5300346804	128.1443723453
-1.2806813723	1.7296923819	127.6283782582
-2.0480029522	2.3231166747	127.8714115927
-1.8196484042	3.1867879065	128.3207735891
-1.5653706697	4.1173429326	128.5842317019
-0.7336008870	4.5960361124	128.3031412037
-0.9455264944	3.7578196713	127.8006665926
-0.2673532396	3.0574833454	127.5779334179
-0.4193451094	2.1862200556	127.1112442801
-0.0380887495	2.0167134132	128.0200407844
0.8806396046	1.6339922382	128.1173172643
1.7675168504	1.2799043034	127.8205505455
1.7806674570	2.2568034713	128.0338462963
1.2055531386	2.6219419894	128.7659100800
0.7413146093	2.7132102829	127.8849147982
1.5481606025	3.0980061765	127.4366607815
1.0734107802	3.6870310764	128.0906197050
0.1081478510	3.9443655478	128.1358573807
-0.5921213463	3.6252398174	128.7744353473
0.0276375453	2.8557637100	128.6201452428
-0.4774831830	2.8551004343	129.4831936829
-0.0900967660	3.6886431945	129.8770695908
-0.4689526869	4.0973825082	130.7073709605
-1.0987985485	3.4526115101	130.2742837284
-1.0356227374	4.1743372194	129.5849936461
-1.7505492192	3.4945779281	129.4212638942
-1.4588835204	2.5640299850	129.1998781545
-1.6763044318	1.6591602823	128.8339014224
-1.4533657884	0.7644196687	129.2208608462
-1.1565601565	1.5768017780	129.7227988158
-1.0303401220	2.3770698055	130.3090066178
-0.1744851947	2.8373664197	130.5448866093
0.4436872543	3.5387729602	130.8996987965
1.3891735831	3.8634926050	130.8749449207
0.9553084938	3.8501277747	129.9740662021
0.6969797409	3.5410303224	129.0587930077
0.5441329046	2.7486074931	129.6493045691
0.4505241455	1.9540410384	129.0493866170
0.8957539534	1.0604539719	129.1065930222
0.5654982773	1.0441057874	130.0503429495
-0.2389052064	1.0065627083	129.4574470458
-0.1689450188	1.8929470546	129.9150804829
0.6011314493	2.1087840458	130.5154109139
1.2238923518	2.8904098070	130.4803391616
1.6679591832	3.1341667740	129.6181401183
2.2144446813	2.4701999736	129.1077464581
2.7874301002	2.9876121843	129.7433346218
2.1678883439	2.3852259619	130.2466226619
2.2637689508	3.2543580422	130.7318198756
2.2103689215	3.9778883960	130.0435958829
1.6288851093	4.7414043987	130.3245227234
0.6819433047	4.6737383236	130.6387241256
-0.0959596390	4.8286409476	130.0297313611
-0.0010568291	4.4786201115	129.0978092232
0.8203653771	4.6455742420	128.5524727424
0.9349628687	4.7857864855	129.5359400483
1.5959535078	4.1353592896	129.1617264223
1.9584514039	4.3743546761	128.2609065288
2.4601504970	3.7070716400	127.7104236773
1.9461472560	3.2970579198	128.4638753463
2.6722261887	3.7238133794	129.0030313173
2.9983729598	2.9277522057	128.4932128286
