0.7980833562	3.9123622342	59.4458866007
0.5215146685	3.0002139157	59.1434048556
0.5224060631	2.8832260475	60.1365377995
0.6338668873	1.9781548815	60.5469311097
0.6403380632	1.8232989851	61.5348469843
1.6233532286	1.8576793367	61.3545717058
1.4621481050	1.2893937376	60.5476860968
0.5745402649	0.9266718402	60.8315613290
-0.1220687929	1.2214660939	60.1774725211
-0.0304044903	1.0674933838	59.1936584837
0.8384765929	1.1589529152	59.6801570114
1.2142038605	2.0847827268	59.6393136465
1.4799641569	3.0465095849	59.7060438134
1.6762270639	2.5632367052	60.5592308944
1.0176431547	2.8089201163	61.2705022181
1.2429832777	3.5657926682	60.6570156501
0.7344426092	4.3987638931	60.4389667402
-0.1346503345	4.0744628990	60.0654612912
-0.3019202635	4.4441453580	60.9794392178
0.2313791417	3.5984740776	61.0002197349
0.0080386125	2.6311056442	61.1198747476
-0.2422569919	2.2984416498	62.0290979200
-0.6475322834	3.1648594340	61.7374265957
-1.3810826035	3.6211623501	61.2337485471
-0.7233799573	3.2758659187	60.5642729287
-0.3843742705	3.1706437618	59.6293914164
-0.2373729590	3.8681464892	58.9280494459
0.0813857915	4.7876706612	59.1579802098
-0.2123021637	4.8205459553	58.2026443526
-0.8289278329	4.9220939284	57.4219646530
-0.3755316843	4.0448786813	57.2640870333
-0.8188337137	3.7708504058	56.4106282968
-1.7895632926	3.6254191091	56.2194900681
-1.7475992181	3.0623511025	57.0448345031
-1.4469068563	2.1193921906	56.9019618533
-0.7410249980	2.8212539206	56.9974653311
-0.9697134496	2.3612203519	57.8554109633
-0.0143396056	2.2316177883	57.5899604146
0.2509308374	3.1110499546	57.1947001753
0.8901864043	2.7325045798	57.8640698186
1.0532380621	1.7664421782	57.6637261314
1.9129301606	2.2045562931	57.9263770747
1.4394176262	2.5441619485	58.7390602101
1.3059676896	3.5169798831	58.5498080488
0.4917860608	3.8879326696	58.1031512394
-0.1127170691	3.0948887344	58.1783661504
-0.4855768422	2.4395769370	58.8352847435
-0.6127686038	1.5282672802	58.4437021017
-1.2676787852	0.7965778954	58.6327081820
-1.7816525579	0.9489060974	59.4768806050
-0.8814751783	0.6289638714	59.7723762178
-0.9207437472	1.5801472191	59.4662582365
-1.4886134312	2.0381229350	58.7823121380
-2.2705422063	1.4575987917	58.5552017907
-1.6042934253	1.5011522219	57.8107451698
-0.7226340360	1.3402115498	57.3671520889
0.2409391191	1.0753783027	57.3298676963
0.4992216632	0.9273575709	58.2845299352
1.2487583386	1.4351209435	58.7092311592
0.4577739561	2.0344909066	58.5863517305
0.1776300912	2.0491152501	59.5461983555
-0.4970060672	2.2263985730	60.2627433138
-1.2058432836	2.5653259313	59.6441335446
-1.6464969498	2.6503005340	60.5377798188
-2.5512566157	2.4444336026	60.9106454160
-1.9409858811	1.7151373506	61.2199940983
-1.3628489247	1.5863347556	60.4142847517
-1.7014832901	0.6508981170	60.5157000456
-0.7628280536	0.6975163696	60.8573915519
-0.3292918193	1.5533351755	61.1395626082
-1.0067757658	2.2808854707	61.2476647361
-1.8094521348	2.7099067971	61.6619730127
-2.4634558382	3.4171646267	61.3935227967
-3.1196341351	3.3847682422	60.6396126449
-2.1783022694	3.4720607086	60.3136151851
-1.3463696298	3.6312086281	59.7820514327
-0.9224700337	4.4678429874	59.4351334578
-0.5324435432	5.0963021357	60.1081256090
-1.2191751237	4.4622860119	60.4636861398
-2.1154254243	4.5052327240	60.0222215562
-2.8245532517	3.9683071184	59.5652219738
-2.6943116970	4.5215901035	58.7424734850
-1.8517320007	4.0603620710	59.0205528937
-1.8152818203	5.0536390198	59.1304268555
-1.8255329258	4.9345973219	58.1375905200
-1.0864645385	4.2779178894	58.2877572335
-1.0762553709	3.4037182518	57.8022978979
-1.1638942155	3.2408764072	58.7850501386
-1.8741010728	2.8550721409	58.1961857332
-2.3825379006	2.2234574658	57.6109038401
-2.7225287317	3.1562119326	57.4910066367
-2.5208536497	4.0195191236	57.0283751901
-1.5440751873	4.1646331091	57.1860005897
-2.0501959993	3.8689712610	57.9962016729
-2.7575418366	3.4159474899	58.5388169411
-2.6816942334	2.4494729003	58.7841208522
-2.0957360831	3.0476518698	59.3307788500
-2.7862323435	2.6035851680	59.9017601795
-2.0733366718	1.9550697211	59.6349128890
-2.5073973398	1.4281971094	60.3656635904
