-1.0588583694	-0.1208522457	132.8928472306
-1.2623252702	0.0256833352	133.8609012290
-1.6127518257	-0.8383936900	133.4995535795
-0.6245746769	-0.7952872445	133.6466853466
-0.2179699506	-1.1027520190	134.5069980857
0.4438941631	-0.9200722785	133.7799740095
1.4252854364	-0.9505071722	133.9695653755
1.7946197349	-1.3848050383	134.7911355426
1.7107863375	-2.3810386026	134.8132860933
1.1217996914	-2.3076160806	135.6180866052
1.3048836416	-3.2889029388	135.6777219074
0.3449716827	-3.0099868356	135.7055578286
-0.2028442459	-2.4423707263	136.3201387109
-0.5494181921	-1.5048135593	136.2905911500
0.0453528815	-1.0191309647	135.6499978412
0.7442377740	-0.8383595053	134.9579851343
0.8133056479	-1.7397936679	134.5306140083
0.6960647344	-2.7177825007	134.7032187912
0.8936530146	-3.6943470166	134.7885453276
0.7673056642	-3.7010692518	133.7965820427
1.5314605749	-3.5144915797	133.1791226961
1.4151594060	-2.7501759531	133.8133905109
1.9565379888	-1.9152845200	133.7140651615
1.5989264751	-2.2509902611	132.8426205789
0.9045945251	-1.8691925642	133.4526481699
0.9792200299	-1.1803714799	132.7315680442
-0.0084437779	-1.0239035194	132.7254052383
0.0712623836	-2.0073981847	132.5629701094
-0.3279810424	-2.8342960524	132.1669339959
-0.9489439007	-3.5444680825	132.4986881462
-0.0846021880	-3.4675232409	132.9956719438
0.6891541731	-2.8482939105	132.8620451129
0.1881802941	-2.7057808093	133.7156932773
-0.2244192751	-2.1738838789	134.4551844881
0.0777404443	-2.0247680390	135.3967066441
-0.8402774740	-1.6798999506	135.2009795299
-1.1611148284	-2.4067470203	135.8082329608
-0.6556263857	-2.8800713918	135.0868138915
-0.1187985513	-3.4385677840	134.4544392746
-0.1682851934	-3.8773532534	135.3516674418
-0.7188125423	-3.3941250037	136.0324097550
-1.2955858353	-2.9480023486	136.7167394599
-1.6035922821	-1.9967414990	136.7320634531
-1.5230117768	-1.1448711974	136.2145465246
-1.0041555997	-0.5982503879	135.5572840518
-1.2142640755	-0.7859832124	134.5977993906
-1.9847848840	-1.3981680468	134.4202397889
-2.1045567240	-0.8527165770	135.2497802644
-1.9691792475	-0.0876202988	135.8793043894
-1.6022954178	0.1123868716	134.9707927564
-2.1691635880	-0.3309142615	134.2764264387
-3.0203297581	-0.7574919594	134.5822819903
-2.8165710691	-1.6299974740	135.0263726609
-1.9677223353	-1.8433268888	135.5100527080
-1.5839330127	-2.3235540229	134.7213273721
-0.9975370318	-2.8188266328	134.0803556134
-0.7327264009	-2.4892993855	133.1741066834
-0.1682289992	-1.7372658818	133.5143834718
-1.0594409969	-1.7231952102	133.9677521865
-1.8019960562	-2.2572778999	133.5635645266
-1.9954085017	-1.6017323460	132.8335976419
-1.0055688602	-1.4791600292	132.9056636612
-0.9708102957	-1.8930267135	131.9959899781
-1.5587046797	-2.5373967500	132.4850374700
-2.5541953279	-2.4565524231	132.4354132401
-2.9878987695	-1.9343644301	133.1697299461
-2.7184511167	-1.1013657769	133.6529599184
-3.6501508723	-0.7424075269	133.7084985543
-3.5281540680	-1.6352706157	134.1419870598
-3.8840956346	-1.3248962249	135.0234479714
-3.2202337866	-0.9132379137	135.6478075485
-2.5434339269	-1.2709153089	136.2912427285
-2.9937977116	-2.1115079780	135.9902835519
-2.2080102978	-2.7125169179	136.1363191450
-2.4650916429	-3.6394579494	135.8630253358
-2.2449045069	-3.9758929287	134.9474221850
-1.6548936621	-3.2489954854	135.2988582530
-1.3734257897	-4.1569261384	135.6094025592
-1.0505452487	-3.8872626664	134.7021926782
-0.7814149815	-3.8869523989	133.7390889439
-0.0602154884	-4.4955683541	133.4082447053
0.0372266543	-4.4726223690	134.4032213436
-0.5383346897	-4.8624329237	135.1220932867
-0.9379553771	-4.8771947390	134.2055315621
-1.7484902818	-4.3217201720	134.0198404915
-1.6658158415	-4.3329750163	133.0233274382
-2.0894868157	-3.5839358436	132.5139717439
-1.6022140700	-3.3132034572	133.3441941516
-1.9864001669	-3.2193875660	134.2626709458
-2.9767343405	-3.3331679071	134.3419947042
-3.6208496870	-2.7578074371	133.8379354318
-3.5394408197	-3.6384759996	133.3712497994
-2.5834710267	-3.9080412304	133.4872512697
-2.6366573612	-2.9113465799	133.4258429026
-2.6457708407	-2.2933562277	134.2119757597
-2.5276568873	-2.7012771453	135.1173207873
-3.4899333860	-2.5257496621	134.9094409117
-3.3924116637	-3.1511192002	135.6836517710
-3.3553131632	-3.9908843416	135.1419708607
-4.0070462436	-3.5704485009	134.5107199629
