3.4848056989	2.1593903624	-242.2354835514
3.0981543168	2.5377730527	-243.0765110470
3.9826254386	2.0874878823	-243.1987980048
3.6512490460	1.1907139840	-242.9055638634
4.4971409929	0.6708221125	-243.0246405449
4.1179962927	0.5961051996	-242.1023246125
3.2440615441	0.2157221445	-242.4048916074
2.3626731679	-0.2377107611	-242.2724033796
2.2598538644	0.7547435422	-242.3392064246
2.6807437791	1.5764942892	-242.7233644512
3.0938859301	1.1980299025	-241.8950660322
2.7322716531	0.3854185392	-241.4380125486
1.7341625025	0.3288990877	-241.4621719188
1.1430142783	-0.1154075093	-242.1353252630
1.1280800632	0.8818170057	-242.2082652107
0.6103023924	1.5950920780	-242.6806474233
1.0664630122	1.7722810103	-243.5527263022
1.1934899264	2.6333942671	-243.0604376449
2.0643236814	2.9324073451	-242.6702585189
2.4386332139	2.3247261012	-241.9698187431
1.9359993383	1.5162090567	-241.6637805495
1.6188790277	1.7237692070	-242.5891742455
2.0967246780	2.1045364170	-243.3808053883
2.5693186839	2.6549926962	-244.0690297634
1.5757744101	2.6067653761	-244.1717132653
0.5789838340	2.5312731139	-244.1450774654
0.9618847471	2.6599985065	-245.0598543038
0.8949471391	1.9461310614	-245.7569286380
1.4410016710	1.1280296827	-245.5765551856
1.0700740218	0.3428883714	-246.0725045784
1.1906077735	-0.5607506950	-245.6615203300
2.1204904062	-0.7748460876	-245.9606548352
1.5967244517	-0.3667958234	-246.7084276661
1.9242555292	0.5701058017	-246.8306517971
2.1454057678	1.4108512328	-246.3364456741
3.0423966906	1.7146058827	-246.0152908872
2.9308407753	2.2755009916	-245.1949543986
1.9506368290	2.1329834444	-245.3323915566
2.4626563373	1.2778436111	-245.2513243711
3.1212608838	0.5256471860	-245.2723145940
3.0473042339	0.6493817842	-246.2618701322
2.1960244210	0.3540697897	-245.8281495931
2.3404547384	-0.2443903312	-245.0401233454
1.5274525710	-0.6596666321	-244.6319897033
0.7566151481	-0.8972221370	-244.0409084487
0.8420740491	-0.5308380566	-243.1143775632
1.7688356493	-0.7824536127	-243.3933086449
2.1708409342	-0.0651551871	-243.9624085656
1.1819705453	0.0827731677	-243.9465165604
0.8128809523	0.6229836484	-243.1902457698
1.6948660249	0.1877342005	-243.0095242999
1.7877518887	0.9981222465	-243.5880080344
2.6915423003	0.6904429985	-243.2905246359
2.7787869789	0.7617587082	-244.2841555712
1.8489121717	0.7048801066	-244.6476079995
1.0468823008	0.2127580041	-244.9860809266
0.4356252394	0.9816679720	-245.1735436329
0.6611871355	0.9887876042	-244.1993408091
1.2720971883	1.6522406060	-244.6313350473
2.2161278010	1.6634170038	-244.3016665921
3.0423307428	1.6755631701	-243.7384249303
3.6465543587	2.3027221775	-244.2299383088
3.4460614701	1.4664979017	-244.7403612336
4.0406979055	1.2636205213	-243.9623841914
3.9031514618	0.4615956801	-244.5436217761
4.2640628610	0.9740964932	-245.3227789352
4.0837769725	0.7496003198	-246.2804315165
4.8731849092	0.2505550804	-245.9229557011
4.4214559536	-0.4715339140	-246.4469103126
3.6515242575	-0.0369144266	-246.9141480300
2.6808604859	-0.2528363804	-246.8083673500
3.1057877221	-0.3771986456	-245.9117231224
3.9682078909	-0.1009202236	-245.4875749338
4.1465891942	-0.5712525591	-244.6233020575
4.8752779346	0.0928524227	-244.7905661979
4.6686855884	-0.0423040484	-243.8215190727
4.5352829250	-1.0151454201	-243.6323540788
3.9969792392	-1.8552570024	-243.5657082147
3.6292284265	-1.3053860383	-242.8157740426
4.0145665453	-0.3855155761	-242.8889373324
3.6296044545	0.2591129803	-243.5494357903
2.8949160264	-0.3498676391	-243.2504784042
3.4644847385	-0.9501722088	-243.8119282290
3.1390973031	-0.2088398344	-244.3989114720
3.1464325301	-0.9884551880	-245.0251271654
2.2465623252	-1.4173438011	-245.1044251599
1.2581255963	-1.5667087138	-245.1305585825
1.6018671451	-1.6036217288	-244.1922200631
2.4492644777	-1.0734396302	-244.1635024215
2.7722902565	-1.6571278727	-243.4185444483
3.0515013531	-1.9342465198	-244.3379172883
3.9554327941	-1.5900201722	-244.5917206996
3.4509317951	-2.0244555993	-245.3378739021
2.8521665016	-1.5566332182	-245.9879680054
3.4817577977	-1.0972945399	-246.6145641900
3.9642721785	-1.1418282449	-245.7398090120
4.8508247527	-0.7779101457	-245.4541726169
5.1831155191	-0.9471450810	-244.5263028074
4.9023353408	-1.8753029165	-244.2819965981
4.7353932306	-1.8261473449	-245.2667372044
