3.1105665637	-1.6326398366	106.9463823138
3.8489029932	-1.5500957437	106.2770200879
2.9664231566	-1.3332191144	105.8596547016
2.0550716013	-1.7407182411	105.8014928212
2.0311075706	-1.6816090596	106.7994566632
1.1663698515	-1.2895005229	106.4856421119
1.3107360745	-0.8728448950	105.5881141283
1.1105786347	0.0279171718	105.2026732141
1.0747551802	0.8839474961	105.7183560273
1.9569102857	1.3546158304	105.7018124803
1.6668537689	1.1386477716	106.6341348573
1.0199949996	1.8405093922	106.3358665247
0.2094987810	1.4641525423	106.7846999026
0.7713401827	0.6396042743	106.8514411426
1.1002486438	-0.1967645520	106.4129135943
1.8936293393	0.1165870901	106.9347927186
1.9387575865	0.3327808378	105.9594857389
2.1498650146	0.3471110968	104.9821279244
1.8419388396	-0.3740609497	104.3615698288
2.2373361023	-0.9242282285	105.0970811951
2.9680846188	-0.4735235098	104.5843708850
3.4036559576	0.4024014798	104.7918149048
4.0886156666	-0.2989010617	104.5943182156
3.6971773297	-0.6537657516	105.4433453531
2.8187309169	-0.2303053802	105.6647346339
2.1845103858	-0.6920539242	106.2848576863
2.5586197429	-0.7675432845	107.2091647485
2.4250066450	-1.4929883458	107.8843513917
3.3962556524	-1.4560101987	108.1195278837
3.7183404575	-0.8086482680	107.4287428889
3.3685535426	-0.5736319065	106.5218711097
2.9042676393	0.3014655622	106.6584105557
2.6790968791	1.2702187212	106.5544132208
2.8888675760	0.8461984129	105.6733893659
3.7175868856	0.3261031918	105.8800902776
4.5799280509	-0.1669821639	105.7650487781
4.4245267785	-0.7163585664	106.5860457409
5.0850268534	0.0108841714	106.7727477797
4.6091499371	-0.2348759752	107.6172257905
4.0061568049	0.2074969158	106.9533692489
3.2606471281	0.1628656841	107.6183680270
2.8189432536	-0.4939126088	108.2295471834
1.9499939729	-0.0898600068	107.9437699233
1.4983120973	0.7729704546	107.7168182145
0.7239858333	0.9687380151	108.3185606006
1.6063042971	0.8268036606	108.7673019151
1.0843423010	-0.0038271881	108.5733739188
1.9758411740	-0.1550143555	109.0004245011
1.7107952180	-0.8129792417	109.7052882112
0.8230678693	-0.7867690677	109.2456653429
0.7015765121	-1.6840176677	108.8211835412
1.2386237727	-1.8974767019	108.0050858261
0.5623050040	-1.6070611440	107.3281428988
0.6017557055	-0.9022188392	108.0364090688
0.9994893236	-0.1837216018	107.4658219249
1.5558259179	-1.0139514101	107.4310647781
1.6035496094	-0.9884393720	108.4295994971
1.7365521871	-1.8062307475	108.9895348331
2.5329790691	-1.2030767339	109.0332321731
3.4555469751	-0.8172697382	109.0378604404
2.9435925312	-0.0197957378	109.3571375395
3.6208389817	0.1989483309	108.6546503314
4.2015329168	0.6885336330	108.0041883527
4.6715469571	1.0455334648	107.1969474208
5.0501877685	1.5320649279	107.9842963087
4.1315164334	1.8961528878	108.1375377376
3.9001299449	2.7809837730	107.7331436260
4.8005046666	2.4771358202	107.4216925348
4.0348595372	1.9356951940	107.0743748355
3.5207217612	1.1073903522	107.2970257645
3.3374573082	1.2316258058	108.2722076410
3.0681999451	1.9850019872	107.6722703096
3.0931800692	2.2186311663	106.7002654742
2.1235021481	2.1930138901	106.4572253860
2.0714836409	1.7705322485	107.3621029122
2.5113888892	0.8857595708	107.5159232008
2.6075340848	0.5569101320	108.4553986651
2.6766244268	1.1390282350	109.2655622528
2.0729073046	0.5695334164	109.8234164343
1.1601021945	0.2027441268	109.6438267687
0.7668277477	1.0994222153	109.4405938601
1.6315731690	1.5898844724	109.5485852053
2.2712334257	2.2237270674	109.1137538347
2.2689152489	1.5723683474	108.3549874386
1.3109888470	1.8539114076	108.4107594193
1.0211109019	1.6770297625	107.4701831807
1.3483911088	2.5513817296	107.1118588810
2.2899731564	2.8376747564	107.2892272845
3.1580790691	3.2446047638	107.0049737122
4.0488764338	2.9342224805	106.6730958832
3.8992415490	2.3041335994	105.9111264591
3.7747621729	1.3614637716	106.2207689637
4.6224919376	0.8330326016	106.1747826101
4.8236062506	1.7895619556	106.3859806877
4.7229034899	1.6268212318	105.4044643044
4.3854612483	0.7333414657	105.1081087052
3.6444067694	1.4033214924	105.1524372872
2.7019834472	1.4361863879	104.8196337711
2.8614501402	1.9409003663	105.6680641889
2.8891664342	2.9203365622	105.8679054888
