-0.1378011762	1.4733550253	-85.5467174701
0.8260965809	1.4230906097	-85.2852320933
1.4101556246	2.1654235229	-85.6135869007
2.0720817926	1.4182136772	-85.5541630442
1.4669414463	0.7328145425	-85.9591731520
0.5227214941	0.9437773425	-86.2120434327
0.4692403517	0.9733724187	-87.2101736341
0.2048479111	1.4316718674	-88.0587360965
-0.5109206747	0.8863196959	-87.6225407955
-1.4354095766	1.1174646399	-87.9256781986
-1.3192802636	1.4528436100	-86.9907798464
-1.5087943098	2.4242442200	-86.8477229306
-0.6349181731	2.8571638168	-87.0689041244
-0.5757846656	2.3392915210	-86.2154924339
-0.3079087651	1.4885992400	-86.6677812188
0.3365999088	2.0530538092	-87.1835327178
-0.5609022382	1.9661306023	-87.6158916571
-0.0191153469	2.7417421773	-87.9397645474
0.6650460127	3.1401280957	-87.3288538387
1.0702604744	3.5984934282	-86.5378402724
0.9884857991	3.1609220672	-85.6423827321
1.9224950547	3.2148982416	-85.9955304109
2.4893053855	2.4897713780	-85.6044842749
2.1381981621	2.0564317808	-86.4345086789
1.2835457391	1.5846248041	-86.6512283424
1.2069778644	2.5814217284	-86.6281360873
0.4892466360	2.0812108095	-86.1437282834
0.1977657021	2.4519555479	-85.2619192314
-0.1838709663	3.3517194230	-85.4735283578
0.1328205817	3.1261553680	-86.3948466092
-0.5613923488	3.8389273701	-86.4949689347
-0.1063207127	4.7117061454	-86.3184271112
0.5388130918	4.1476324557	-85.8030406087
1.5001994460	4.3608479137	-85.9770390177
0.9020868351	4.8413869166	-86.6183997363
1.7174568631	4.9530320738	-87.1864728623
1.2504124972	5.0001351278	-88.0694512666
0.4065833404	5.1551762715	-87.5557250769
-0.4744317395	4.7264767316	-87.3556522564
0.2871108391	4.1274389261	-87.1082525622
1.2163540992	4.0602696888	-87.4715640774
2.0102314467	3.9178134958	-86.8804084377
2.2967951713	2.9651173050	-86.9816566465
1.8362944386	2.2060677585	-87.4418553657
1.2932155493	1.4186170932	-87.7333802698
0.9468086570	2.3013446775	-88.0508614140
0.9289928066	1.6040378483	-88.7674127251
0.1272800669	2.2008695203	-88.7997954100
0.5160160411	2.0062487546	-89.7003547362
1.1005879697	1.6714304471	-90.4393894858
1.6161116296	1.7586886254	-89.5869686001
2.4243229415	1.3450864451	-89.1677697072
2.6395453456	0.5060142977	-88.6681325906
2.9044018535	0.5871525443	-87.7072644336
1.9255933042	0.4729013937	-87.8772070664
2.2919559197	1.3902992868	-88.0326404594
1.8726310474	2.1048834558	-88.5925834181
1.1727574929	2.6221118704	-89.0851803880
1.1260113460	2.7834843435	-90.0709662282
2.0699492663	2.7874358463	-89.7408668671
1.5775432998	3.5694658969	-89.3588127294
2.1874641110	3.1100072767	-88.7131391428
2.6586909743	2.6136756497	-87.9840299882
3.2599071158	1.8197943858	-88.0750887055
2.8468676891	1.7163621829	-87.1702681645
2.1588108941	1.0263945338	-86.9454960800
1.3607509368	0.4249336729	-86.9821721952
1.0483917545	-0.3224334979	-87.5685799487
0.8785276998	0.5071492032	-88.1004998157
1.5241839334	0.7657500577	-88.8190077321
0.9668635824	0.8764648108	-89.6418906337
0.1599914050	1.0938499600	-90.1911637773
-0.6829236332	0.7986762905	-89.7413118647
0.0390494385	1.0975986814	-89.1172924035
-0.7123097995	1.5379095183	-88.6257787593
-1.4754322882	2.0162250742	-89.0603570565
-0.9100092193	2.6137623492	-88.4918098217
-1.5825842825	2.1585965945	-87.9083143889
-2.3745188636	2.6911669641	-87.6096366016
-2.0445534361	2.8628394768	-88.5378883805
-1.3779280177	3.6031749771	-88.6245711276
-1.4284565374	3.2469401536	-87.6915418572
-0.5240813271	3.6735522210	-87.6811677012
-0.2790484899	3.4839128982	-88.6319546573
-0.6110336781	4.4077652864	-88.4414747381
0.3325094745	4.2354996981	-88.1585420847
0.8126814948	3.3832214517	-88.3660429800
1.6153335038	3.1665311457	-87.8103496620
2.4894851868	3.6521585323	-87.8153372967
1.7914676816	4.0890424928	-88.3827031112
1.0370187420	4.4049794572	-88.9580209643
0.0916789547	4.2888978322	-89.2627466491
0.5202582231	3.3953179101	-89.3962933958
0.0093395828	3.2841504705	-90.2487040617
-0.3771997016	2.7969176425	-89.4656385773
-0.5625662794	1.8461254423	-89.7138993754
-0.1247553688	2.2276095473	-90.5280194428
-0.9623726451	2.7366933705	-90.3299513752
-1.4611632403	2.9982206933	-89.5036273458
-0.8175607792	3.7619132741	-89.5541200586
