-0.1648703127	-1.0140120294	-123.3370436745
-0.3127144777	-1.8110521867	-123.9225939205
-0.5211652345	-0.9436538652	-124.3744439331
-0.9203172288	-1.1121171060	-125.2757195967
-1.2793227786	-1.0165275430	-126.2041471118
-1.0932944254	-0.1712658603	-125.7032218284
-1.0517592568	0.0206566579	-124.7226910656
-1.0046145746	-0.1424401128	-123.7372080255
-1.2986361226	-1.0751021395	-123.5281796222
-0.9149294375	-1.8176876938	-122.9792389384
-1.3218096143	-1.3325053696	-122.2052579089
-1.7514779878	-1.2771430566	-121.3039698844
-2.7435068146	-1.1873369135	-121.2155749556
-3.2723863442	-1.9791536752	-121.5210461637
-3.7282306149	-2.8564927206	-121.6709868199
-3.0075512965	-2.9175512836	-120.9804122967
-2.2483529500	-2.2720254016	-121.0635640031
-1.5677562375	-2.3510889936	-121.7919437553
-2.3809131477	-1.8152359526	-122.0191823036
-3.0900497467	-1.3717106239	-122.5672795275
-3.3015619839	-2.3486139897	-122.5976503591
-2.6989442083	-2.8740597143	-121.9970185192
-1.8866669713	-3.2595703756	-122.4347252935
-1.2198978119	-2.8153038163	-123.0330948385
-0.9650481142	-2.8538471156	-123.9993070542
-1.4945054509	-3.6243898004	-124.3541857651
-1.5418202040	-3.4578462536	-125.3390840143
-1.7920717860	-2.7292416403	-125.9766649607
-2.2542893561	-1.8760427068	-126.2183393238
-3.1702316079	-2.2447130333	-126.0598086272
-3.8408941126	-1.8265035407	-125.4471809873
-2.9377530474	-1.4466610338	-125.2470413202
-3.0583218031	-1.1807454166	-126.2034680344
-2.2787666167	-0.6739655763	-126.5715276829
-2.0667651394	0.2502374338	-126.2538735159
-2.5037481434	0.9492453768	-125.6878048365
-1.9864432458	0.2422039409	-125.2056346894
-2.0134425058	-0.7091052466	-125.5126882184
-1.8861710555	-1.6722615497	-125.2757664723
-1.0383076097	-2.1896276637	-125.3917832008
-1.1764880184	-1.7782187709	-124.4908676124
-1.7207480722	-2.0598377138	-123.7006323532
-2.1406556723	-1.4793351067	-123.0029975414
-2.2850110213	-2.4623963145	-122.8900719245
-2.9446210467	-3.1611364865	-123.1669776602
-2.0095677137	-3.3504257598	-123.4667189410
-2.5451092174	-2.7275161213	-124.0369635203
-1.7674350048	-2.6049855912	-124.6535744903
-2.5940928462	-2.4899623595	-125.2043979370
-2.5829839919	-3.4080085314	-124.8080801107
-2.7792914128	-3.9343865867	-123.9808017177
-3.4855452888	-3.2461085960	-124.1465692362
-3.8637228664	-2.5483073621	-123.5382476454
-3.8560886646	-1.5723967784	-123.3202103745
-2.9470571735	-1.9181846018	-123.5527883816
-2.3987092015	-1.6838027131	-124.3555209845
-2.4850334105	-0.8775491242	-123.7702831855
-2.6487621212	-0.5890032789	-124.7136464264
-1.7068249477	-0.8497454714	-124.5020622346
-1.9655092197	0.0589066295	-124.1742912675
-2.1454205282	1.0152629321	-124.4045401407
-2.9269997894	1.5749626040	-124.6799854814
-3.0574265957	1.1621218781	-123.7785691608
-3.7961224412	0.7091602042	-124.2777226140
-2.9980384960	0.5412860385	-124.8564110283
-2.9141154360	-0.0850767943	-125.6314120101
-3.4171420092	-0.2006992063	-126.4879140384
-3.8223735749	-0.6360924334	-125.6840358661
-4.3447740472	-0.9970399891	-124.9114980945
-4.8726441568	-0.9367716601	-124.0643140083
-4.4047672170	-1.8136940507	-124.1743062352
-4.3204189715	-2.7261747693	-124.5746364885
-3.5728947053	-2.9126986915	-125.2121443691
-3.3897971201	-2.2139694898	-124.5205861452
-3.4047401948	-1.2377804032	-124.3041801110
-3.9453354377	-0.6107560542	-123.7432904167
-4.7017559762	-0.0219591113	-123.4584288206
-4.5918344930	0.0201897065	-124.4514750153
-4.0924145122	0.3814100942	-125.2389389918
-3.6028695699	-0.2879439562	-124.6800911550
-3.0461208262	0.0263580037	-123.9111665069
-3.7215647710	0.3677274400	-123.2575286979
-3.8820129154	0.2575519161	-122.2766526880
-3.8833559093	-0.6533550132	-122.6892623855
-4.7845012601	-1.0075428438	-122.9392384590
-4.8022245039	-1.9838650887	-123.1548324309
-4.3327608346	-2.6674030160	-122.5959229882
-4.1103880025	-1.7813255848	-122.1892079657
-3.7768100955	-1.0110029744	-121.6457662892
-3.1031976289	-0.2783422167	-121.7430003316
-2.1992598578	-0.2998567906	-121.3158778326
-2.2713447649	-0.7615580974	-122.1999794497
-2.9039413927	-0.3347723218	-122.8462575695
-1.9362189422	-0.2648652974	-123.0883861853
-2.2821404485	0.6501005716	-123.2961739856
-3.0217371984	0.8560963184	-122.6554225518
-2.2925638853	0.3369314126	-122.2095816834
-1.3672688371	0.4826247226	-122.5597281287
-1.3161295420	-0.2681707105	-121.9011759364
-0.8645674412	-0.5133274565	-122.7590744379
