1.7253478630	5.1162916313	-90.2843986025
2.2449445654	4.8280656452	-91.0887275450
1.9953097767	3.9718548917	-91.5410389620
1.8410538755	3.0600950406	-91.9216950941
0.8890584802	2.7764469587	-91.8065928230
0.9817239306	3.7618559227	-91.9493593739
1.1587878998	3.4390389866	-91.0196080218
0.2577190546	3.4156860701	-90.5865611681
-0.5835939355	2.9419260905	-90.8468378179
0.2075412175	2.4077106800	-91.1446952751
-0.2050432463	2.4054551936	-92.0556118317
-0.0710502121	3.3357556463	-91.7141635421
0.3273744886	3.1750308018	-92.6171725577
1.2443299820	2.8507930418	-92.8496859937
2.2164830307	3.0783055138	-92.9058689548
2.7575345477	2.4473600816	-92.3498373752
2.8321641330	3.3526054226	-91.9315536229
3.7603985406	3.0519971100	-92.1506780783
3.5297977936	2.2264979901	-91.6355329545
3.3480390108	3.0348454199	-91.0755881557
3.0044948543	3.9738154812	-91.0932696811
3.4209566073	3.7133559929	-90.2222240662
3.3496138578	3.0713570904	-89.4588449852
2.4760399924	3.3952722636	-89.8220909931
1.9318688467	2.6053339458	-90.1047130346
2.2461393202	3.1552427911	-90.8785569021
2.4795966777	2.2989567058	-91.3392865435
1.5036108090	2.2514278411	-91.1267010522
1.6615687306	1.9977670048	-92.0810099514
0.7130559522	1.9502305483	-92.3941613438
0.6174438713	1.5306738398	-91.4914817226
0.8013712882	0.7119392000	-90.9475660170
1.0137627763	1.5677859022	-90.4759557138
0.8767339295	2.5465187400	-90.3232955441
1.2094639136	3.4219815664	-89.9727879160
1.8374278430	4.0706003920	-90.4028517745
2.6942401464	4.4820730400	-90.0921059996
1.9861124575	4.4896351373	-89.3860620982
1.0729822364	4.4786736547	-88.9785414910
0.3599245282	4.0780295540	-89.5538961725
0.7816926608	4.3642892926	-90.4142257630
1.1859011440	4.6255531282	-91.2907853505
0.2455954463	4.2856489324	-91.3078245024
-0.2901518906	4.4135599676	-90.4731907156
-0.5569030142	3.6599598756	-89.8724156001
-0.4651217293	3.2474418700	-88.9661015867
0.3049044052	2.9737642220	-89.5424350815
0.7245496690	3.4045020570	-88.7434590055
1.6671498419	3.5297422180	-89.0530067662
1.6396941225	3.6384528257	-88.0593125541
2.5645787971	3.5635837699	-88.4321167428
2.3177211264	2.7743329250	-88.9943839340
2.4619583964	1.9280412503	-89.5072055513
1.5266747989	1.5782614438	-89.5610449352
1.2688761451	2.5049536401	-89.2875830045
1.4023444670	2.6419598533	-88.3060456876
2.0513068994	1.9109972144	-88.5170939807
3.0164053914	1.6820452810	-88.6442392239
3.0437608810	2.5814645754	-88.2080092272
2.2333851387	2.7268500461	-87.6404229154
2.6387314515	1.8141293661	-87.5890874784
2.4714136701	0.9668675532	-88.0932225600
2.2559005902	0.9511198168	-89.0695965259
1.3600726305	0.5106136906	-89.1283044414
1.4470995564	0.8723672466	-88.2001015116
0.5367273368	0.9490271096	-87.7934743025
0.5061457383	1.9168677716	-87.5437760470
1.4924070498	1.7729155581	-87.6248092852
1.2505659530	2.6635161597	-87.2396554817
0.4974037455	3.0265484820	-87.7882484293
0.2269939025	2.4895699427	-88.5873307562
-0.2072823958	1.6396704134	-88.2888765943
-0.6099870990	2.0276930849	-89.1178924738
-0.3754408927	1.2058318550	-89.6370573763
-0.0752661032	1.1884273797	-90.5907827980
-0.6045459457	1.6797335857	-91.2825060521
-1.0797651400	1.8145575133	-90.4130296430
-0.9736718699	2.6496245255	-89.8732080955
-0.1342274163	2.1824401052	-90.1508260467
0.4701335231	1.8179539410	-89.4423786661
0.9061885072	1.7027456394	-88.5498636253
0.3496214552	0.9398903816	-88.8789304457
0.6619739967	0.8261527603	-89.8220633332
1.0777153413	-0.0311849960	-90.1255943958
1.6558400636	0.0115529425	-90.9404227668
1.2177463979	0.1398584867	-91.8301483579
2.1591600893	0.4721230316	-91.8879457087
1.7603651107	1.1890061838	-91.3160706251
2.1551620197	1.6791410264	-90.5389585118
1.7870133844	0.8128107710	-90.2014107806
2.5726224317	0.7007170881	-90.8098953170
2.8981310659	1.0327616812	-89.9245758733
3.4868853303	1.8215867337	-89.7481574708
2.9707916623	2.4637613587	-90.3149546804
3.1986774158	1.6234728562	-90.8068726777
2.8297063974	1.2657731057	-91.6647253900
2.3868314867	1.4177526897	-92.5483339116
2.4112791029	2.0677215102	-93.3079014507
1.4785348067	1.7402416216	-93.1570869934
1.3503349398	1.0356973476	-92.4591026382
