0.2271515165	1.8678242689	208.1562445602
-0.2282579698	1.0719032036	207.7573562831
-0.2077538334	1.0160234632	208.7555832287
-0.3622590420	1.9175061142	209.1598815968
-0.9125652110	1.6867518959	208.3574380716
-1.1683216009	1.4913525474	207.4106499413
-0.5372582540	2.2573816031	207.5329550440
-0.3626250525	2.7511705667	208.3848210571
-1.1379274346	2.5944916731	208.9966690289
-1.8110986119	1.8574612904	208.9364462668
-2.7525803542	2.1943143681	208.9483682154
-2.8001342759	2.5559177770	208.0172497486
-2.0948456623	2.9785071083	208.5864476304
-1.7118809438	2.2782349150	207.9839886030
-2.3284613089	1.6965077586	207.4534962195
-2.7724490574	0.8063407534	207.5558562799
-2.0689575474	0.1786412074	207.8891624084
-2.0709343293	0.3436921330	208.8754454734
-1.9005296829	0.4527725647	209.8547634585
-0.9477853602	0.3099265347	210.1228553593
-0.3489305381	1.0590654493	209.8397232546
0.3637218172	1.7518079950	209.9503324124
0.2743246118	2.6959936338	209.6332809667
-0.4386593318	3.3280138502	209.3296292875
-0.3761013851	3.2405284617	210.3238288702
-0.5051869865	2.2496732392	210.3631078158
-1.1867054434	1.8084778048	209.7792592211
-1.2407049891	0.9942892664	209.2011752541
-1.0448401774	0.0190211673	209.0987588959
-1.0649564082	0.5276499192	208.2380079853
-1.8416540654	1.1552106802	208.1840798801
-2.7682552858	1.1481628401	208.5600592762
-3.6987003479	0.7840911774	208.6015780765
-3.4941210530	1.4535638333	209.3156884847
-3.7335037515	2.1602635643	208.6499021723
-3.4162878017	1.6572492974	207.8459427900
-4.3696540912	1.3997719705	208.0034170548
-4.7787968011	0.6571975125	208.5336862481
-4.5243128180	1.4424836277	209.0981006524
-4.3289420929	2.3404546222	209.4924081121
-4.3611659274	2.7450009636	210.4063577180
-3.5239339511	3.2917755673	210.3974050293
-3.5327783880	3.1588573755	209.4063174801
-3.2390958668	2.3272065179	209.8776002272
-2.9522700525	1.5949868248	210.4953261158
-2.4612511369	2.0425985165	211.2426842615
-2.6807543519	2.7854824645	211.8750937636
-3.5300189293	3.1973376167	211.5447530134
-2.7418318139	3.6356055742	211.1126855781
-2.5646136449	2.8289403320	210.5488727480
-2.1595958788	2.2412705523	209.8484408532
-2.4377960186	1.3229135302	209.5669713838
-1.9758627284	1.4067841297	210.4499115619
-1.5038858104	2.2476310233	210.7148913543
-1.3519517182	2.9367006518	210.0063018549
-1.5324118564	3.6021557662	209.2820065911
-2.4300440265	3.2578689333	209.5571848312
-1.9755162789	3.7418400109	210.3049658972
-1.7204055802	3.2306804569	211.1257182604
-1.6414898467	2.4404079443	211.7333708445
-1.2181630478	3.0697214982	212.3851061221
-0.3324571762	2.6316171579	212.2315167470
-0.7341887458	2.9168005234	211.3612971230
-0.7310251888	1.9227248611	211.4699413568
0.1800271806	2.2873837554	211.2775680975
0.0766603309	1.3501465934	210.9445488840
-0.5838026498	0.8392357946	211.4947841126
-0.9731354792	1.2393769701	210.6651414258
-1.6458349160	0.5380952707	210.9011063508
-1.6398793619	1.3285100877	211.5136493686
-2.3044176188	1.6468308823	212.1897120705
-2.0073681463	2.4209198084	212.7487719468
-1.2410988374	1.8278733307	212.5015327477
-0.2893744116	1.5455337236	212.3810961933
-0.7528080100	0.6996244293	212.6450408196
-1.7381078100	0.7677301212	212.4883694478
-1.3309969535	0.1386002510	211.8262090768
-0.9776137596	-0.3089294358	211.0047241422
-1.9514904402	-0.4609309044	210.8360239215
-2.8999438808	-0.6280626301	211.1052878389
-2.4398773200	0.0727456932	211.6504542847
-2.6361506653	1.0133670699	211.3734918330
-2.6736319837	0.4011319443	210.5837049619
-3.4569874189	0.2171399724	211.1774230906
-3.7206506141	1.1814862669	211.2001814691
-3.3958429735	0.9531656295	212.1179884658
-3.3428936862	1.9260549911	211.8928603621
-4.2362160028	2.2526676401	211.5841543271
-3.4977037039	2.3319657312	210.9145937270
-4.0085927104	1.7220181481	210.3088244896
-3.5854486563	0.8295864419	210.1522525920
-2.9933357054	0.3852657266	209.4799570057
-2.6946246325	-0.4483820541	209.9445030989
-1.7472011771	-0.5983875245	209.6618599405
-2.4346244303	-0.6480743981	208.9373045695
-2.9585040748	0.0287558429	208.4201479754
-3.6402497420	-0.3656223196	209.0363368346
-4.2062190850	0.3498566858	209.4459323615
-3.7453573953	-0.2365678629	210.1120500326
-4.4083288550	0.3323818132	210.5986351842
