2.3189971899	1.7011941864	27.1699707578
1.9452381841	2.5304532759	27.5854627167
1.4587308924	3.2992272341	27.1703756699
1.1514729447	4.2428900896	27.0475222256
1.3246660210	3.7296423200	26.2069385681
0.7069796542	2.9553405889	26.3444899455
1.3866561241	2.2811506806	26.6334672177
2.0206737260	1.7091685907	26.1130268568
2.1886583107	2.0672473384	25.1945712020
2.2756059340	3.0502611565	25.0329421696
2.3302106383	3.7642979769	25.7309176315
2.1576525472	2.8531984019	26.1052453883
1.3377618352	2.7349236718	25.5450754957
1.3578198360	3.6518377684	25.1464952453
0.9894112978	3.5085476000	24.2279403604
1.4807428917	2.6499384600	24.3741717169
0.5166010450	2.6608226747	24.6393358797
0.3645030075	2.3154595046	25.5653976852
-0.4672668830	1.7603873004	25.5580698370
-0.0053160176	1.7575826647	24.6711687535
0.2325679453	0.9911132309	24.0745651773
0.8699425051	1.7589848317	24.0103244185
0.5877902774	2.5992973174	23.5474366927
0.0991465658	1.7931419558	23.2137589200
-0.6689580657	1.4787435264	23.7715840742
-0.4004125506	2.4268069867	23.9420510255
-0.1177475865	3.3831055565	24.0168411549
0.0680889623	4.1294636899	24.6559141663
0.2963413263	3.4265535013	25.3295744108
-0.3241706426	3.0100814700	25.9940410718
-0.2196251123	3.0036014439	26.9885400620
-0.3432357955	2.1157214571	27.4316986433
0.1118687898	2.0360628708	26.5448309383
-0.8733425340	2.1927714909	26.4755412865
-1.4619169971	1.7721253215	27.1659302359
-0.7110577416	1.1157644731	27.2394204739
-1.0306465402	1.0895051923	26.2922280700
-1.8035758739	1.6754073778	26.0487144687
-1.3678682357	1.1482547697	25.3191468009
-0.5356089407	0.8642926454	24.8430060887
0.3266467624	1.0034412045	25.3299894363
1.0460436232	0.6907945013	24.7097312677
1.8266540006	0.9992743897	25.2533189765
1.7983225816	1.4837627496	24.3789801635
1.1256104986	1.7842444829	25.0551230341
0.9379939939	1.5207995891	26.0013771411
0.9005273765	0.5437913643	26.2112608738
0.0341744039	1.0060771624	26.4002697831
0.3753890670	1.1575720399	27.3279668543
1.0356585857	0.4065608289	27.3228362073
1.4010358708	1.2354205783	26.8991724781
1.2012840492	1.7491926811	27.7335209881
0.6829632393	2.5229508667	27.3693207572
0.4880442537	3.4738119034	27.6098823457
1.1331901313	3.0000563522	28.2093341571
0.3599355709	3.2096359339	28.8077936660
-0.2004255067	3.9206782225	28.3830415894
-0.3653070393	2.9948960946	28.0428335179
0.2400417770	2.2436270594	28.3057929203
-0.2606628155	1.3832163338	28.2109863053
-1.0194451367	2.0341690208	28.2335692286
-1.2762410501	2.9235038881	28.6119068459
-2.0328339022	3.4495684601	28.2235470613
-1.9794210035	2.5187768295	27.8619201781
-1.2092295922	2.8133298225	27.2961961073
-1.0877967879	3.6738526680	27.7909228061
-1.0424908934	4.6120855714	28.1339481621
-1.4766865908	4.5660191577	27.2343082442
-1.9101138660	3.6684964669	27.1531059247
-2.6766874310	3.0308725557	27.2292683648
-2.0195326462	2.5462508405	26.6519561598
-2.3824387854	3.3854170952	26.2468646504
-2.4323880649	2.5861821278	25.6479251407
-1.4546000826	2.4657882855	25.4763559579
-1.3286021885	3.1879345458	26.1565245468
-0.8590721124	3.8350110758	26.7572187053
-0.2279982642	4.3117472651	27.3691569406
-0.5660583851	4.8313725913	26.5844883003
0.4198905144	4.9673319407	26.4874325283
0.6547623155	4.3624400874	25.7265507484
0.2848914395	3.8891999122	26.5260751518
-0.3788790580	4.0919829083	25.8061530844
-0.8075865445	4.9328164050	25.4756853524
-1.4220018996	4.2179710818	25.8095864385
-1.8156607796	3.4852125310	25.2545210437
-0.8517777582	3.6206104116	25.0251808269
-0.4864052259	2.6905122980	24.9874924761
-1.0706424684	1.9545615689	24.6453764593
-1.6594413415	1.2622016709	24.2282989383
-2.1642051330	1.7352010015	24.9504382241
-2.0952152524	2.6672587473	24.5947575319
-1.2268185390	3.0209659897	24.2472257566
-1.0709803534	3.9795187969	24.0087074642
-2.0245692903	3.7406466131	24.1920329108
-1.6342622087	4.4287442798	24.8037370738
-1.9044842799	5.1857602813	25.3986377426
-1.5623666908	5.1410588009	26.3372310161
-2.2547759071	4.4290816156	26.4540983117
-2.5184577482	4.2326556660	25.5096997025
-2.8538118047	3.4372453600	25.0048629942
