1.6837720911	-0.2045703081	-127.0286305628
0.8187446726	-0.6030158183	-126.7237228050
0.9912518105	0.1186190935	-126.0532868710
1.9685156173	0.3276220227	-126.0176045585
2.6030642089	-0.3428448733	-126.4020811198
3.2920456231	-0.8274573444	-125.8631420104
2.4472239026	-1.3560735401	-125.9458534245
1.6722385849	-0.7326606549	-126.0495555551
2.3068116288	-0.4440648962	-125.3325970207
2.6325227872	-0.9214559882	-124.5165026717
2.3379354380	-1.0008391720	-123.5641809803
1.4907751393	-1.4522433208	-123.2839066098
0.8086325606	-2.0865078681	-122.9200522620
1.2250033015	-1.5294639711	-122.2014859791
0.5489422499	-0.9511242553	-122.6580652467
0.9884194221	-0.4812382137	-123.4236153255
1.0547871598	0.1580903250	-124.1896795153
0.8798260027	0.6121356839	-125.0633106764
1.8755305475	0.5896973740	-124.9734831652
2.1424286344	0.0104273578	-124.2032808155
1.8476866412	0.1783304562	-123.2625706013
1.1016537710	0.1426321758	-122.5976190322
1.7099346346	-0.6510427760	-122.6062481555
2.2703506194	-1.4713361761	-122.4919999090
2.4196552242	-2.0576955469	-123.2881725180
1.7566315808	-2.5635927506	-122.7363866287
2.1473966213	-3.0896892067	-123.4917178157
1.4511220908	-2.4155111465	-123.7380625361
0.4615673552	-2.5294756248	-123.8263434684
1.0340108643	-3.1985550708	-124.3003066777
1.0038769197	-3.3896777512	-125.2814101720
1.4892746817	-4.1934685257	-125.6253715121
1.8549699878	-3.9046849764	-124.7405715320
1.5498656221	-3.9989329209	-123.7929277957
1.0297840498	-3.3490139048	-123.2387433222
0.1841519959	-2.9807317859	-122.8523824671
-0.2577130305	-2.1226974131	-123.1141692382
-0.6070778121	-1.1927818933	-123.2290664771
0.2708655992	-1.2626180170	-123.7027101009
0.4900161197	-0.8243729781	-124.5744407561
1.2702400506	-0.4130895374	-125.0457119614
1.5184452532	-0.8684018226	-124.1906769327
1.0152083801	-1.7163693560	-124.3571212532
1.2466016124	-2.3131473658	-125.1254396632
1.6890342679	-1.4163857808	-125.1169540938
2.1295055739	-1.8080351319	-124.3091200673
2.9539762099	-2.3699387699	-124.2419451318
3.3616907831	-1.4989182817	-123.9679156880
3.2991848337	-1.6292392797	-124.9574152806
3.2873432076	-1.9976677174	-125.8869959722
3.9145224343	-1.5142237693	-126.4976744200
3.1552204132	-1.0670113814	-126.9703915878
2.8617838323	-2.0216905350	-126.9205650232
2.2710300683	-2.4405175349	-126.2309318348
2.3921243489	-2.1646302111	-125.2774003148
3.0380215545	-2.9279987898	-125.2866313938
2.7692715443	-3.3938546096	-124.4435704309
1.9407061611	-2.8483670868	-124.5697558828
1.9947928847	-3.1582149901	-125.5190023751
1.9022194488	-3.5498999606	-126.4344328984
1.3858449296	-3.0491756510	-127.1291504825
1.7692422903	-2.1255927908	-127.1280714834
2.0892066497	-1.1935007296	-126.9582857415
1.2212718886	-1.2517453400	-127.4515370119
0.7504966494	-1.8044271510	-126.7638499537
0.7138251987	-2.2510870296	-127.6578019421
-0.1351876622	-1.8230189328	-127.3480684011
-0.0976785114	-1.1870150195	-126.5772947081
-0.9849095122	-1.3298092561	-126.1386251773
-1.6834567551	-1.9808862088	-125.8417572754
-1.2641605523	-2.8756380084	-125.9954124458
-0.4952066865	-3.3158543981	-126.4590065382
0.3133933825	-2.8658193641	-126.8379978264
-0.3168344060	-2.2550439217	-126.3586583918
-0.6737293644	-2.0759319993	-125.4418460293
-1.2589962024	-1.3897268481	-125.0098909174
-0.9863743071	-0.5039905378	-125.3855882568
-0.1998511587	-1.1184735046	-125.3240088722
0.6770740703	-0.8820925834	-125.7424896994
0.4888014042	-1.8641639387	-125.7519372552
1.4407185646	-1.7685997863	-126.0430063407
1.1443614354	-2.7197356338	-126.1296842012
0.8202730180	-3.6426869630	-126.3373559174
0.1680083822	-3.9675798890	-125.6525235062
-0.7126662856	-3.5570979701	-125.4160563334
-1.1122614126	-3.7399913788	-124.5177948261
-1.6468036723	-3.0466651542	-125.0010787167
-0.7940681488	-2.7110560947	-124.6008179442
-0.4697462846	-3.0875782782	-123.7330354981
-1.1734109703	-2.3800634766	-123.6676228416
-1.7981704101	-2.1251885336	-124.4056705405
-1.4295718078	-1.3309229670	-123.9226826732
-0.6831583637	-0.7797502670	-124.2956111186
-0.4698017396	-1.7567230433	-124.2938376254
0.2209880094	-2.2616335662	-124.8114039366
0.1133914282	-2.8864061477	-125.5847616786
0.0474335754	-3.3198061053	-124.6859769222
0.2855426227	-3.8442387457	-123.8684963492
0.7485963250	-4.2228727252	-124.6698811371
-0.2303108807	-4.4206604086	-124.7210740564
