-2.2870681798	2.5016746590	-153.0411456293
-1.3009867070	2.3559489686	-152.9610996914
-1.3909723269	3.0710475476	-153.6543071715
-2.3500315790	3.3455472467	-153.7239869116
-3.1855860412	3.2156809457	-153.1901484674
-3.8964471389	3.0800457927	-153.8802786038
-4.2139924761	2.1434756658	-153.7319500619
-3.4783747127	1.9977179770	-153.0704206201
-2.7036458353	1.6460764500	-152.5449271350
-1.8209066213	1.3901423693	-152.9389692983
-1.2515527761	1.5444957548	-153.7464414224
-0.4667872549	2.1492759313	-153.6108537574
-1.0265651231	2.3432722901	-154.4164679026
-1.9615710713	2.2847766717	-154.0666934902
-1.8437344603	3.0942903231	-154.6418475402
-2.3647493865	3.1457099881	-155.4938448786
-1.4466794961	2.7995982680	-155.6871176225
-1.8302489216	2.0841105079	-155.1032068750
-2.3889286297	2.2039748021	-155.9238831417
-3.0760661616	2.7163669791	-156.4389523304
-3.5446984403	2.7992193271	-155.5594528842
-3.9085682642	2.3865946382	-154.7243842540
-4.4525766812	1.9720276323	-155.4538971325
-4.0551187147	2.2337517373	-156.3334013438
-4.1088280195	1.2373456253	-156.3989007378
-4.2821425668	0.7893155642	-155.5218425117
-4.2818183781	1.2601152882	-154.6396024565
-3.4367065702	1.5707780858	-154.2045453817
-3.9277255605	1.0882605854	-153.4792335778
-3.1811691151	0.5591260619	-153.8825574301
-2.6981932398	0.6717313130	-153.0141943946
-2.3645636782	-0.1199668161	-153.5259613221
-2.1558306972	-0.9919775509	-153.9687116140
-2.7839348799	-1.3742054116	-154.6464925508
-2.8418572773	-0.7576932526	-155.4317044672
-2.7416095079	-1.0173854808	-156.3921784810
-3.5973819024	-1.3383403409	-156.7979389852
-3.7411233401	-1.2592470349	-155.8114894690
-3.7748874450	-0.2684003648	-155.6807880480
-3.9431151056	0.0706431392	-154.7551807032
-3.7268497400	-0.9056851851	-154.7586871099
-3.5170154548	-0.4711967578	-153.8827936350
-2.7961933699	-0.2353226473	-154.5345442975
-2.2829874187	0.3316272655	-155.1788947052
-1.7369104012	-0.1190814329	-154.4727349781
-1.1067461081	-0.3748826566	-153.7396192317
-1.3575034065	0.4407662714	-153.2182387531
-1.9992982149	0.8282310661	-153.8800321171
-2.6005543998	1.5868531710	-153.6290669759
-3.0118648341	2.4579048047	-153.8975679595
-2.9978021710	3.1716906054	-154.5977908327
-2.8642756176	2.2467338624	-154.9536358595
-3.4783473937	1.6034581564	-155.4109237555
-3.2267974335	0.7688418538	-154.9208847317
-2.4300583322	1.3142713942	-154.6606667060
-1.4716885234	1.1103824939	-154.8605582416
-0.9207820031	0.6231759008	-154.1829656343
-0.2888106330	1.0376764715	-153.5281362944
-0.3226917624	1.4515948382	-154.4378195660
-0.3616752329	0.9405023560	-155.2964607971
-1.0367802678	0.2042153358	-155.2504758458
-0.9437443681	-0.6859972356	-154.8045320163
-1.7771305895	-1.2268263011	-154.9184237539
-1.7926725453	-0.5716956541	-155.6737794867
-1.7714781225	-0.5523832267	-156.6733683154
-0.8955990024	-0.3353937346	-156.2423795370
-1.0596020347	0.2234330540	-157.0552852054
-0.7458486587	0.7586373728	-156.2709924309
-1.6754195577	0.4396140913	-156.0862707766
-2.5820341099	0.0361328772	-156.2097736659
-3.3310751017	0.6363277196	-155.9292317908
-2.5331522663	1.2035331448	-155.7252779860
-3.1009894000	1.5957186416	-156.4489847815
-3.1233770741	0.7068061505	-156.9065144256
-3.5247424901	-0.1870971023	-156.7069078691
-2.7397960567	-0.4015307295	-157.2881800224
-2.0927434525	0.3542516548	-157.1876021175
-2.1044976206	1.2214672725	-156.6898080716
-1.4954707605	1.4834880190	-155.9411884005
-0.8042525620	1.9266154213	-155.3703508514
-0.5795862837	1.8478463708	-156.3415977305
-1.1161012651	1.4129227947	-157.0647803891
-1.5414850124	2.2299745060	-156.6755822793
-2.4317397239	2.1699701459	-157.1270753861
-2.6233380957	1.3413223280	-157.6530343748
-3.5722822843	1.5566945185	-157.4225571602
-4.0487843509	0.6792717559	-157.3671037919
-4.9377140245	0.9352847564	-156.9872862318
-5.1028677767	1.5968661026	-156.2558258019
-5.2642465334	0.6400292369	-156.0141232799
-4.4466516806	0.1830419305	-156.3644106740
-4.4691731169	-0.8116028915	-156.4652792169
-4.4685600802	-0.3253348148	-157.3390886823
-5.3277672519	-0.1696037240	-156.8517378194
-5.3181161937	-0.4239232930	-155.8846657363
-4.6322453831	-0.7160173282	-155.2181356876
-4.6457539620	-0.5485393703	-154.2323524194
-4.6247170885	0.4206745616	-153.9870326196
-5.0080546985	0.2935474755	-154.9018500772
-5.2438963891	1.2445041639	-155.1020002055
