-2.1615250593	1.1151274776	239.3775610348
-3.1541039849	1.1121727998	239.2559948127
-3.9283998199	0.5650997585	238.9379114156
-4.4969599253	0.6690872938	238.1218685252
-5.0265223604	0.3449961562	237.3379498037
-4.4698150707	0.4275624845	236.5113545007
-4.0750352382	-0.1328932349	237.2393917734
-3.5120649629	-0.0813269215	236.4145248844
-2.9756272074	0.4423485854	237.0763394338
-3.3616385959	0.2672025502	237.9820541098
-4.0986782410	-0.3386283627	238.2816229108
-3.7974913436	-0.5095680636	239.2197412783
-2.9686458174	0.0164655887	239.0292060051
-1.9798020140	0.1396713959	238.9454906444
-2.5249384710	0.7669778412	238.3893316141
-2.6519814251	1.3547230196	237.5903224194
-3.4188992363	1.3154877185	238.2308672359
-4.2927648166	1.7521458228	238.0171182065
-4.1279103471	1.6039283461	238.9922359345
-3.3655887529	2.2313851165	238.8336049527
-2.4912278569	1.8154956568	238.5835469979
-2.9792302870	2.3315830289	237.8796240954
-3.4315803305	1.9096648731	237.0938986294
-3.2584573575	2.1593359376	236.1411694991
-4.2414992357	2.0111069809	236.2491363551
-4.5173257906	2.3346210846	237.1542652610
-4.7191562074	1.3628538674	237.0320647769
-3.8546288206	0.9440677740	237.3099327411
-3.5762263974	1.1192087493	236.3655717246
-2.6233829637	1.3635703900	236.5455072115
-2.2344578507	2.1595293724	237.0093892600
-1.8008738526	2.3242719142	237.8953152228
-1.0490619150	1.8457178010	237.4417022036
-1.5468028148	1.2238439526	236.8371139855
-2.0232705678	0.4354015252	236.4480933961
-2.5674647681	-0.3429321816	236.1349651266
-2.9135456245	0.5213696569	235.7699851644
-3.8925349400	0.4399844582	235.5830189386
-4.5941451492	1.1336869075	235.7458686426
-3.7779250608	1.5758908995	235.3740617078
-3.3601539417	0.9098666560	234.7560981173
-4.3549067766	0.8399550942	234.6814042690
-4.8626935352	0.1712356492	235.2245128324
-4.4773827078	-0.6654801761	234.8353570872
-3.7069153785	-0.0911291173	234.5587690257
-3.4577981776	-0.5341593630	235.4199686666
-4.3363595706	-0.4539265158	235.8908110700
-5.1871970567	-0.4083582970	236.4142603127
-4.9296260516	-0.7582919377	237.3149287447
-4.3371913736	-1.2058804210	236.6450886878
-3.3887203900	-1.1463074809	236.3338751629
-2.4158133720	-1.3455527846	236.4511493858
-2.9944958832	-1.6760451968	237.1967372858
-3.1924328615	-2.6323792312	237.4117865065
-3.9066551048	-2.1452059745	236.9092441649
-4.6631685837	-2.2007510918	236.2576291741
-5.3390632955	-1.5546736817	236.6122420881
-4.9844140496	-1.2912715328	235.7151115400
-4.0295207604	-1.4239015821	235.4494273733
-3.6507819776	-2.2681570513	235.8286234138
-2.8101676213	-2.3843502700	236.3576476476
-2.3569031946	-3.0935632582	236.8976182919
-1.7673235653	-2.3164893575	236.6772730776
-2.2048535376	-2.2527291809	237.5742135233
-2.8732618099	-1.9762756812	238.2647233669
-2.9341254507	-1.0353737635	238.5978887889
-3.8557798090	-1.4221562627	238.6287520694
-3.9124140031	-2.2859068725	238.1280251457
-4.5949580917	-1.7007639140	237.6901424156
-3.7936653496	-1.1103127040	237.5937198556
-2.9974348064	-0.5707042335	237.3201515448
-2.4445415626	-0.2384575856	238.0842989297
-2.2833921183	-1.1825868095	237.7968082948
-1.4175223112	-1.6172244468	238.0445169974
-1.6966346854	-0.8508811185	238.6231483012
-0.6995005265	-0.7783609248	238.6016008941
-1.0158970105	-0.0790774356	239.2426124904
-1.0921458756	0.8342037269	238.8424829755
-1.4506381408	1.7660881805	238.8979326009
-1.6675336211	1.2810781674	238.0507480650
-1.9848567185	0.5215501854	237.4829247682
-1.9206735196	-0.4285181357	237.1775549887
-1.5585414324	-1.3482980197	237.0263421701
-0.7517607820	-1.9014966218	236.8187938898
-1.2553189733	-1.5715175772	236.0203310052
-2.0628626125	-2.0086418513	235.6243567134
-2.9332707822	-1.5425480089	235.4657813430
-2.8048283171	-0.9994541311	234.6359912653
-2.6224620508	-0.0443021247	234.8692876207
-1.8080718129	0.1459836356	235.4175210290
-1.0144504612	0.3645626918	235.9853135495
-1.0643636909	0.2139950045	236.9726524179
-0.7585991324	0.7703898342	237.7452666996
-1.3285249531	0.0327026675	238.1072089643
-0.9540794354	-0.7163232743	237.5606280528
-0.6567637906	-0.8097719648	236.6104329415
-1.5483645443	-0.5724614351	236.2247753104
-2.0209783758	-0.9375046829	235.4226658455
-1.5598115531	-0.5702390655	234.6149275662
-0.9255301259	-0.6124061058	235.3868789971
