-1.5819562405	-0.4188652590	157.9631191891
-1.8602744475	-0.6412559259	157.0287309577
-2.5977989338	-0.7742003384	157.6908362479
-3.3411235006	-0.8432428622	157.0254779097
-3.7598257163	-0.5272965014	157.8768687433
-3.3233025811	0.2960509140	157.5141752281
-2.7116866160	0.0907952675	158.2782406905
-3.6394111091	0.3414541750	158.5548222827
-3.6472858440	1.1703126593	157.9954193854
-4.3599662633	0.5059637457	157.7701925199
-4.9028115238	1.2242618005	158.2053556244
-4.1991901096	1.2573706300	158.9151589146
-4.2284492166	2.1350521565	158.4368085799
-3.6944004611	2.8868835103	158.8235145951
-3.2906591656	1.9725477223	158.8548679548
-2.6290908348	1.8043853321	159.5856543492
-3.1538015536	0.9959170983	159.3190877035
-2.6496473587	1.1665680531	158.4725023272
-2.3879436831	2.1277363713	158.3849429176
-2.8697970174	2.9851215146	158.2040891639
-2.8781873555	3.7265575446	158.8750602629
-2.6568193560	2.8500879901	159.3026083057
-1.8545182069	3.1445059898	158.7833483442
-1.7016048411	2.2661215406	159.2361819362
-1.8408611628	1.2824896793	159.1218314300
-1.7806107937	0.4372819314	158.5908005873
-0.9002986206	0.7523192319	158.9454863318
-0.8125529998	1.7410610309	158.8242825331
-0.7358954587	2.7201961129	159.0124795380
-1.0664967678	3.6088755414	159.3302084284
-1.8220260750	4.1885629253	159.0250232342
-1.2607443027	4.4754341714	158.2487065074
-1.0903201217	3.4930482275	158.1720680336
-0.5490449432	3.3897087560	157.3375968629
-1.1537230470	2.6118426822	157.1664572647
-1.6384551688	2.1433243169	156.4278604115
-2.4953114656	2.2395725707	155.9213689899
-1.9207857315	2.9847790296	155.5828612140
-1.8518695897	2.1420433964	155.0489630796
-1.7210761904	1.2341390895	154.6507133385
-2.4927627607	0.6685436072	154.3598498179
-2.5850547288	-0.1504710296	154.9261511664
-2.5004179875	0.6692242045	155.4926636069
-1.6023887402	0.3060220731	155.2444143719
-0.8226459468	0.9304231935	155.2905057704
-0.8068654474	0.5771085244	156.2258772049
-1.0432703633	0.0693835454	157.0543263955
-0.9316132981	0.5713631380	157.9119680388
-0.0765355425	1.0785514679	158.0196807580
-0.1848966627	1.0131777976	157.0277210053
0.0813412182	1.1656269036	156.0759454746
-0.7403356257	1.6311719825	156.4047538440
-0.9282053704	2.1138697766	155.5493546398
-0.4954244436	2.6331594027	156.2862664076
-0.1064634896	2.1688620406	157.0819656823
-0.4074190977	2.5225311922	157.9675975771
-1.3683200897	2.3727891190	158.2005065618
-1.9858232658	2.9527897446	157.6691977046
-1.9873462458	3.0889233496	156.6785083880
-1.5925699339	3.8188760637	157.2364695863
-2.1733767068	3.8929841812	158.0471307236
-2.5886014598	4.7364226640	158.3880118322
-2.6237292689	4.5997728988	157.3980154288
-2.4843026081	4.1245304769	156.5292779272
-2.7713019993	3.4900647086	157.2469718302
-3.3521730437	3.9393154155	157.9257668156
-3.7829393931	3.0545016946	157.7481576052
-3.3479793402	2.1543677822	157.7720048728
-2.8528051622	2.4635880229	156.9601025534
-2.0659505254	1.9806935427	157.3443846132
-1.7065831508	1.3811554449	158.0595133844
-0.8667813516	1.6632650256	157.5956738404
-1.4531212099	1.1279065782	156.9877290211
-2.0108814970	0.4708823346	157.4949002007
-2.7369331751	1.1575966951	157.4592302172
-2.4390340194	1.3768875524	156.5301620750
-1.6818485616	1.2777110776	155.8845350857
-1.8520900127	0.4021007845	156.3365577210
-1.4000882917	-0.4361730834	156.0316128627
-2.3954693323	-0.4428142174	155.9358398012
-2.6690673066	-0.0398990150	156.8092260206
-3.2774941375	0.6975422080	156.5159731703
-3.5012917167	1.6039087435	156.8743226462
-4.3538707557	1.7334160219	157.3806198386
-4.2442380985	2.5690396638	156.8423691446
-3.6963097964	3.3954840804	156.7128924977
-2.9275157810	3.2630428891	156.0872607428
-3.7742346066	3.3462442858	155.5617659683
-4.3768463853	2.5486208587	155.5873767617
-4.2556042003	1.7168574225	156.1291054012
-3.5052084880	2.3773273696	156.1552917302
-3.2681933278	2.4448821397	155.1861373736
-2.7879195143	1.6104938237	154.9157058628
-3.2800024168	1.4210705880	155.7653959561
-3.9211746532	1.5508966143	155.0090604709
-3.4657603521	0.6618409029	154.9623940321
-3.3961315624	0.0027931540	155.7112651133
-4.0997538499	0.7068092821	155.8075821310
-4.3394776910	0.8893036644	156.7611167557
-4.0244229882	-0.0593395400	156.7325404563
