2.7453254482	-0.4194026497	173.1606749351
2.6251883515	-1.2605710950	173.6879345719
3.1980179093	-2.0353597177	173.4204109507
2.2912861164	-2.4177257810	173.5982694603
3.0007387484	-3.1024050404	173.7652762705
3.6776580149	-3.6905559895	173.3227169325
4.0136016052	-2.8008009449	173.6317118592
4.2335467847	-2.7336414779	172.6585141794
4.4014005332	-2.2337024369	171.8088753888
3.7328894794	-2.9713868939	171.7144581611
3.3565939668	-3.8273410718	172.0690623523
2.5354843166	-4.2898202480	171.7345598051
2.9298016080	-4.3914221012	170.8212192678
2.9367937324	-3.4427211442	171.1373167280
2.0462425488	-3.7735980242	170.8251643941
1.4313421053	-4.3495251959	171.3638714922
0.8850942007	-4.5662808409	170.5547792743
1.8504123499	-4.6789079629	170.3192458326
2.3915264104	-4.0533918540	169.7571736210
3.1165845493	-3.4279119634	170.0453846575
2.9183050862	-2.5733528186	170.5253991599
2.7624572564	-1.6157265033	170.7676042265
3.3811703422	-1.4802397146	171.5414501075
3.4948886486	-2.0050506708	172.3850386370
3.6489586292	-1.1069326118	172.7969201651
2.6862906550	-1.3299720649	172.6435455461
2.3918605917	-2.2786742887	172.5283282365
3.1172564771	-2.9372960065	172.7283738372
2.4220606885	-3.2469181507	172.0796543729
1.7090649204	-3.0117958409	172.7402257423
2.0517277783	-3.5496621739	173.5104737371
2.7186067626	-3.9781010706	172.9007914165
1.8040993610	-4.0535290539	172.5033158427
0.8308069800	-4.0089775717	172.2781112545
0.3245780495	-4.3435596129	171.4832608738
-0.2211117450	-3.8177740778	170.8307486370
0.3110461539	-3.5513624589	170.0271113930
0.0753067980	-2.8219403795	170.6692721097
-0.6297013134	-2.9606036753	171.3647834707
0.2802549911	-3.2518615217	171.6599925336
0.7123355876	-2.9538934381	172.5111807497
0.9735471204	-3.5453512813	173.2740347036
1.2062087286	-2.6682211995	173.6941672967
1.4746105530	-1.7827693774	174.0735556615
0.7124673697	-1.3280061739	173.6127648230
0.6713705689	-0.7656036484	172.7869231601
0.1930540270	-1.0628072101	171.9605556095
0.8994473975	-0.4177240856	171.6692204613
1.0201440336	0.4533061158	172.1453913448
1.5260633357	-0.0207143021	172.8660509754
1.7481722424	-0.9654391299	173.1072202793
1.3950456946	-1.8945883794	172.9977519575
0.5041215992	-1.8957584292	172.5436012255
-0.2641306296	-2.5174750552	172.3910989307
0.0845805556	-2.0851836535	171.5595193174
-0.5555159523	-1.9603418859	170.8014355531
-0.0528343848	-1.1024545408	170.9079275472
0.8492296346	-1.4438251322	171.1720234088
0.4950942588	-1.9198406024	170.3670405470
1.0862501469	-2.7040989117	170.1786961277
0.9610822207	-2.5210955526	171.1538077935
1.4474311949	-2.2690185832	171.9904211311
1.3125127437	-1.2810149572	172.0655599801
2.0684426210	-0.6274940061	172.1040357791
3.0619597768	-0.5647542251	172.0092339814
2.7067490166	-0.4963230799	171.0769558608
1.7838152153	-0.8812686211	171.0801384357
1.7389230468	-1.8620274354	170.8901467478
2.2554565722	-1.6127946773	171.7093391241
2.8511156249	-2.4068094833	171.5879686959
2.0362488559	-2.7948426915	171.1573617077
1.3972571539	-3.3269419797	171.7128434376
0.9786564296	-3.5397334449	170.8299543019
1.3949249256	-3.7455267097	169.9443078310
2.0920473220	-3.0307452707	170.0000560059
2.0773832183	-2.0364322843	169.8945730731
1.9607500170	-1.3200203835	169.2067135782
2.4072722382	-0.9292431450	170.0116428023
3.1606467362	-1.5390160528	169.7654642764
2.9405272603	-1.7360520393	168.8100982542
2.8852343371	-2.5376753773	169.4053651830
2.3655766444	-3.2622376152	168.9526340864
1.7032015934	-3.9988971534	168.8162815411
0.7662751786	-3.7103416480	169.0135240656
1.3759943290	-2.9373005193	169.1885953962
1.9695759475	-2.2723686558	168.7352451132
1.1596565747	-1.7477446824	168.4729470077
1.0620071990	-1.9301417702	169.4513108980
1.3281864226	-1.2313651482	170.1152836787
0.8105605561	-0.5204956829	170.5914433847
0.9556798524	0.4121821304	170.9216743438
1.7897397434	0.1860042205	171.4248518982
1.8493057632	-0.0689543846	170.4597363616
1.6763186029	-0.3103230217	169.5048454655
0.9114464429	-0.8593540829	169.1678952130
0.1856762007	-1.0433241337	169.8307772356
0.0588754069	-1.7215382851	169.1069353167
0.1294162825	-2.6079889321	169.5643511400
0.5076802369	-2.6400325804	168.6392081319
1.2760068575	-2.9853089789	168.1002661937
