1.2338890344	-1.6298455762	-207.1063650191
0.8514186628	-0.7374673852	-206.8668288441
1.6581573151	-0.6964000469	-207.4563084626
1.8865807418	-0.3317685502	-208.3590080858
1.3109472478	0.4827142820	-208.4315601131
1.6798426865	1.2613046817	-207.9239055604
1.9906962103	1.5216271992	-208.8380183946
2.1484853151	1.1139056608	-209.7373880325
3.0451631490	0.9902730949	-210.1624572631
3.8570788058	0.8311692890	-209.6007821388
4.4377323974	0.6090247617	-208.8175240616
5.0775665067	0.6600834053	-209.5843391158
4.5545635847	-0.1922316407	-209.5791423920
5.2770931109	-0.8636831201	-209.4145094833
5.3274709560	-0.0911427568	-208.7815454561
4.6048800193	-0.7455497483	-208.5588038395
4.1527683518	-0.1193528287	-207.9236090206
3.4272438735	0.1297127455	-207.2820635653
2.8535163275	0.9458375311	-207.3511796807
2.8011168614	1.6264527124	-208.0819445340
3.1012486895	1.4465237223	-209.0187190236
3.9310812411	1.9569933616	-209.2441046564
3.4177633971	2.4355554234	-208.5317261447
3.9157052802	1.6151591433	-208.2506499545
3.4756414293	0.7172273144	-208.2585390395
3.6505489708	-0.0567896055	-208.8670660806
2.8964456971	0.4564404298	-209.2768503938
2.4060835817	0.6712540117	-208.4322202257
2.8552733439	-0.1535110772	-208.0887218914
2.5455333948	-1.1040314735	-208.0648024415
3.2703125429	-1.0538959180	-207.3776477191
3.5805344708	-0.9651479463	-208.3241603461
3.7640250163	-0.9806728278	-209.3070592207
3.9239369330	-1.8653973843	-208.8692343264
2.9400372061	-1.6893080008	-208.8997933924
3.2568175967	-1.9547497027	-207.9891942012
3.2213555652	-2.1395615975	-207.0070602959
4.0408563817	-1.6712246964	-206.6767892575
4.9464143978	-1.2483626984	-206.6428420907
5.1669329454	-0.2736082622	-206.6778472215
4.4612438578	0.3325772093	-207.0446470111
3.8655365057	1.1061304048	-207.2608603419
4.6514610245	1.0032415312	-207.8705623433
5.3317187470	0.2929249215	-207.6897316355
5.2168020650	-0.6996551513	-207.6499955645
4.3646833746	-1.2181131673	-207.5786161344
4.0739440738	-0.6123011708	-206.8380336043
4.3207769702	-0.7989990008	-205.8871301174
3.7990805424	-1.6155380763	-205.6399524983
3.6516222706	-0.8910521011	-204.9666203887
2.7990950829	-1.1701404659	-205.4085559937
3.0445383218	-1.2042955039	-206.3773650821
2.3652001582	-1.9197710092	-206.2142870005
2.3337559894	-1.5617134420	-207.1474568901
1.9123921189	-0.9759692079	-206.4551013595
1.5499000824	-1.4070780252	-205.6288176848
1.8918257585	-0.4762291479	-205.4999487600
0.9816859567	-0.2804469900	-205.8650718734
1.5993176981	0.0579936672	-206.5749936674
2.5015197634	0.1477483875	-206.1531222135
2.5638987010	-0.3808461115	-206.9997016391
2.0437703165	0.3327822982	-207.4689573866
1.7208250256	1.0928419512	-206.9050286118
1.6827971210	0.9009013102	-205.9243591115
2.5634167940	1.2223019203	-206.2725122952
3.4326173845	1.6663026394	-206.4901213367
2.8439129817	2.1784392373	-205.8647068892
2.1371707285	1.7036521055	-205.3402142133
2.6051811455	0.8235004398	-205.2608461152
2.8639558624	-0.1182222254	-205.0459180626
3.3887095584	-0.2882084885	-205.8800273054
3.4745933322	0.5811003840	-206.3667778182
3.5970561674	1.1710918442	-205.5687095687
3.9090976349	0.3112551071	-205.1645921252
4.4532810078	0.2317966381	-205.9997871973
4.4184433127	1.1805401456	-206.3139083395
5.1823875801	1.1189234697	-206.9562420079
5.5343629378	1.5700971351	-207.7763369239
5.5932754174	0.9480122312	-208.5570671539
4.8692712415	1.6010657590	-208.7791910902
4.6447644816	2.4363756642	-208.2773404382
4.4301735493	2.0101168444	-207.3985605168
3.4387682330	2.1382771049	-207.4248368635
2.4985244457	1.9721459227	-207.1276129568
2.0331827433	2.3315842297	-207.9364771008
1.3646044758	2.0573819281	-207.2452345977
1.7874715898	1.9887478289	-206.3416457729
0.8324800144	1.6928090246	-206.3213648736
0.7498382250	0.7121417127	-206.4987400639
0.6649211794	1.1310862740	-207.4027724471
1.0078611691	0.1927301178	-207.4461301167
0.8439243009	-0.5180751747	-208.1301480547
1.0889078803	-0.4496674291	-209.0972589202
1.8505784073	0.1514798827	-209.3390851344
2.4577875567	-0.0678823813	-210.1027455603
3.4426200281	-0.1694045476	-209.9620392952
2.9266318103	-1.0258631364	-209.9773639411
2.7400463323	-0.5902638619	-209.0967737235
1.9368653294	-1.1850323633	-209.0628516615
1.4500551779	-1.4068634272	-208.2179807510
