3.6216180854	-2.7117801998	150.6048700330
3.1428870578	-2.5419300544	149.7434946610
3.2769198108	-1.6569301920	149.2976129900
3.5229223067	-1.5015319189	148.3408820202
3.4086043213	-0.6785044085	148.8972605921
4.0984304831	-1.0401376533	149.5244457823
4.1279311393	-1.9664638251	149.9000114020
4.2640572967	-2.0180037255	148.9106614599
4.7446971402	-2.8233506578	148.5636720372
5.0030713317	-2.6276476373	149.5096863631
4.5985001107	-3.0393745151	150.3262664909
4.6456168283	-3.7868551630	149.6636559748
3.7469205186	-3.7023608657	150.0940112427
3.9124617636	-3.6007042496	151.0749607973
3.6257778807	-2.8493961083	151.6693919777
3.1251670859	-3.6776632437	151.9211108378
2.7797875371	-3.2292811863	151.0966919528
3.0400860888	-4.1590022344	150.8361858361
2.9325981954	-4.5063556832	149.9046323302
2.0773516790	-4.2550884272	150.3578631348
1.7668834874	-3.4892741406	150.9210131862
1.6097712189	-3.2740496554	149.9571697570
2.2803074803	-2.6421791175	150.3459122752
2.7173444118	-3.4834436150	150.0276784527
3.0643188913	-3.5873227218	149.0955744662
3.8651960813	-3.4868993046	148.5052263791
4.0238174925	-2.9874418660	149.3569197012
3.3684583836	-2.5567919209	148.7363997071
3.9077041859	-2.5244082911	147.8948741488
2.9374642032	-2.3046610163	147.7931612623
2.6238426875	-3.1561093806	148.2134911658
1.9480008667	-3.6821226345	148.7297739275
1.0667981628	-3.3129544845	149.0250647533
0.2246228277	-3.5827113684	149.4919393922
-0.5357553953	-3.0572004235	149.8735978847
-0.8717401824	-2.4159154234	149.1837661868
-0.2846272646	-1.9416511750	149.8397935066
-0.2965564849	-1.0144709943	150.2142192086
-0.3678812955	-1.0518174982	149.2174654727
-1.2197449632	-1.4519719451	149.5554073467
-1.2696079660	-2.2396269773	150.1695028045
-0.8199103482	-2.1588695661	151.0590253129
-0.4804327665	-2.8678389901	151.6771817068
-0.8605983561	-3.3393810104	150.8814919133
-0.1605722275	-3.9109999201	150.4534554181
0.0722295583	-3.7460397550	151.4118871958
1.0337608534	-3.7468415682	151.6865814361
1.1464051985	-4.4267717034	150.9620082771
0.9933910491	-4.1596023491	150.0105844986
0.7537085887	-3.4096271326	150.6270984829
0.0344799395	-2.7206443923	150.7166134745
0.5058682620	-2.6253235841	149.8398541045
0.1613626982	-2.6344435081	148.9011141280
0.5441376741	-1.7545601713	149.1826964984
1.4712508738	-1.4908973389	148.9163451783
1.3277268381	-1.4862198152	149.9059809557
1.4193460075	-2.3707404240	149.4485651488
2.2728816455	-2.8441807391	149.2310078395
1.7165356132	-2.6385725644	148.4258964368
0.8559456703	-2.1680552051	148.2309647441
1.6146380895	-1.6355150249	147.8557491134
0.7254465217	-1.2816812978	147.5656800711
0.0377184236	-1.4153283832	148.2792405238
0.7460682364	-0.7672507868	148.5589474629
1.6868214144	-0.6449660949	148.2426724052
2.5719611845	-1.0915192441	148.1118371185
2.4551651354	-1.9193435450	148.6605315779
2.3307850793	-1.8433731944	149.6498536223
2.3705343212	-0.9608932266	149.1811862516
2.1490181384	-0.8349260387	150.1481727294
3.1206282413	-0.7699582627	149.9206798811
3.1063883331	-1.6757695468	150.3441218991
2.7732149276	-1.1047142238	151.0943827204
3.7248083497	-0.9060026656	150.8598967386
3.7773577142	-1.8220107791	151.2575997689
2.8572258728	-2.2065044245	151.1832893997
2.7177795917	-2.5307586793	152.1189249660
3.0318173747	-1.5829861349	152.0631802361
2.0736243420	-1.6783204942	151.7934072353
1.8716897721	-2.5657028283	151.3789497313
1.2816007062	-2.4622237719	150.5782706576
1.9693212105	-1.7443002523	150.6860961090
1.6167582247	-0.8940087842	151.0768693942
1.1754323885	-0.0803486770	151.4552722698
1.8637842211	0.1659522980	150.7729911075
2.3366942293	-0.2460402343	151.5518481403
2.8736722623	-0.0891338842	150.7229724021
2.4873862666	0.1172122323	149.8239705056
2.1733819517	0.0519999323	148.8767911952
1.4784315218	-0.4545907288	149.3870948323
0.5703160462	-0.8105774053	149.6075483855
1.0043565043	-0.3828426766	150.4004240899
0.4856496896	-0.8962922913	151.0840268500
0.4960765085	-1.7147975860	150.5096224942
1.0824050495	-1.7515218159	151.3188629856
0.1155890985	-1.9319581471	151.4997210715
0.7202383663	-2.7270650175	151.5466713396
1.3621187369	-2.7775378942	152.3118132078
2.0514855616	-3.4220426575	151.9810761656
2.1526847619	-4.2982936057	151.5099679004
