-2.9044408691	-0.6769343773	232.4330148144
-2.8902256797	-1.6751673532	232.4907110385
-2.7825911940	-1.3143710311	231.5642981546
-2.8704247373	-2.3052450436	231.4620535458
-2.4472866400	-2.6664958523	232.2929879619
-2.1439188581	-3.4702804375	231.7812279307
-2.2308129538	-2.9422211850	230.9364777653
-3.0820775067	-3.3378883744	231.2811459191
-3.9197385886	-2.7932611626	231.2398529187
-3.5351748989	-2.8748348656	232.1593400037
-3.0096320687	-3.6593901754	232.4883957733
-2.9538198616	-4.3112367563	231.7321014970
-3.4666860593	-4.3437726417	230.8742497152
-3.2564643910	-4.3196894844	229.8968926404
-3.4735698749	-3.3901292927	230.1948575022
-3.1522519195	-2.4893686038	230.4870645400
-3.2815315505	-2.5004951721	229.4955187889
-2.5718400798	-1.7965479479	229.4672996125
-2.9474846703	-0.8763520216	229.5774386099
-3.5200456801	-1.5895120940	229.9818846524
-3.9700277250	-1.8085516425	230.8476431842
-3.8139439496	-1.8871163693	231.8322575446
-3.7422853786	-0.8946019094	231.7333631757
-3.3943021084	-0.8644886265	230.7963461887
-2.6592701349	-0.2891233282	230.4376223792
-2.7140944151	-0.2254658514	231.4340871423
-1.7891485053	0.1388273493	231.3256181245
-1.1019548480	-0.0074677309	232.0372097398
-0.9738457186	-0.9418096826	232.3697652513
-1.1265742611	-0.2952656854	233.1171974234
-1.9991597530	-0.0978446694	232.6704094404
-1.9797631839	-1.0330567835	233.0239657651
-2.1198246650	-2.0124782985	233.1692801743
-1.7741302708	-1.7439082389	232.2701886834
-1.9037882433	-0.8389340978	231.8649595950
-1.8484192211	-0.8482492713	230.8665370898
-2.5517364740	-1.4894411933	230.5595879720
-1.8751412004	-1.8532707264	231.1997808388
-0.9312820452	-1.7198274838	231.5019774572
-1.0696328604	-1.5042716334	230.5353365066
-0.9754958546	-1.2797492108	229.5654252190
-1.0779024878	-0.4326538515	229.0439443145
-1.0685515159	-1.2625244811	228.4860668213
-1.9811684210	-1.1322752492	228.8735787850
-1.9057458393	-0.9496013926	229.8538551217
-1.7068697038	0.0202167232	229.9949263985
-0.8726826270	-0.4859015305	230.2139611767
-0.8362189904	-0.6529008531	231.1992436892
-0.0370969222	-1.1374946706	230.8434730437
0.7170418928	-1.7204220226	230.5410323881
-0.0733971958	-1.6338230780	229.9346441708
-0.2477486444	-2.2660653757	230.6895423424
0.5208560895	-2.8771783390	230.8787187391
-0.3775180442	-3.2881229181	230.7236430520
-0.4763662213	-2.7642519046	231.5696857217
-1.3977196569	-2.6946472379	231.9521292300
-1.1867448845	-2.6085402806	232.9258207815
-1.1036831643	-1.6550014000	233.2154142099
-0.4523696243	-1.9300376955	232.5082044045
-0.1078908448	-1.1063961870	232.9587030571
0.0257259118	-1.0576789410	231.9688681252
0.2586287115	-1.9500665612	231.5823443598
0.4403791949	-2.7967712714	232.0824022518
0.1088447251	-3.6394867474	231.6582377531
-0.6651500155	-3.5399018267	232.2835496633
-0.7500149562	-4.3111463788	231.6526932749
-1.2338089773	-3.5232743211	231.2716408298
-1.2517813019	-2.6446383771	230.7944868993
-1.8451742380	-2.1205392738	230.1835818712
-2.3625972644	-2.9130704024	229.8608314693
-1.6742195138	-3.2205178479	229.2038595211
-1.9010693425	-4.0276086458	228.6587507255
-2.2150902193	-4.0358367262	229.6081311485
-2.5005082035	-3.9194938366	230.5594465044
-1.9490938487	-4.4259350870	231.2223638969
-2.6010383034	-4.9763146852	230.7007790756
-1.7382559866	-4.7989670651	230.2273295054
-1.1812488914	-4.3484994037	229.5296032110
-0.1970794278	-4.2423844078	229.3876522527
0.3348017517	-3.7053545375	230.0424051292
0.0723525308	-4.3370313608	230.7718602666
-0.8919630812	-4.1997226735	230.5454939155
-1.5562218628	-3.5152061431	230.2451651112
-0.7324827324	-3.3591529302	229.7000951709
-0.8761860705	-2.3727499710	229.7798357046
-1.5760978767	-2.0234883722	229.1568270376
-0.9813393500	-2.6670604063	228.6750829852
-0.3582840019	-1.9171953401	228.8975788631
-0.0176651235	-1.0013070420	229.1100109819
0.8311813950	-1.0586213967	229.6355342000
0.7144879985	-1.9849714579	229.2774026384
0.1614963833	-2.6921272688	229.7180055579
-0.0685406700	-3.1606629653	228.8650358895
-0.8557107810	-3.7139904435	228.5926539550
-0.7557392167	-3.1677711538	227.7609988739
-0.6842701685	-2.1705204736	227.7805757964
-1.6407674710	-2.0894348162	228.0608221638
-1.8056107296	-3.0705883006	228.1616415081
-2.4215746983	-2.5438481534	228.7474172387
-2.8220942149	-3.4165202909	229.0267511914
