-2.7175050456	0.8278385957	21.0031097010
-2.8574790694	-0.1617896606	20.9708112967
-2.2302120048	-0.7605203296	20.4727574686
-1.8624802051	0.1663845945	20.5477280312
-1.1503407458	-0.5001947413	20.7680218795
-0.4632845829	-0.9133381826	20.1703042824
-0.6101934140	-0.9497534826	19.1818247828
-0.8584135504	-0.5534325997	18.2979036767
-0.9899519521	0.1544265245	18.9919015939
-0.9432682911	0.5007650555	18.0549542860
-0.3414843791	0.9772193291	17.4139804577
-0.1360784289	1.1077087602	18.3839190661
-0.2672134250	1.0755461395	19.3747617270
0.3044988204	1.8389568501	19.0741802981
-0.2187680619	2.2907374508	19.7967355269
-0.9143914794	1.6362575625	20.0929856525
-1.2860536174	0.7631544238	19.7774572633
-0.8641199206	0.5502740718	20.6587369643
-1.6154823338	1.1979745051	20.7849854200
-2.3463217524	1.8305263043	20.5285639590
-2.3491464357	0.9659615424	20.0260504829
-1.8340984042	1.6793980712	19.5509359234
-1.8183122269	2.2037921904	18.6996066073
-1.1911215994	2.7567110139	18.1510515131
-1.6782631737	3.2109429817	18.8969512422
-1.2010244772	2.6359643656	19.5615133669
-2.1401229699	2.6813942997	19.9021453416
-2.7592294934	2.9159346050	19.1526802271
-3.6704702211	2.5234256498	19.2774883049
-3.1865010536	2.4698662609	20.1509327718
-3.3486726868	1.4836098744	20.1825350082
-2.8769201189	1.8138088473	19.3649665689
-2.8193279175	2.1614625608	18.4291139983
-2.2441188648	2.6625210546	17.7825268569
-1.5811289440	2.2260541173	17.1742991218
-1.9653503180	1.6079582837	17.8601062931
-0.9703670308	1.7024078739	17.8930840580
-0.1055239883	2.1848786224	18.0318950399
-0.3494782550	2.7457457482	18.8230425502
-0.8251053647	1.8717141682	18.9222778739
-1.4625633613	1.1275338292	18.7226709457
-2.0293337212	0.4424121598	19.1802511652
-2.5442462148	1.1005454095	18.6309554802
-3.1303586232	0.7450351917	19.3590246594
-2.7035240230	0.0010743011	19.8731592891
-3.5078456521	0.3531572402	20.3518077205
-4.2166901387	-0.3097413897	20.1107581397
-4.2115164174	0.5543953491	19.6075276465
-4.0019045534	1.5021492360	19.3670584462
-3.5413205875	1.4321777151	18.4822045619
-3.8497180457	0.4893635529	18.6086658737
-4.7373955982	0.2368562039	18.2236092527
-4.6214127125	1.2022740831	18.4570964875
-4.0671607070	0.9807978577	17.6547542937
-3.4966900888	0.8176030412	16.8498128514
-2.8562905076	1.0033042115	16.1045589001
-2.3458367931	1.5274954605	16.7862190353
-3.0098640489	1.5801746290	17.5320693612
-3.0798717361	0.6414681855	17.8696032659
-3.7273834824	-0.0940687186	17.6703195458
-4.0582398810	-0.6121110465	18.4590946658
-3.5730998835	-0.3071137260	19.2786163662
-2.8384587899	-0.0542244183	18.6490534531
-1.8882131526	-0.2665055060	18.4210842257
-2.0032992919	0.5708744332	17.8867154223
-1.4402705471	0.9872596176	17.1728372739
-1.6136685794	0.4751773512	16.3315853052
-0.9811113371	-0.2964432576	16.3984655818
-1.3386830736	-0.1688674865	17.3235963163
-0.7127152070	-0.9486015195	17.3369779396
-1.6169945074	-1.0979517642	17.7369447524
-1.9992595816	-1.9723466755	18.0357874406
-2.2980572525	-1.9026071530	18.9875523018
-2.4240016814	-1.8247225129	19.9765275207
-1.5121701460	-1.4214632669	19.8994221938
-1.4537403520	-0.4381743887	19.7270013679
-2.3040601037	-0.7910121025	19.3365377108
-1.5564019710	-1.1804798373	18.7986509197
-1.1816175605	-2.0685767451	19.0647721854
-0.7891291430	-1.6336919908	18.2543228702
-1.0837318215	-1.9853345214	17.3657527871
-1.4694723829	-1.3302717689	16.7160628537
-2.0417250717	-0.5223418735	16.5754351740
-2.6122668390	-1.2803034390	16.2592447929
-2.5230044928	-1.2009694840	17.2520883642
-2.5874603404	-0.2820759665	17.6412928698
-2.5057628501	0.4331854664	16.9472275971
-3.1365896141	-0.3090698691	16.7211421912
-3.6347505194	-1.1750013109	16.6764381595
-3.1853926812	-2.0310458379	16.9319089035
-2.7570088693	-2.5044370164	16.1622413766
-1.8653989291	-2.0861615758	15.9888130907
-2.0855846832	-2.1672282879	16.9608966375
-2.6377474944	-2.8327855211	17.4630418349
-2.5459969829	-2.8031868083	18.4583838665
-3.0967947535	-2.0346978228	18.1327360580
-3.4154817018	-1.1479589979	17.7978735708
-2.5810783411	-1.0596852858	18.3419128923
-3.2250808188	-1.3004784920	19.0680529894
-3.2070936216	-1.0005247996	20.0218371596
