2.3087306264	-4.0563145306	131.2003463968
1.8209818373	-3.2304621764	130.9173817210
1.3303964935	-2.7351950404	130.2004183437
1.5133106396	-1.7733517126	129.9969488670
0.5187149433	-1.8517463228	130.0650200502
0.6559860879	-2.2813422549	130.9575467826
0.6876285393	-3.2729073616	131.0832344682
-0.2241894677	-2.8630858916	131.0580494567
-0.3452102835	-3.5806674563	131.7439289360
-0.6335009551	-2.7346329709	132.1923864457
-0.3887366701	-1.9220126740	131.6634831484
-0.3655494899	-1.8332608591	130.6676993013
0.1153780029	-1.0758462685	131.1093234453
0.0644126725	-1.0543785581	132.1077931106
0.7609184247	-1.7359097477	131.8833048598
0.4028351798	-2.6613034150	132.0074940308
0.9876233520	-2.2937041869	132.7306078539
0.0481124622	-1.9541779123	132.7757874599
-0.3461831670	-1.1010166445	133.1173234143
-0.9920563344	-1.7303415923	132.6851221166
-0.7331447221	-2.5053662528	133.2615781449
-0.5317257274	-1.8756421891	134.0118300973
0.3768333484	-2.2293477920	133.7895403039
0.3758985786	-3.0030242424	133.1559600989
-0.4192046568	-3.5405144433	132.8750417317
0.4265997282	-3.8236615991	132.4228884054
0.9963219314	-4.6379459372	132.5340532733
1.0602265208	-3.9733067518	133.2784798692
0.1559291495	-3.9040815722	133.6997329271
-0.2478248958	-3.0816847073	134.1005396979
0.7050810756	-3.2646883618	134.3423658175
1.3092848908	-4.0601177299	134.2951443181
2.0926931465	-3.7865007128	133.7371073724
1.8330468899	-4.7114887505	133.4596529588
2.7105328254	-4.4314069279	133.0703296925
1.9496170890	-4.1382310405	132.4914902147
1.3290471221	-3.8632736812	131.7571256140
1.3423967020	-3.2810906210	132.5700737508
1.9874655217	-2.5517596988	132.7980268680
2.4791286940	-2.7309522056	133.6501755466
2.6118447268	-3.3724021066	132.8945774530
3.5688740929	-3.6535780220	132.9655344608
3.1548580530	-3.6138610261	133.8749371653
3.4444878970	-2.6918136701	134.1317312982
3.4255112461	-2.5807460330	133.1380996427
3.0071968133	-2.1304764359	132.3492585147
2.1182421683	-2.0666795476	131.8957283656
1.3983837648	-2.7362257974	131.7126663589
2.2478787112	-3.2212698408	131.9202491423
2.9390325109	-3.9284795777	132.0691142262
3.4574653215	-3.0744548765	132.0258796272
2.9467812539	-3.0337519031	131.1670751960
2.4577148544	-2.5331447443	130.4527877682
1.7316383596	-2.0746293848	130.9652100440
1.1096202842	-1.2984371312	130.8621610301
1.8698200396	-1.1043265803	131.4821750832
2.8213733196	-0.8212815160	131.3620424617
2.8293399887	0.1419915028	131.0936367548
3.1457424523	0.8229323426	131.7540979980
2.9002630684	-0.0464919852	132.1828650795
2.4823063106	-0.0053149812	133.0903983312
2.8586828541	-0.8163462374	133.5382476351
3.1983793812	-1.6939576294	133.8764849987
3.6167547617	-1.4095438611	133.0138895840
3.6035199938	-0.4183738993	132.8819541917
3.9546566470	0.3421843698	132.3358276770
3.7561823052	-0.3185894075	131.6119589383
4.4171896648	-0.6698921342	132.2750242931
4.6211539009	-1.4771084131	131.7211285724
4.0991042789	-2.0622925059	132.3416314086
3.5365727513	-1.3171496778	131.9834129749
3.8010264466	-1.2844105421	131.0195704608
3.8931233161	-2.2359384381	131.3130203366
2.9432241164	-1.9331839084	131.2353595025
2.5855459225	-1.4627979332	130.4286356688
1.9239374403	-0.7147039223	130.4799149746
1.0461970452	-0.2506987301	130.5993761838
1.7172519082	0.0086425352	131.2939461795
2.0498657861	0.5736791371	132.0489969372
1.8389944284	-0.3756343162	132.2821004291
2.5860130395	-1.0164397222	132.4591078481
2.4577981662	-1.7212097422	133.1568615046
1.6432840866	-1.4695623636	132.6341374752
1.8124405540	-0.7970584253	133.3546404540
2.1497444877	-1.3357435575	134.1266795623
2.3572047057	-2.2015334641	134.5820564342
1.7764858081	-3.0105443851	134.4911339849
1.3897220715	-3.0021771253	133.5689931058
1.4995806003	-2.0102836298	133.6328554357
0.8042593954	-1.3819325312	133.2839954080
0.8509532248	-0.6058959915	132.6550383544
0.8694976276	-0.5715405987	131.6558007389
1.0007021374	0.3073670823	132.1143927852
1.3697063518	0.2583718212	133.0425282031
0.9611157597	-0.3528211554	133.7203901901
1.1277799185	-1.1618079232	134.2840953149
1.1227174503	-2.1106645883	134.5997619120
0.2073112750	-2.4174159538	134.8604056038
0.2779178216	-1.4243092965	134.9539677906
0.1314291533	-0.9996323076	134.0605526994
