1.3399567085	1.7949827445	75.1973533826
1.7055646860	2.0670435688	76.0874734390
2.4793492168	2.6342271348	76.3695377974
2.2138239834	2.7753959401	75.4158251998
2.2119070613	3.6798725452	75.8423441279
1.4283599833	4.1488236811	76.2499454145
0.9712406304	4.4373413021	77.0912536098
0.3247590856	4.1749772136	76.3748551890
0.6854551395	3.6537427963	75.6014128583
1.3508575882	3.0422914445	76.0296263863
0.6406292554	2.5760314436	75.5022012002
-0.1164423348	2.0063947195	75.8221333959
-0.0413764238	1.0174491464	75.9500074059
0.7841395377	1.5475093830	76.1438102511
0.5924749546	2.4248780825	76.5836839292
-0.0695753764	3.1184068639	76.2995938226
-0.5609450497	3.7788158295	76.8674105556
-1.1849692078	2.9975661646	76.8829929573
-0.8334074128	2.1002741161	76.6160261356
-0.0221691469	1.5862146732	76.8946573706
0.1416105747	0.9653642953	77.6612870147
0.0803843454	1.9209178569	77.9496769238
-0.8632978378	2.1883015844	77.7548183099
-0.1454855304	2.7151280933	77.2996267888
0.7720271375	2.6668479618	77.6943919509
1.5302171455	2.5381101163	77.0551936414
1.9325231269	1.7903769394	77.5834407365
0.9984853117	1.6572442317	77.2520059136
1.1919382751	0.9441893377	77.9258966088
1.1700143345	1.8724610269	78.2971526011
0.4392640286	2.2145605762	78.8878910278
-0.5437652747	2.0323547339	78.8665738971
-0.5834165488	1.1265834906	78.4446660502
0.3850975447	1.1373703512	78.6933909872
1.3255456116	1.0209527659	79.0127722316
1.1889840485	1.8654376163	79.5306489322
0.3369249260	2.0804494858	80.0078964022
1.0947414253	1.8809699964	80.6291226787
1.2303089990	2.7496432191	80.1526478471
2.0493513754	2.1855682886	80.0478191380
2.2329786400	3.0070818833	79.5080076511
2.9478641439	2.3598482474	79.2433808631
3.0512476420	1.7030009405	79.9902834455
2.4930545480	1.2795196357	79.2767821812
2.1486099321	1.0333632822	78.3708213894
2.7654130826	1.8123340347	78.2578681235
2.0085862834	2.1297114502	78.8292565835
1.2900221894	2.8075895622	78.9846493373
0.7309464660	3.4884077262	78.5114464600
-0.1023367290	2.9472395510	78.3984149462
-0.8471808257	3.3354473583	77.8557345891
-0.4415291981	4.0688955825	78.4011706162
0.1413374021	4.0556940132	79.2136312274
0.3809338334	3.1206619210	79.4749902460
1.1891870690	3.7014372560	79.5720815293
1.7572709391	3.7361076287	78.7498414903
2.7324981344	3.8703730252	78.9256388759
2.6078236858	2.9817256646	78.4843202263
3.4459373242	2.5816952604	78.1134547456
3.5669678552	3.1376571408	78.9358038187
4.2824667710	3.3493974082	78.2700505907
3.3816079109	3.6693670595	77.9766690364
2.4015697871	3.8498571162	77.8933106814
2.6250967695	4.7927134318	78.1404091562
1.6319399118	4.7117452592	78.0562449658
1.1105692257	4.5689917144	78.8975499242
0.5064252567	4.5138520665	78.1025847150
0.2145314776	3.6997304071	77.6005847694
0.8808769926	3.3967730419	76.9192621662
1.3680874789	3.6996021301	77.7383595264
1.7225927212	2.8117935196	78.0318248640
2.5175040872	2.8378139106	77.4256575113
1.9488661405	3.4613427572	76.8891291683
2.0557274184	4.4374011586	77.0785774844
3.0505698091	4.4057088635	77.1749321209
3.0147108134	3.5088336341	76.7341045408
3.7618077951	3.0213277300	77.1859718814
3.2444845404	2.1684329202	77.1156363030
3.4285282872	1.3241511089	76.6123311051
2.4464994413	1.5107674517	76.6405035451
1.7161691198	0.9046007223	76.9554313426
1.9904866084	0.2284088413	77.6391816301
2.9113787019	0.0353486380	77.9778341215
3.2528772964	0.8436052570	78.4575214653
3.6305865076	1.5631725587	79.0402380774
3.9389555536	2.2948613858	79.6481360884
4.3086802093	2.3525120841	78.7207849812
4.4566344368	2.3739824896	77.7320238532
3.8421161694	1.5917293223	77.8342357969
3.7067599203	0.6704603267	77.4696235047
2.7882397769	1.0649026250	77.4967531829
2.6847344365	0.3423708487	76.8132076637
2.0000742151	0.1190344589	76.1194056471
1.7863760439	1.0563129082	75.8440110209
0.9665985570	0.4838933563	75.8613525514
0.6532411835	0.7447889547	76.7744465461
1.1932679642	-0.0875636226	76.8991873300
1.0088862721	-0.1477104045	77.8801999478
1.5983824601	0.0470660977	78.6641363983
2.5283103906	0.2219479998	78.9876334839
