-3.5261542800	-0.9699953018	119.4369935643
-3.4459332272	-1.7145153874	118.7742308430
-3.4337215460	-2.0609081002	119.7122409513
-2.8627982124	-2.7615750715	120.1401572310
-2.7166236806	-3.7498357825	120.1845844009
-3.0836730801	-3.5104367195	119.2857168762
-3.7789884571	-2.8698165178	118.9599220272
-3.7847691689	-3.4262032407	118.1290186646
-2.8670267182	-3.8098693852	118.2317273974
-2.0976275005	-4.0516032072	118.8229884252
-2.0331750062	-3.2790763423	119.4546909810
-1.8347557988	-3.2003353143	120.4316401448
-1.9098508820	-2.3230712655	119.9575425628
-1.0764127018	-2.1634017586	120.4865855180
-1.8709525352	-2.0139743904	121.0751243144
-1.7682854955	-1.3082425028	120.3741236141
-2.6922801372	-1.6843104822	120.4434545375
-3.3221669432	-0.9134493856	120.5384060061
-2.5372119838	-0.6811121758	119.9640671404
-1.6841943547	-0.7206618103	119.4436857890
-0.9627492909	-0.6757738797	118.7526705261
-0.2074499499	-1.1945536878	119.1531582490
0.5517024892	-1.3944942549	119.7726026322
0.0333816197	-2.0537601256	120.3173153895
0.3740426335	-2.9670199547	120.0939176317
-0.0865926616	-3.3884603986	119.3127626681
0.6194478072	-4.0071357237	118.9681647886
1.1269760001	-3.2115475603	119.2990040362
0.5755315201	-3.0159003424	118.4880594317
0.6444257670	-2.2841364485	119.1661266748
-0.3291825764	-2.3406334191	119.3872485553
-0.9671515502	-2.9949852001	119.7932280315
-1.1015920313	-3.5379436468	118.9642998789
-0.3801670807	-3.8032794896	118.3246570636
-0.5304122386	-2.8246464753	118.4650273445
0.0991200571	-2.0717875630	118.2729530182
0.1997589842	-2.6527702202	117.4652829380
0.5957007698	-2.3082168981	116.6140995789
0.6414305469	-1.3167090264	116.4923583458
0.6326624159	-1.6208199299	117.4449546287
1.1698323075	-2.1004224086	118.1388061763
0.7479776057	-1.2820982618	118.5291703670
-0.1168950006	-1.0394238752	118.0897337767
-0.5393788843	-1.7404687021	117.5152396351
-0.1694558008	-0.9455015696	117.0344234847
-0.8966728351	-0.5233524635	117.5756679000
-1.7658602294	-0.6259046434	118.0593995653
-1.5657799438	-1.4959055646	117.6087708085
-1.4515881089	-2.1351025623	116.8482529435
-0.8157655370	-2.8289274102	117.1863901014
-1.3353947211	-2.4430243151	117.9486658468
-0.8278931502	-1.7928462643	118.5140954692
-1.7489772049	-1.4443874012	118.6878210717
-2.5888920461	-1.7131759613	118.2163385487
-2.6951153146	-0.8746187651	117.6819805733
-2.6139366635	0.0342174278	118.0911587756
-1.9093716840	0.1719515147	118.7873035242
-1.1581067653	0.3275641577	118.1459099420
-1.8025625268	0.3249768938	117.3812727224
-2.0748053393	0.2765205344	116.4202650054
-2.8137544229	-0.0178937287	117.0262967650
-3.6897445060	-0.3033709972	117.4150693250
-3.5032494474	-0.5743759100	118.3594082103
-3.6803065068	-1.3338906365	117.7334783597
-3.2603474932	-2.0851671674	117.2243437988
-3.3029929376	-3.0816704850	117.1524932317
-4.2339433951	-2.7228728668	117.2202834577
-3.9487860646	-2.3202329786	118.0900917224
-3.0350127159	-2.7212235290	118.1550905356
-2.7059601225	-2.5191152592	119.0775202826
-2.5184309925	-1.5813857740	119.3699176797
-2.6268459545	-0.7097492958	118.8919050796
-2.8349280366	0.1633163107	119.3328793349
-1.9800144496	0.2718036311	119.8401793054
-1.0483894287	0.1775946909	119.4891814479
-1.1848292778	-0.2910013770	120.3619940811
-0.6713238107	-1.1263898144	120.1659372170
-1.1723131903	-1.6946305988	119.5131646284
-1.4881875948	-2.4832076865	118.9855572579
-2.0939516558	-3.0416137641	118.4187834451
-1.4105346957	-3.5587866477	117.9035422713
-2.2522503135	-3.4276671986	117.3797842079
-2.2700502518	-2.4324382486	117.4757138655
-2.3567726335	-1.6135698755	116.9083217470
-3.1542037132	-1.0371972601	116.7297208475
-2.8964800545	-0.4017854509	116.0018263851
-2.0450395134	-0.9262357433	116.0008799109
-1.2219154933	-0.4531084999	115.6868457422
-1.0948029141	-0.1211339986	116.6215303535
-1.8689300559	-0.6347143558	116.9916146481
-1.1229585729	-1.1751050087	116.6023788727
-0.4183732573	-1.8760385044	116.4916911689
-0.9156937417	-2.6147018186	116.0366649674
-1.6673519540	-3.1163852245	116.4648281280
-2.5221801901	-2.5975773072	116.4544825191
-3.4855288991	-2.4152548940	116.2577141212
-2.8689953966	-1.7107678532	115.9061683210
-1.8977912895	-1.9480804974	115.8850663986
-1.0295452622	-1.5482415075	115.5913358785
-0.2469521445	-0.9820352545	115.8500992668
