2.5934613913	-1.5096487531	30.8611107183
2.8661316533	-2.0455505902	30.0620737047
2.1698910623	-1.8421809424	29.3736771432
2.0265330239	-1.1159654634	30.0460308827
1.6463400603	-0.9780449878	30.9605970382
1.1039513460	-1.1626438954	31.7801931130
1.4304013937	-1.8708939333	32.4061421926
1.5240958400	-2.8660480650	32.3763159484
0.7991222513	-3.3582709289	31.8945172893
1.5628784464	-3.1515443253	31.2830104734
1.9705201863	-3.2125915411	30.3719114397
1.8512724982	-2.2279923713	30.4997569077
1.8855550036	-2.1374237098	31.4950568762
2.4553415355	-2.8600831801	31.8863452586
2.7466395451	-2.6164587037	30.9612546770
3.0715445216	-3.1705719114	30.1948374869
2.4712362773	-2.9109741806	29.4383726629
1.5027930690	-2.6940818312	29.5611548321
1.6338276681	-3.1576361615	28.6848287987
0.6740169660	-3.1939298772	28.9631203407
-0.3070782134	-3.1461391871	29.1506524683
0.0982699419	-4.0557128319	29.2421328359
1.0682681540	-4.1908643237	29.0400498262
1.9297527044	-3.8766521182	29.4389421167
1.9416831446	-4.8674824936	29.3043581957
1.3895715668	-5.0631683576	28.4938769508
0.3967818437	-4.9440498474	28.5072689690
-0.0888098916	-5.1105736790	29.3654475519
0.9049267859	-5.1660021958	29.4624789661
1.4868550881	-5.7253605270	30.0527989712
1.5298885468	-5.9443188657	29.0780141912
0.5778817608	-5.9528911652	28.7720573395
0.3456868927	-6.0241422545	29.7421134335
0.5488587949	-5.4090423174	30.5039357524
1.3111728568	-5.1195384986	31.0827835821
2.1880621498	-5.0791375230	30.6037920071
2.6005402951	-4.2168327877	30.3100364570
2.7618928901	-3.7194459839	31.1624282141
2.1531952846	-3.9308736489	31.9271409494
1.2434310294	-4.3065226108	31.7504580208
1.7686795137	-4.0934150272	30.9266260067
1.3022267159	-4.5495774315	30.1687753299
0.3107421587	-4.4194133758	30.1727365760
-0.4542129256	-4.8958173709	30.6061912477
-1.2909687450	-4.3954109844	30.8285269108
-0.7757139989	-4.6102610128	31.6581967318
-0.1348840730	-3.9095469722	31.9717837841
0.3098680433	-4.5437174259	31.3393097604
0.7538567421	-3.8063939074	30.8301653168
1.0645397973	-3.5879768519	29.9050869260
0.1469650117	-3.2623288693	30.1331437266
0.9094236129	-2.7566352649	30.5367906764
0.0458434716	-2.2536639651	30.5721348582
0.0796303558	-3.0286878197	31.2031629648
-0.3563908432	-3.8824784506	30.9186861246
-1.1461152105	-3.2789113615	30.8089491999
-0.8372704076	-2.7517161032	30.0173179427
-1.5919406197	-2.5079451795	29.4081803493
-1.3144203608	-3.3287449092	28.9089105729
-0.9546958054	-2.5669933421	28.3700851890
-0.0819900479	-2.9617018589	28.0827006946
0.8925515105	-3.0509937451	27.8770414862
1.3397735634	-3.9369686910	27.9996825505
0.3651006157	-3.9200066867	28.2226734370
-0.6058155836	-4.0519090372	28.4224821052
-0.9833729862	-4.5098978070	29.2272781629
-0.6716905842	-3.8764800817	29.9355408723
-1.6262980390	-3.5787489469	29.9265531764
-2.1992369188	-2.8931113566	30.3755989810
-1.5546093057	-2.1932989066	30.6833615115
-0.7614118183	-2.3662468749	31.2672508385
-0.8810204730	-3.1612692767	31.8619214618
-1.6047379137	-2.4713726024	31.8785240141
-0.7994646773	-2.0945749339	32.3362996489
0.0038126799	-2.6737570672	32.1973984470
0.6619920560	-2.3897766845	32.8946466460
0.1824672939	-1.5864002662	32.5415994355
-0.5436102316	-1.0229045806	32.1475384766
-1.3152656117	-1.4398221931	31.6671972658
-1.3056853124	-0.4934820635	31.3441669623
-1.5970431471	-1.1338881325	30.6335400004
-0.8891897560	-0.5302037958	30.2667855889
-0.4825358691	-1.0770515355	30.9986258487
0.0667349889	-1.7244263317	31.5270266415
0.8397064794	-2.3484708517	31.6414098216
0.9558619801	-1.7666911477	30.8364003336
1.1274277645	-1.7561687556	29.8512838629
0.3793541594	-2.3530675718	29.5612878551
0.9400703409	-2.1736938844	28.7529423572
0.0497594985	-1.9040765781	28.3859912540
-0.8415029932	-1.4605174577	28.4803653908
-0.6175575972	-2.0482180163	29.2578334050
-0.7558745210	-1.7314940480	30.1962119834
0.1338566062	-1.2801448354	30.1279301441
0.5425084476	-0.8122543467	30.9115640913
0.9766070343	-0.6856361260	30.0196413125
1.4106439941	-0.9832440898	29.1693228914
0.4363438865	-1.2040483522	29.1247720427
-0.4989736976	-0.9510936366	29.3721481304
-1.4244105343	-1.3184786695	29.4648568069
