4.2830898269	-1.9935790366	-129.3864397356
4.1013000070	-1.2199554187	-129.9934479392
3.1494261603	-1.0013353955	-130.2082535849
3.1970038957	-1.6391553986	-129.4395390717
2.9239543654	-1.4178547160	-128.5033393270
3.3124623183	-1.2059992706	-127.6065791357
3.2217974465	-0.2961590677	-127.2016461954
3.6047761713	0.4703061594	-127.7172607336
3.3586843289	1.4385193577	-127.7620045349
3.7192716600	1.1445058351	-128.6471784303
4.0419326571	0.1981503880	-128.6645349473
3.1964750374	0.3248903003	-129.1833204597
2.7418450135	0.0248647642	-130.0219480404
3.7206439819	-0.1703349446	-129.9599024668
4.6305248513	-0.2147113379	-129.5474130256
4.9493291519	-1.1366242633	-129.3273212809
4.8263505763	-0.5721291794	-128.5110973103
5.4376808788	0.1490005277	-128.8370531461
5.2157128862	0.6612522265	-129.6667087417
4.8149622319	1.0464440957	-128.8354289229
4.4992768993	1.3349452071	-127.9314876198
4.6893886450	0.3567662605	-127.8476814591
4.1216265058	-0.4606295910	-127.7501613323
4.6121652009	-1.3061909839	-127.5394536688
4.0884360326	-1.4402690635	-128.3807210620
3.7592975795	-0.7576852581	-129.0332141481
3.1843715875	-0.3664642694	-128.3146000363
2.3256957013	-0.6220127959	-127.8703358434
2.1709524870	0.0355234665	-127.1329752795
1.5191979477	0.3360860409	-127.8293072114
1.1745034775	-0.5882134544	-127.9931857188
1.7288984101	-0.9663608001	-128.7345701290
1.7701352787	-1.5486765784	-129.5464862915
1.2516243711	-1.5559356713	-130.4015264919
2.0897877451	-1.0109715905	-130.4238044912
1.6655810581	-0.6845801210	-131.2685040208
0.9654607777	-0.5197869626	-130.5737560033
0.8879821455	-0.8156913149	-129.6216857980
1.8068248077	-0.4211516145	-129.6298458853
2.6900798138	-0.7140478561	-129.2636869227
2.2581781208	0.0163112799	-128.7345022101
2.5763105077	0.5827798914	-127.9743015151
2.4540299373	1.1248448220	-127.1429092653
2.2960223785	1.6913212705	-127.9516972751
1.3658351487	1.4066305461	-127.7199583942
1.4014356603	1.9505431966	-128.5583447205
1.5214954617	2.7290814998	-129.1743510148
1.2260018989	2.7954340044	-130.1273887368
0.7538538719	1.9318766480	-129.9503437345
0.9033668026	1.1996009148	-129.2859506775
0.7071210756	0.7441485785	-128.4175897019
1.1976758583	0.0128014836	-128.8913907487
0.9395743113	0.2854532105	-129.8182373527
0.3536350374	0.9570650978	-130.2716826526
1.3456551678	1.0737376042	-130.3194695438
1.0086318220	0.4944023442	-131.0616190711
1.8988138066	0.3880760013	-131.5046436112
1.8420267528	0.1334444689	-130.5392742450
2.3428964562	0.9976026341	-130.5878561935
2.9290132605	0.5697561152	-131.2759073893
2.7241954206	-0.3825369028	-131.0496604882
3.6924835361	-0.1363150502	-131.0073175467
4.4120421382	0.4233697709	-130.5962356582
3.8896637651	1.0622575613	-131.1609862461
3.6454871479	1.8259566988	-130.5633731547
2.7019243966	1.9686187118	-130.8622659188
1.7286532615	1.9822797939	-130.6330134979
1.0046499850	1.6006049957	-131.2075947401
1.9404571829	1.4584969032	-131.5301938385
2.8965234111	1.4549289306	-131.8233228834
3.6879294592	2.0449298889	-131.6633999766
4.1440611971	2.7073751476	-131.0691692832
4.6517770320	1.8560503100	-131.2013458771
5.3309303047	1.2231600230	-130.8295923071
4.5924665152	1.4046279593	-130.1801767084
4.1249746455	0.7485320995	-129.5877329773
3.3684804998	0.8601299765	-130.2321416375
2.7802216545	1.5670122052	-129.8393706537
1.8216463436	1.6723507307	-129.5747252902
1.9924162176	0.6872627073	-129.5537673273
1.7573891583	0.9835446706	-128.6280355737
2.7018913243	1.2253433771	-128.8504069837
2.4574409185	2.1942892489	-128.8876614684
3.1984044699	2.5182060280	-129.4759224103
3.8579876704	1.7669726929	-129.5003862180
4.2645108079	2.5046946655	-130.0393715888
5.2083756833	2.3320946921	-130.3210244712
5.6358311469	1.6261888830	-129.7562423758
4.8791479541	2.0719583889	-129.2779954801
4.1771673106	2.7095330415	-128.9606285969
3.4727273304	2.1436286250	-128.5322403318
2.9109722482	2.5610709726	-127.8179762952
3.0516718530	3.1671135388	-128.6008658334
2.4022389829	3.3540613923	-129.3379461867
2.2877180476	2.5618997877	-129.9374167427
2.1500341325	2.9013003589	-130.8679275658
2.9531971453	2.8722878207	-131.4629800404
3.2492472172	2.8010170285	-130.5104702876
2.7726478544	3.6599525760	-130.3231663294
3.4779256298	3.5402911491	-129.6244071416
