0.6578050288	3.8530787983	-90.7620043394
0.4665332958	3.6257377190	-89.8071581958
0.0092737850	4.4657669193	-90.0991593642
-0.5448697811	4.4711940448	-90.9315627847
-1.3881978766	3.9962998646	-90.6800210567
-0.9948659742	4.2480295055	-89.7957574068
-1.9288283422	3.9555044283	-89.5904688920
-2.8332379696	3.5591957046	-89.4324099742
-2.3094449486	3.1363344465	-90.1718889987
-1.3320729942	3.1760150091	-89.9641162488
-1.3562132254	2.8963201589	-90.9239016623
-1.6700208706	2.2204845445	-90.2569901358
-1.1178505929	1.8506653053	-91.0042128032
-1.8456026720	1.2146655832	-90.7475393437
-2.5556108556	1.5552488841	-90.1311860406
-2.7287718863	2.3563459592	-89.5582473582
-3.1672457604	2.7535366963	-88.7520338753
-3.0310184116	2.7200925460	-87.7619209533
-3.1741287483	2.2390712296	-86.8969712873
-2.9235707411	1.6802819663	-87.6875250453
-2.1797485910	2.1861681373	-87.2507095338
-2.0787210507	1.2062518470	-87.0787865856
-1.7451217174	1.4502287776	-87.9893835009
-2.4896005415	0.7866115722	-88.0626193207
-1.7176036096	0.5778937385	-88.6630005355
-0.8459298280	0.4865450136	-89.1444984367
-0.0589546379	1.0144540178	-89.4638448528
0.8251683547	1.3895882297	-89.7424141566
0.8399792206	1.9206158106	-88.8951890705
0.2724441574	1.2014608975	-88.4942898773
0.8096828225	1.7200442722	-87.8291238076
0.0333454927	1.2955786077	-87.3631525101
-0.2751224982	1.6809842665	-86.4934916700
-0.8811017064	2.3418334995	-86.0506965814
-1.7640796279	1.9319081049	-86.2794129145
-1.1913208024	1.9610924309	-87.0986171643
-0.9904704802	0.9814796211	-87.1028469405
-0.7042778393	0.7875253470	-88.0411835069
-0.9855478220	1.4595447067	-88.7262215912
-0.2359532674	1.9937635896	-89.1170133373
-0.3323871976	1.9985698672	-88.1216855537
-1.2502976422	2.3947228827	-88.1441177656
-2.2288137745	2.3335399696	-88.3410005477
-1.9876834200	2.9677177738	-89.0756260745
-1.1907347102	2.3903652067	-89.2532120179
-1.9387559297	1.7320299063	-89.1691948330
-2.8426419018	1.5546679422	-88.7799225848
-2.5990592829	0.7627284413	-89.3398326978
-1.6839224205	0.7704161661	-89.7429026939
-0.9895872295	1.4842155361	-89.8344947352
-0.7614833625	0.8172911255	-90.5438468737
-0.3200883408	1.2060179303	-91.3525878125
0.5630038407	1.6751331879	-91.3436954546
0.5996669974	0.8744487501	-90.7457320410
-0.0199592231	1.5500639083	-90.3462229610
-0.5471177570	2.3998307862	-90.3465880218
-0.3819249620	3.0032605444	-89.5664701670
-0.4020843020	3.5315544610	-90.4152923738
-0.5353756926	3.4668800727	-91.4042567961
-1.0397939663	2.7928846570	-91.9439718920
-0.2928136954	2.3482471360	-91.4496866000
0.3726304124	2.7787230815	-90.8398713824
1.1059092069	2.1713782757	-90.5342008142
0.4743995841	2.4516192585	-89.8112481270
0.4727162145	2.9293039527	-88.9327183898
1.0442737817	3.7363008978	-88.7841321257
1.2314801547	3.4917180196	-87.8327473510
1.4649630324	2.6764602772	-88.3626912719
1.4294223068	2.7633158456	-89.3582780171
1.3451340030	3.2387963050	-90.2339570761
1.4024380886	4.1563644715	-89.8405299526
0.6636281109	4.6019021534	-89.3349055952
-0.2166199244	4.9880753947	-89.0591636431
-0.5756594784	4.4817128138	-88.2751435315
-0.0254348094	5.0713457081	-87.6838856660
0.6543693054	4.6139994731	-88.2572099954
0.6835672166	4.3213578871	-87.3014336700
0.3956804856	3.3813998471	-87.1181303337
0.4053513483	2.7664948256	-87.9066722089
0.1255614802	3.7027555880	-88.1191184715
-0.1927089819	3.8956965976	-89.0472766906
-1.1327726265	3.5635086586	-88.9702603462
-0.4766276749	2.9393552225	-88.5461067295
-0.8104810905	3.2629708433	-87.6607735567
-0.3202375808	2.5564100375	-87.1504470641
0.6108519828	2.2917806270	-86.8993624178
0.1413987688	2.7175823678	-86.1258596334
-0.4637838456	3.4359759091	-86.4688825525
0.0626556906	4.2838060339	-86.4052783524
-0.3908094104	4.1223783534	-87.2818115841
-1.1431453865	4.7669827869	-87.4177369433
-1.4475723520	3.9095978129	-87.0027487157
-1.4682656986	2.9372478377	-86.7701389326
-2.4372306493	3.1503319900	-86.8954468269
-1.9000066370	3.1660907000	-87.7387391983
-1.5751396482	4.0209043049	-88.1434059011
-1.4149082347	4.6755998742	-88.8821207350
-2.3885951208	4.4869566045	-88.7542631395
-2.6387836372	3.6038814504	-88.3572946540
-2.4641684161	4.0659326458	-87.4878015733
