2.1619853984	-2.5478315106	-88.3059557430
2.3786642403	-2.0800748597	-89.1628419636
3.2830814705	-1.8383334625	-88.8112874579
3.8657743045	-1.4498966200	-88.0974346155
3.9822943502	-0.4591662592	-88.1672660629
3.5924023830	-0.6108890435	-87.2589905262
4.2015087388	-0.5237305349	-86.4707057796
4.4991721647	-1.2415577910	-87.1000868368
3.6053681117	-1.6331811915	-86.8815795667
4.0255856974	-1.4955858005	-85.9846488620
3.2474259702	-0.8803547370	-86.1109745424
3.0194779651	-0.8448074919	-85.1379503390
2.3091268654	-1.1840277867	-85.7546600818
2.8010425366	-1.9289824753	-86.2052835214
2.3318336729	-2.2015350523	-87.0452586014
1.5088660158	-2.0133855877	-87.5812847336
1.0207714911	-1.1413207522	-87.5456946024
1.0444786043	-0.3768081233	-86.9015219446
1.6751001189	-1.1171016721	-86.6685370374
2.6264582067	-1.1359718722	-86.9760459059
2.0205000516	-0.6828152325	-87.6298530442
2.6789277831	-0.0865435710	-87.1705785859
3.3744735693	0.1568772794	-86.4945886829
3.7048353950	-0.0889064368	-85.5832976049
4.3840489483	0.6351239777	-85.7035012148
3.4293803974	0.9322811216	-85.7209823397
2.4887381227	1.2170795726	-85.5363693571
1.6558394239	0.6841563013	-85.6856092456
1.0447339127	-0.0955548704	-85.8219930533
1.7913446989	-0.3646586436	-85.2135889990
2.6017327591	0.1218537677	-85.5400501230
2.0300851631	-0.1363939735	-86.3188486400
2.5141036120	0.7213476235	-86.4920695798
3.2689662090	1.3360988651	-86.7206814140
4.0616217411	1.6680194610	-87.2320774693
4.2866391690	0.8033608783	-86.7829308423
4.4924356439	0.0306416404	-87.3833913241
5.0215933199	-0.5989057154	-87.9523045694
4.9564751577	-1.5778714972	-88.1456581914
4.4815356734	-1.6035326260	-89.0253024335
4.7439145075	-0.6387046827	-89.0090424473
4.6533790982	0.2902550936	-88.6501036312
4.3462099630	0.9850006123	-87.9997377445
4.0448509674	1.2667458207	-88.9106726452
3.8829490416	1.6998357403	-89.7973636218
4.4628900089	0.8862023452	-89.8382191338
5.1505531818	0.2011627484	-89.5977194218
4.5399463905	-0.1791969331	-90.2923314423
3.8125225725	-0.5592957339	-90.8636277671
3.2769217471	-0.3805628469	-90.0382876487
3.9496558439	0.0501546358	-89.4366970195
3.6925199048	-0.8607258999	-89.1139312243
4.1111506404	-1.1315297647	-89.9807723712
3.2119625088	-1.5633153892	-89.9099071576
2.6821278596	-1.0493336623	-89.2352976195
2.9545206521	-0.0975120789	-89.0944507528
3.5443232927	0.4406565533	-88.4923649047
3.5160908673	0.4981938775	-87.4944208249
2.6394996960	0.9741517222	-87.5654985886
3.3421506450	1.4936040324	-88.0517608032
3.1563342366	1.9639629341	-88.9144512262
2.2502105448	2.3867896474	-88.9269981698
2.2002802101	1.8355748680	-88.0941300958
2.4227301687	1.9196365391	-87.1228167317
1.8290117024	1.5599953655	-86.4029857730
1.4962085142	1.3777417963	-87.3282023285
1.1061013203	0.7951595293	-86.6151705764
1.7448262266	0.3683920464	-87.2554049160
1.8020750494	0.7350753321	-88.1839876749
2.5569061087	0.0791631961	-88.1809312526
2.9685634664	-0.8320763252	-88.1674867516
2.9217647826	-1.7626777733	-87.8044566865
2.1151840623	-1.4875146070	-88.3276323488
1.1448437615	-1.6567844733	-88.5002226527
0.2380433585	-1.2740565271	-88.3234958906
0.8348854006	-0.6588386575	-88.8385556442
1.2136700088	-0.1813677080	-88.0457481563
0.7847990683	0.6492584593	-87.6906004595
0.9420707255	1.3169452058	-88.4182405041
0.9415833604	0.4284323469	-88.8770919638
1.0840265812	0.7254335008	-89.8212848697
1.1596442517	-0.2708615991	-89.7803209597
1.4248686486	-0.8103359129	-90.5794601742
1.6680837909	0.1560323863	-90.6629988173
2.2036291382	0.7996067262	-91.2098107137
2.8333130492	1.4063895561	-90.7247202381
3.6120659639	0.8120694791	-90.5239030477
3.0168709688	0.1450603038	-90.9720566797
2.5495089667	-0.7264685019	-90.8236979937
2.2073026923	-1.4322435160	-90.2033944428
1.5995150051	-1.2427903963	-89.4322254324
1.8967197582	-0.5364828981	-88.7897310334
1.9513793104	0.3641335978	-89.2208948777
2.2157506878	-0.3530301398	-89.8657079889
2.5233999581	0.5645452796	-90.1175160035
3.2657684229	0.8483696889	-89.5106117548
2.6344269427	1.0367847307	-88.7583433802
1.7537078514	1.3702243331	-89.0947239888
2.5313025349	1.5891256125	-89.6841548483
1.7897407356	1.3608187043	-90.3149971848
