1.9104847641	1.5515611874	-135.6062752207
1.3112457915	2.3162046088	-135.3691400443
2.1453999915	2.3585744337	-134.8192386272
2.2271484992	2.9946062627	-134.0519181635
3.1502281308	3.0282468083	-134.4350530059
3.3665663941	2.1545770255	-134.8708268767
3.8446176555	1.3010405533	-135.0780525559
4.5252076013	1.3979174532	-134.3518210557
4.1664673009	0.5234058338	-134.0254243269
3.7229229096	-0.3615885491	-134.1670340554
3.7470856814	-0.2306273806	-133.1759410563
4.0286579587	-1.1284649292	-132.8374077657
3.1577950088	-1.3603019480	-133.2708236389
2.1714203852	-1.2001149402	-133.3083099609
2.7426330334	-0.6241983449	-133.8931485589
2.9685649000	-0.9188633252	-134.8216566854
3.0598364729	-0.1239856748	-135.4215225211
3.2539671100	0.4874237143	-134.6543902934
2.7997600877	0.9469333346	-135.4176378874
2.1189283437	0.3434334886	-135.8326753223
2.0149553741	-0.4847618572	-135.2819647898
2.2693051846	0.1524818832	-134.5544851755
1.5913307895	0.7204180072	-135.0211748780
1.4223130971	1.6100568888	-134.5969394715
2.3740717131	1.3223848651	-134.4901670798
1.7221648072	0.8558283179	-133.8923858704
1.9448470604	-0.0416604299	-133.5116936567
2.8632594212	0.3432316758	-133.6032185302
2.3848462004	0.5993231817	-132.7632554769
2.5471744328	1.3228452995	-133.4341990588
2.8415425009	2.1214838104	-133.9591028303
3.4851935989	1.3605751926	-134.0411475704
3.9175411548	2.2401002574	-133.8423731974
4.3465143954	1.5890619419	-133.2161694999
4.0931419837	1.4965956986	-132.2532300341
4.3308035207	0.5605631578	-132.5127682324
3.5808058137	0.8861915254	-133.0885022037
3.3385488969	1.8504109436	-132.9808337316
4.0634599287	2.4941525116	-132.7356791079
4.1273435988	2.4590442517	-131.7383395034
3.5059788294	2.3691690132	-130.9599897974
3.6971261000	3.3085547220	-131.2446250218
2.8476550958	3.7451247898	-131.5409451001
2.5738757232	2.8412640726	-131.2121888695
1.9979818105	2.1244513366	-131.6052864435
2.7670132256	1.6059924936	-131.2313999491
3.6503709923	1.1374183655	-131.2205674737
2.9569577862	0.4217586699	-131.3042891898
2.6733973908	-0.5327156124	-131.3968761579
2.1652060767	-1.1270937481	-132.0201387190
3.1502556992	-1.1420423410	-132.1917597570
2.7055660141	-0.4176894096	-132.7186031063
3.4303327770	0.0076940319	-132.1766048894
3.1431767145	0.9655219805	-132.1662599977
2.4416111238	1.6274441246	-132.4302008944
3.0877174903	2.2929051483	-132.0564253079
3.3131214776	3.2193021691	-132.3580568750
2.3341428368	3.0618631622	-132.2283889150
2.4492966185	2.4893423998	-133.0401521707
3.2813145137	2.9356281988	-133.3696596936
2.6595560627	3.7088615145	-133.2450536418
1.9158637601	3.9929349607	-132.6398891714
1.6589661223	3.2160685692	-133.2147649958
0.8799775791	2.6115856204	-133.3814299716
1.1823121941	2.6707200828	-134.3327957771
0.4089013228	2.0484436229	-134.4536578126
-0.0648929785	2.0834529757	-133.5737184367
-0.4586498090	1.4263191168	-132.9309660350
-0.0852457909	1.0039056134	-133.7568814492
0.5946332817	0.9358268385	-134.4870387796
0.7443399143	1.3508356922	-135.3844548345
1.1398327017	0.7524403236	-136.0812391899
1.0276611902	-0.0572365733	-135.5051828779
1.0353408350	-0.8612268892	-134.9105900803
1.8438264415	-0.9224411954	-134.3252663811
1.1247972148	-0.7187893724	-133.6607944809
1.2121592764	0.0182481519	-134.3309762159
0.8931001442	0.3612229025	-133.4474777210
1.2778584690	0.4210934364	-132.5264041351
1.9432323863	-0.0991241960	-131.9910059981
1.4481253333	-0.6259161148	-132.6819179174
0.9521139840	-0.3972058393	-131.8442638413
1.5990713772	-0.7521233540	-131.1693714875
1.6133805339	0.2331072984	-130.9987379337
0.8633036788	0.6394115564	-131.5205631549
1.2519416189	1.4626641161	-131.9343454339
2.0795300996	0.9306255461	-131.7553698304
1.7031454023	1.3144543954	-130.9121557568
0.7431489784	1.5944268491	-130.9168771335
0.1900792054	1.5823246679	-131.7499241691
0.4280144820	2.0921409679	-132.5766491199
0.5402717588	1.1134691758	-132.7486951230
0.8592003913	1.5313239360	-133.5993900900
1.7487291580	1.9750639595	-133.7081713602
1.5994218977	1.3711064411	-132.9252648153
1.4964556655	2.3068466834	-132.5879398177
0.9967589156	3.1461083693	-132.3735966800
0.9073293677	2.4397927276	-131.6713712388
1.5870427886	3.1283510583	-131.4186320638
1.4894710719	2.4300354902	-130.7095233786
