-1.6509173237	0.2139252078	-176.0481820586
-1.3102626902	-0.4415210550	-176.7222329596
-1.9799040583	-0.6689976664	-177.4292229380
-2.5993091924	-0.9436269218	-178.1646928910
-3.1687158325	-0.1488262548	-178.3746166339
-2.9125310548	0.0522658455	-177.4291372175
-3.5637486769	0.6316341368	-176.9389862288
-4.4594301633	0.9823836345	-177.2123531339
-4.0147133970	0.4190885954	-177.9087191991
-4.7199664787	0.5487037332	-178.6057256602
-3.9138809754	0.1806705159	-179.0691668241
-3.6751839602	1.0771182915	-178.6957968726
-4.4321670882	1.5136092794	-178.2095334035
-3.5885698694	1.4091257639	-177.6828200778
-3.0977654623	1.9422929285	-178.3719091928
-3.9067025534	2.4202710444	-178.0296261180
-4.2393619915	2.9636964121	-178.8003573085
-3.9073651372	2.0662861069	-179.0909305918
-4.4951639259	1.2872558148	-179.3091148899
-4.5283916557	0.5161487361	-179.9449527554
-3.7394956817	-0.0602241592	-180.1581133234
-3.3006008007	-0.6254435183	-179.4596161083
-2.5229471753	-1.0172765241	-179.9512681544
-1.8695967155	-1.3279917262	-179.2609137238
-1.4778903168	-0.7211476373	-178.5693167682
-0.7903265332	-0.6847541985	-179.2945281588
-1.6128365231	-0.3088507288	-179.7213465018
-2.3611275263	-0.3991624689	-179.0641521894
-2.1091975370	0.1049486682	-178.2380751700
-2.7573012760	0.8595965403	-178.1357612773
-2.6469016254	1.2092340734	-177.2054035436
-3.0351933942	1.4653577127	-176.3201746559
-2.6615131690	0.5378879647	-176.3074092378
-1.9157568002	1.1751916701	-176.5015520345
-1.9330734914	0.3751290276	-177.1012185255
-0.9627537261	0.6048535835	-177.0256792540
-1.1378309162	-0.0448174950	-177.7654599427
-1.0570858309	0.2297804952	-178.7236228594
-0.8698607848	0.5890994107	-179.6378639102
-1.5808200474	0.6592027143	-180.3375941823
-2.2238420253	0.3944380118	-181.0562195286
-2.6098750508	1.2525775841	-181.3947087864
-1.6632488955	1.4127055243	-181.1149625356
-1.1444188079	2.1953044801	-181.4589890093
-1.6989639299	2.9398938971	-181.0874162605
-0.9504257896	3.1482689130	-180.4579160578
-1.2331173479	2.8276577868	-179.5538729235
-0.2563551743	2.6947550104	-179.7220172314
-0.6032229284	1.7585097366	-179.6660927436
0.0677252208	1.1072633009	-180.0206440954
-0.7315300879	1.2847888167	-180.5948179739
-0.3337833218	2.1845272451	-180.7744516861
-0.2652995608	1.5293063862	-181.5267784771
-0.9041381230	1.1557824220	-182.1993594311
-1.8405592910	1.5039685119	-182.1559792191
-2.3115696652	2.2077807021	-181.6241920169
-3.2705946770	2.0875401855	-181.3676510944
-2.9119402853	2.9914508024	-181.1346004046
-2.4257906307	3.1774117063	-180.2807403133
-2.2658006369	3.4676696271	-179.3372608268
-2.2807438399	3.8344503708	-178.4070734335
-1.4178101163	3.3776958581	-178.6232231589
-0.5912723696	2.8148270476	-178.6269722212
0.0605040387	2.0960215532	-178.8688527185
0.3388665939	1.4267602596	-178.1799379133
-0.1414515343	1.0064937040	-178.9497888846
-1.0934470072	1.2955366094	-178.8489979211
-1.4701355082	2.2123462322	-178.7164615535
-2.3218562385	2.7089561862	-178.5492779681
-2.1886947646	2.3906638517	-179.4878716031
-3.1213389972	2.7473533928	-179.4335825001
-3.2343524833	3.3739920584	-178.6625105613
-3.7851784882	3.4699966914	-177.8334304550
-2.9130724203	2.9996447922	-177.6985227192
-3.1655106412	2.1880809169	-177.1716080953
-2.2108624717	2.1762310287	-176.8741077547
-1.3176951637	1.8204173100	-177.1491509467
-1.3275456362	2.6385300929	-177.7241243745
-0.6743531632	1.9334574625	-178.0001899086
-0.6135376054	0.9355767258	-177.9770489681
-1.6101181919	0.9877902013	-177.9130107944
-2.1033056732	1.8562621246	-177.8627850363
-2.1956077340	1.4463821784	-178.7702423407
-2.9532180594	1.6621089837	-179.3862687527
-3.5416660009	0.9640228125	-179.7941960963
-2.8959815904	0.5553162572	-179.1491762566
-1.9090180859	0.6049375110	-179.3022800512
-1.6976996275	1.4943013328	-179.7077137716
-1.3650623504	2.1687568377	-180.3668512488
-2.3426779015	2.1034309246	-180.5668521471
-3.2951747225	1.8923420942	-180.3473269508
-3.9877009789	1.3003143384	-180.7595289893
-3.2327792794	0.6454372003	-180.7945883901
-2.5384613500	1.0916996011	-180.2299889901
-2.6029602178	0.1060721444	-180.0738531116
-2.9417345772	-0.4307348217	-180.8465562982
-1.9534341705	-0.5660530019	-180.7761908497
-1.0120777221	-0.2705436644	-180.6133342611
-1.0271805303	0.4814010521	-181.2723874065
-1.7087209059	0.3908846420	-181.9985481985
