-1.2345673145	0.1158738962	141.4588983359
-1.8558459407	-0.4762228676	140.9456398330
-2.5013848539	-1.1834218629	141.2339956768
-3.3359290105	-1.5233007998	141.6676065150
-3.9886839850	-1.9510495799	142.2928600032
-3.5250919063	-2.7813413460	141.9835091219
-3.1353143984	-3.6888902860	142.1398050456
-2.2525787694	-3.7360388365	142.6073035199
-1.5340364074	-4.2286068850	143.0982959756
-1.1086336970	-3.4742005118	142.5983924270
-1.1381506849	-2.9300604966	141.7599173878
-1.4840284223	-3.8682301250	141.7455528780
-2.2226896976	-3.1941578611	141.7430823821
-2.5379205843	-2.2458859344	141.7055345309
-1.7306087941	-1.6576496786	141.7527127106
-1.5536732676	-2.2615739877	140.9755581260
-1.1357280798	-1.3533725408	140.9533781403
-0.6825704878	-1.9659827072	141.6009559201
-0.2710333129	-2.5269835565	142.3192282924
-0.2016658221	-3.1150499446	143.1250608273
-1.0102599544	-2.5276441666	143.0914456354
-1.7832546614	-2.4824772882	142.4586430310
-2.7272378282	-2.7537598860	142.6465300524
-3.1243963581	-1.8903707922	142.9576962057
-2.5028795656	-1.3293127965	142.4109505591
-3.3995441957	-0.9514748363	142.6416690392
-3.4837939564	0.0298669757	142.4688389906
-2.8640789718	-0.3350795033	141.7740243353
-2.2123284333	0.3894579408	141.9982267608
-2.4119104866	-0.2557877700	142.7356716583
-1.7118976166	-0.9060320603	143.0309077413
-0.7454225298	-0.6624213295	142.9497922780
-1.3136019797	0.0449908204	142.5293875172
-1.7991897271	-0.6347676399	141.9797212774
-0.8265286626	-0.8211800208	141.8412262310
0.0205196694	-1.1165427412	141.3993325938
0.4846176578	-1.8876949527	141.8351505878
-0.1665161953	-1.4172407862	142.4307155150
-1.1309116386	-1.6323649307	142.5845434430
-0.8719751918	-1.5595041818	143.5476858145
-0.7679973042	-0.6863137040	144.0238443892
-1.1050452014	0.1028794450	144.5372378918
-1.9389491670	-0.1535756899	145.0259453094
-1.9645354115	-1.1527213524	144.9934908926
-1.7715623678	-1.2648155170	144.0187107622
-2.0840351344	-1.8817257721	143.2963656180
-2.6778053236	-1.0982067901	143.4794911689
-3.2507932397	-0.2792646123	143.5114060144
-2.6221331612	0.4978980145	143.4830377701
-2.0209667358	-0.2088425706	143.8560212474
-2.7337391664	-0.6074287981	144.4331559642
-3.0650041548	-1.3899143879	144.9603938700
-2.4502360892	-1.9848680920	144.4426194833
-2.1820371421	-2.9395036960	144.5720033630
-1.5288142062	-2.3905245783	144.0505422192
-1.9614092590	-2.9733199266	143.3626388086
-2.8392639447	-2.6584509819	143.7235109443
-3.3754360230	-1.8562908557	143.9863010400
-3.8809590625	-2.7153024784	144.0672052333
-3.7671090515	-2.7276286436	143.0737837514
-3.1921483655	-3.5292786178	143.2374221593
-2.8008269756	-4.3299896258	143.6909962452
-3.0052663280	-3.5809204921	144.3211549428
-3.1608296155	-2.7675941226	144.8817798443
-2.5339502767	-2.2800010968	145.4894601351
-1.6229058065	-2.1924685574	145.0865506813
-0.9903840506	-1.5504280461	144.6533068584
-1.0103044807	-0.7498530611	145.2522082441
-0.6359774791	-1.5590315661	145.7050983444
-1.6048003204	-1.4656934975	145.9345984688
-1.2792767938	-2.3990778069	146.0856883916
-1.7786154066	-3.1282951172	145.6178176144
-1.8055445236	-3.9271591234	145.0169090338
-1.9252558257	-3.8241173406	144.0294620251
-1.0920794506	-3.3479928400	143.7481746490
-1.1571635749	-3.1556990717	144.7273514275
-0.5783255646	-2.4287058529	145.0967122506
-0.0603898258	-3.2430565863	145.3585814042
-0.6615222966	-3.9959959723	145.0907717075
-0.9930727069	-4.3356686475	144.2106030878
-0.4903172322	-4.1371467776	143.3692791313
0.4865908630	-3.9546247190	143.4803479011
0.6907417551	-3.0213183628	143.7757487451
0.7050913818	-3.5861308409	144.6008432565
-0.2299468410	-3.4970412998	144.2576719064
-0.4795173781	-2.5477588999	144.0664195279
-0.0253140028	-1.6767144674	144.2534513180
0.1484425187	-1.1222525021	143.4395836382
0.0423313322	-2.0958192661	143.2373259508
0.7900303207	-2.5446226284	142.7479163427
0.9067056975	-1.5561317096	142.8442104745
0.9225653170	-1.7994049219	143.8140386122
1.3721358547	-2.4494318943	144.4266977889
0.4061248274	-2.5543852560	144.6629338719
1.0223515636	-2.8012537846	145.4108112277
0.3454494447	-2.1075754805	145.6570101957
0.8676482216	-1.6313012662	144.9495702264
0.7232450315	-0.8565043673	144.3340724732
0.0133564559	-0.9826011662	145.0270066746
0.4927376289	-1.0250826640	145.9035846879
