-2.0538952678	0.4533927502	236.8998647757
-2.4541461112	1.2052537494	236.3759331961
-1.9323389953	1.4412684168	235.5561683453
-1.2938458777	1.0142848089	236.1964897782
-0.4140313782	1.1394183917	236.6550397025
0.0200726415	1.1608986133	237.5556463314
0.8383342690	0.7261504332	237.1795586702
0.6145008672	1.5929613511	236.7339832660
-0.0427120151	1.9453332915	236.0677211231
-1.0277165411	2.0411078398	235.9242173956
-1.5524062370	2.4123718057	235.1581470394
-2.1393047028	2.4355090257	235.9674769226
-2.4179662390	2.6539888487	236.9026850893
-2.2572101618	3.4482388525	236.3167461719
-2.3254672056	3.2970510897	235.3306005253
-1.3845112785	3.3341720190	235.6670882365
-1.1766348517	3.8638139367	236.4894426796
-1.3581562917	2.8948168854	236.6570573606
-1.3884171168	2.6381748796	237.6230900533
-1.7602089226	3.1774877913	238.3786775310
-1.3350825515	3.3462194270	239.2679453218
-1.3719159349	4.2970662093	238.9604819930
-1.9579470907	4.2528626708	238.1514000864
-1.7786076601	3.6699946606	237.3588710641
-2.6595091444	3.3683900023	237.7236274281
-2.4290284066	2.4287362826	237.9764702974
-2.4670290056	1.6350048600	237.3693900859
-1.7055182413	1.8733129815	236.7666375702
-1.2950384092	1.1382097456	237.3062017833
-0.9569484755	0.2693106151	236.9446640983
-1.4893279491	-0.0116710117	237.7431761028
-0.7913582260	0.6417414514	238.0362467747
-1.5124409856	0.4545222359	238.7033214475
-2.1444012966	0.7886417447	238.0040430199
-2.6722736511	1.4998445083	238.4683073911
-2.2752871047	0.9955184745	239.2351560943
-1.5649618137	1.5316620444	239.6912131667
-1.6342240957	2.4968401667	239.9434708298
-0.6585160491	2.4351765814	240.1536883597
-0.6743285898	1.4629318377	240.3871195530
-0.7345202484	0.8160834301	239.6268800501
-0.9628924050	1.3348214009	238.8030129032
-0.0227691655	1.0301795391	238.6501677838
0.8599503529	1.2357371051	238.2276132441
1.8266174943	1.3573704542	238.0023135193
1.7547219566	1.3078666762	237.0061306005
1.3981509624	0.8554546801	236.1887075082
1.1453832117	1.7271203556	235.7688177437
0.4473448914	1.4819963983	235.0960200409
0.3447565273	0.9209743862	235.9174395010
-0.5102214566	1.2068336796	235.4846611381
-0.4583989328	2.1010649261	235.0400659247
-0.5877403177	3.0907722911	234.9788275555
0.3199059382	3.2626227380	235.3617710214
0.9817389164	3.7765751329	235.9075090948
1.1742410157	2.8047198886	235.7717139337
0.4699623019	2.7823510429	236.4812850211
-0.4303188776	2.9491373007	236.0791953021
-0.1279706128	3.9007239207	236.1345887263
0.5376656657	3.8503351470	236.8791619707
0.7999722372	3.1207257715	237.5107199030
1.5846488600	3.0936372544	238.1300330789
2.1083604191	2.6986480445	237.3752418979
1.5399477955	3.2424377002	236.7578280174
1.5045943679	2.2518024196	236.6259497549
1.1480630228	2.0778159225	237.5438898939
0.1716633019	2.2658575987	237.4376641299
-0.6985740995	2.1177694000	236.9678165476
-0.7148566351	1.8094679809	237.9189659123
-1.6756059005	1.7317694170	238.1852811057
-2.0221319000	2.2618691700	238.9591764368
-1.0580101405	2.4072055244	238.7370355426
-0.3149586605	2.8625143888	239.2275132036
-0.5163612165	3.5485474510	239.9266524230
0.4033735728	3.6383786131	239.5445290402
1.1202561154	3.3203880824	240.1649816512
0.2319069435	2.9694064948	240.4610351499
0.3574094106	1.9835054373	240.3503634026
0.2784094260	1.0241739460	240.0793613875
0.7345513061	1.4801499114	239.3151490451
-0.2118894188	1.7875016713	239.4140674463
0.1542308635	2.0750429505	238.5290386605
1.1366284223	2.2159490541	238.6516784033
0.6251526556	2.4950241253	239.4643958479
1.5763610435	2.2589577949	239.6630797436
1.5198485263	3.1466934862	239.2062081229
1.1069189840	3.9373885879	238.7542231130
0.3110975955	4.5412890987	238.7986358443
-0.4150000672	3.8575189228	238.8710273547
-0.9799764939	3.8066077700	238.0474924789
-0.6824374158	4.7606305251	238.0837013131
-1.2963572977	4.6836120692	237.2980992917
-0.4191628939	4.2180313054	237.1807769562
-0.3626617469	3.2213831688	237.1216152110
-0.3660169604	2.9377413112	238.0805396289
0.5054167221	3.1090395550	238.5401701857
0.1726040220	3.8711731066	237.9848431145
0.4351424768	4.7711036645	237.6367072922
1.2021142148	4.1305500969	237.6747267620
2.1345726263	3.8178076202	237.4938581517
