0.6087186174	4.1646908425	124.7697018648
-0.1660252518	3.9874858746	124.1627666651
-0.6385799076	3.1066615544	124.1337733181
-0.9465235396	2.1563247688	124.0887098798
-1.0453423470	1.7901965273	125.0140125082
-0.6623486192	0.9210522886	125.3269088116
-0.4254238096	0.9444471226	126.2981550813
0.5673824230	0.8260628177	126.3160699035
0.4826731511	1.1726016486	125.3818669395
-0.0067130429	1.5174460903	124.5808778858
0.9429983173	1.8237669582	124.5159482451
1.8226131396	1.9664153149	124.9697424836
1.6239508192	0.9870475128	125.0067828766
0.8128456212	0.6882601474	124.5039563976
1.0075552194	0.1374832972	125.3155800997
1.5647911817	0.5802448323	126.0180402803
2.1045441419	0.4554431209	126.8505613160
1.9279489952	0.9768152345	127.6854177548
2.5941815869	1.6437908555	128.0190008102
2.7688240727	2.4109907535	127.4018263466
3.0613765076	2.6883942719	126.4866977431
2.6529547061	2.6648782591	125.5742073984
2.4261741422	2.9947950711	124.6578420384
1.4365673404	2.8701896374	124.5860655533
1.0737511839	2.6062221598	123.6923734322
0.1298640485	2.3377953398	123.8847899542
0.4101438143	3.1112554260	124.4532991872
0.8759512156	3.2831657551	125.3213258593
1.6199433422	2.7224584402	125.6847581401
1.0234219006	2.4927412728	126.4537784212
0.1259344335	2.7978113733	126.1352686407
0.6080123529	2.2671186489	125.4381559440
-0.2587593309	2.4861411231	124.9901202267
-0.2671112280	1.8468125587	125.7590085362
0.2594395362	1.8025065991	126.6079969193
0.0627295665	1.0285302680	127.2098821466
0.9242292299	0.5240320174	127.2673264239
0.7986259617	0.7995017447	128.2203952821
0.7876014110	1.5927280148	127.6115680949
1.3718212013	1.3975642111	126.8237874615
1.3351775764	1.6201413767	125.8495612813
2.3179636578	1.4540486625	125.9304607779
2.5379107060	1.4657498283	126.9059024106
2.0685374045	2.2782813246	126.5602417801
1.6546282013	2.9405239572	127.1848327399
1.7435490014	2.0228535491	127.5720976536
1.5196438296	1.5827053722	128.4416584947
0.8425737086	1.3784678499	129.1486684563
0.6478903893	2.1396856805	128.5300847356
1.4582903270	2.4919314479	128.9982458833
1.6047892559	3.4776906651	129.0808099764
1.1905359740	4.0454012791	128.3694037091
2.1867412213	4.1273816518	128.3401748916
2.1245346994	3.1451575525	128.1630699298
1.1308409361	3.0372575278	128.1325692813
0.5909864057	2.7220317355	127.3520631725
0.0049532929	2.8802627740	128.1467506137
-0.1427296866	2.0341994225	127.6345333328
-0.7524346963	1.8240223297	126.8702785384
-1.3304893892	1.5825320828	126.0908330735
-1.0385304345	2.5382831200	126.0547786192
-0.6694463738	3.4596159817	126.1769371803
-0.4701553552	2.9487537440	127.0131804846
-1.0949145148	2.5242894844	127.6685476220
-1.7618286710	1.8680952095	127.3155113891
-1.0529081658	1.3888582388	127.8329702215
-0.1784553510	1.1424266304	128.2508263415
-0.5110504672	2.0106781373	128.6189564945
0.0342997986	2.2971141198	129.4067048779
0.5776011400	3.0928092967	129.1389496955
0.0441613067	3.8336744806	128.7308311790
0.2873068566	3.8767634527	127.7617988875
1.2035732400	3.9322281586	127.3650879333
1.8082382956	4.7233680003	127.4571635614
2.2690648482	3.8554409889	127.2718487180
2.2245820555	3.3514473388	126.4092876002
1.2578879763	3.5667436040	126.2709038025
0.3749125325	3.5985419895	126.7392447341
0.2491391710	3.9756187334	125.8216423198
-0.3737215392	3.5429789307	125.1698238353
-0.3387928250	4.5369496688	125.0658904114
0.4007028656	4.9876484422	125.5659071503
1.2293532149	4.4280682004	125.5514658342
1.9554434821	3.7509983016	125.4315939192
2.7841211909	4.1772228609	125.7943967307
2.0193009807	4.4525063340	126.3768648032
1.0462381685	4.5948318747	126.5582268827
0.1220968511	4.6186942009	126.9395317672
-0.5415456913	4.6077329894	126.1915622306
-1.1664285314	4.1603500353	125.5517419992
-1.3138937969	3.7861977191	124.6361743939
-1.2412671762	2.8938632565	125.0816680313
-1.9629051586	2.2975231005	125.4332601822
-2.0919251897	2.3924177150	126.4203512843
-1.5620081059	3.0814810133	126.9146989912
-1.7699033048	3.3625903648	125.9778120617
-1.5232359092	4.1342667978	126.5640463823
-0.7149221312	3.9743372239	127.1306603317
-0.8271126078	3.5520717784	128.0301630780
-0.7358530608	3.0406536963	128.8846355704
