5.4176835903	0.2437738906	-130.4119806081
4.7467685674	-0.2638684978	-129.8714510182
4.3393496712	0.2010699243	-130.6574803475
3.7416345362	-0.3029381028	-131.2809484910
3.5640827008	0.6210550034	-131.6196402170
4.5319972858	0.8450488861	-131.5057626662
5.0012768990	1.1977634339	-130.6962139695
4.5761423514	0.8347510029	-129.8670682698
3.8244638101	0.2360368463	-129.5904444651
3.9845092903	-0.6761770040	-129.2132822511
4.2969434696	-1.3325181279	-129.9000145225
4.5984331869	-0.8960906132	-130.7477379295
4.8887866429	-0.2380824567	-131.4425185688
4.2299357405	-0.1138308264	-132.1844599551
4.2402512070	0.8148441933	-132.5552109484
3.3639824161	0.3438031902	-132.6565686297
2.9066667072	-0.1432760763	-131.9125147805
2.4729554945	0.4408628894	-131.2264562897
2.9180970966	1.3347148182	-131.1728122456
2.2648108942	1.8175592933	-130.5896498749
2.5371365315	0.9223079444	-130.2369973981
3.2470724004	0.2794538622	-130.5246250932
3.7235251892	-0.5626453812	-130.2719165568
3.1086721524	-1.2261249428	-129.8455943611
2.1483604804	-1.1129358144	-130.1005251632
2.5522651303	-1.8117606178	-130.6908682228
1.9027719203	-1.5419127152	-131.4017414038
2.7981017475	-1.2656947250	-131.7511525118
3.7970188976	-1.2425724513	-131.7915243784
3.5295689645	-1.4071805743	-130.8421168268
2.8371281503	-0.6863236739	-130.8719672545
2.0564349739	-0.4955769750	-131.4670587274
1.8331604598	-0.7914724440	-132.3958183103
2.3135422853	-0.0084906255	-132.7910053211
1.7726565931	0.8190089799	-132.9416276002
2.6959185242	0.8324738847	-133.3255626244
2.7915385177	1.8240671955	-133.4127378666
2.2230523257	1.8342330406	-132.5901078738
1.2835728319	1.6071176077	-132.3335988862
0.8310040566	1.0041946645	-131.6765863838
1.6184951996	0.4168411200	-131.8633308976
1.0755525315	-0.0291506979	-132.5748817091
0.9881117717	-0.4946700100	-131.6941741052
1.0420942001	0.1796224248	-130.9576854021
1.5845370362	0.9733402528	-130.6824259261
1.6698446598	1.2725829072	-129.7320699701
1.8227835683	1.0906422614	-128.7607269350
0.8698191241	1.2838113340	-128.9942745266
1.4132895338	2.1116145337	-128.8550560783
2.1098707261	2.2828545773	-128.1583125889
2.7601934363	1.5966986175	-128.4843039558
3.7233578743	1.4858620058	-128.7293131612
3.5095679128	2.2522334257	-129.3350925757
2.6522370756	2.6927020522	-129.0686883253
2.8441463186	2.7552390724	-130.0481065014
2.0152686723	3.3088597384	-129.9676950239
1.8981736901	2.3342701437	-129.7767398273
2.6351162270	1.7149861431	-129.5058099030
2.8465208235	0.7716123931	-129.2501654927
3.5680882819	1.2589185347	-129.7419714782
3.8982272290	1.1620227753	-130.6809174231
3.3864891122	2.0013517715	-130.4974755088
3.5413738443	2.7963928826	-131.0839227369
4.0273523583	2.5886243755	-131.9328380044
3.8172441561	1.6840210529	-131.5619642090
4.4742577066	2.1709806969	-130.9864613857
4.4309476686	1.9085305459	-130.0224882747
3.9938142759	2.7991744091	-130.1476597806
4.2169914708	3.0813103556	-129.2146049873
4.5071269272	2.1681795130	-128.9282250278
4.9989900290	1.3106087528	-129.0787012065
5.5287181398	0.5092914460	-129.3566916782
4.6634262032	0.2366540023	-128.9360508710
3.7446812566	0.1657108356	-128.5476248287
2.9644230302	-0.4024084590	-128.8092305765
2.7538851572	-0.2009829045	-129.7658399795
1.9077860861	0.2765462857	-129.5290231001
1.9561965403	-0.0789111420	-130.4624610707
1.3514656422	-0.8236744096	-130.7446457906
1.1259091504	-0.5003095200	-129.8256466517
1.7703404451	-0.7333277742	-129.0973535791
1.1907095997	-0.5517060479	-128.3029722906
1.9417934599	0.0848506243	-128.4780969262
2.7899869401	0.5105733674	-128.1629335305
2.0881932732	1.0089958973	-127.6539535399
1.2845874897	1.5487292459	-127.9047635419
1.0229854768	0.5979906572	-128.0710780721
0.9920924936	0.2323912984	-129.0013375694
0.8614678376	0.6262882428	-129.9111630452
0.4667835326	1.1860911282	-130.6397541712
0.8909218903	1.9179674919	-130.1064028407
1.3190675910	2.6925062759	-130.5720002323
1.1718348077	1.8854570926	-131.1438342321
1.9574499396	1.4373995538	-131.5705112836
2.5761905802	0.9105242068	-132.1532311036
3.3665473244	1.4368410208	-132.4668021931
3.2028447118	2.4172995489	-132.5759009073
2.8450381762	2.2084000493	-131.6657715307
2.3758740176	2.8132812729	-131.0223403397
1.7770660094	2.4945461911	-131.7570762902
