4.0737057347	2.1444945708	153.8150188186
3.2345257185	2.5821454374	154.1378788801
2.3714676758	2.3452876205	154.5840057561
2.9737063777	2.2959257954	155.3807942828
3.8631281103	2.1722022975	154.9407698770
3.5978851448	1.2781790873	155.3018358946
3.5404922701	0.4880514032	154.6915865187
2.6036810088	0.5776440152	154.3534181813
2.3152751815	1.4457811363	153.9494874721
3.2450489988	1.4997328217	154.3136438457
2.5549328023	1.3959653673	155.0298644477
1.7463502735	1.5375807349	155.6009505899
1.5379408199	1.6580126109	154.6303519793
0.7293548998	1.2125049699	155.0146848449
0.5537366459	0.9357202019	154.0699370367
0.5761736799	1.9332728724	154.0037158231
1.3738021063	1.5807672916	153.5142991204
1.5828798282	0.6705653481	153.8718168516
1.8953380383	-0.1972956977	154.2580642752
0.9704499808	-0.0461959105	154.6069925421
1.0129932032	0.3243980690	155.5348126629
1.7479773153	0.6740414680	154.9538239810
1.8923008777	-0.2422028748	155.3275444832
1.7575234478	-1.0843962549	154.8054857175
2.4701617038	-1.5622333735	155.3191182751
1.7305826185	-1.1858498244	155.8771130785
0.9154218088	-0.8145339107	155.4325488574
1.0623563171	-0.3815231768	156.3218811657
2.0493254654	-0.3321183898	156.4750185793
1.9376903241	0.5722157580	156.0630509297
2.7301136540	0.4432217232	155.4668749445
3.5635782703	-0.1029381728	155.5508160040
2.7711668653	-0.6550311547	155.8101950790
3.3295889427	-0.3312259774	156.5739456867
3.7127937484	-1.1508292729	156.1480295977
3.4692476290	-1.1753278313	155.1784497359
2.8554563583	-0.5069306917	154.7583241120
3.0171472844	-0.2352470805	153.8096175927
3.8939258128	-0.2759526722	153.3304490765
3.9511774277	-0.3953016254	154.3216493993
4.5575694312	0.3493134661	154.0426563820
4.2924671793	1.2347651870	154.4243578962
4.4301738161	1.2138987852	153.4341046581
4.6896870573	0.3548483646	152.9928731401
4.7499432773	-0.6067619627	152.7251517059
4.8716245317	-0.6607946758	153.7162491472
5.1163648511	-0.3730827769	154.6421670914
4.4969972623	0.2592017804	155.1075701732
4.1659114561	0.6425165254	155.9698067969
4.4125627610	-0.2953559561	156.2138525759
4.4318461929	-0.7798823072	155.3392884762
4.4448640827	-1.3345108811	154.5072922746
3.5437542224	-1.3672280007	154.0749375478
4.0999043399	-1.3600356611	153.2438868170
4.2312531194	-1.6090541766	152.2843362571
3.6841106136	-0.7729235327	152.2453410699
3.0693081317	-0.1245712330	152.6944036533
3.0682553820	-1.0354285572	153.1071236877
3.2760189010	-1.9980363617	152.9332831437
3.1977135011	-1.8050631764	151.9552087017
3.3781529557	-1.2360168444	151.1529444839
4.0008135829	-0.4715417334	151.3198922248
4.2271125391	0.1453671831	152.0736907198
3.3092273049	0.2803538938	151.7005080770
2.7862248710	-0.3231199731	151.0986046412
2.3119446819	0.5470934617	150.9652371782
2.6677518834	1.4138950951	151.3146025510
2.7393325882	0.9534301774	152.1993896792
2.1995958890	1.5079975902	152.8327452509
1.7512265995	0.6177719487	152.7523506774
2.5949153319	0.6286507090	153.2890731153
3.5100061378	0.6771241978	153.6893969065
3.2118773679	1.5158511210	153.2337036052
3.6917588306	0.8355538242	152.6797095893
4.5700797142	1.1870757442	152.3556960629
4.0433179799	1.9650069608	152.6982527698
3.6897287934	1.5249646897	151.8728210726
2.9478876166	2.0649267690	152.2704548507
3.2250301033	2.6001568248	153.0684027371
2.3397310190	2.3838766778	153.4800681709
1.5745962005	2.4401016870	152.8386576488
1.6526960727	1.9447036957	151.9735095458
1.7434425583	0.9773936485	151.7367050953
1.1430290951	0.5628472536	151.0528520703
1.6093297025	-0.2973439008	151.2593343252
2.2432559828	0.0329114566	151.9586689162
2.6177808170	-0.8859861906	152.0825973732
2.0569052508	-1.7138663021	152.0768423611
2.1524989130	-1.6105616183	153.0668878116
2.6894142269	-2.0008249743	153.8148292924
2.4025528620	-1.0487494296	153.9209552301
2.1610491234	-0.4169774483	153.1843820105
1.5742956846	-0.6945201958	152.4236649636
1.0842455682	0.1040889587	152.0742736330
0.7092379596	1.0293799231	152.0176527484
0.7091593984	1.7631169021	152.6970863651
0.7204608763	0.8271725142	153.0490528114
1.1036395324	-0.0712451701	153.2635750295
1.3265622982	-0.9376111001	153.7104704488
1.6035470732	-1.8507403061	154.0095933125
