-3.3699481124	0.2824745502	-61.9388615233
-4.1101658403	-0.0308742663	-61.3439747824
-4.2973769707	0.9343611038	-61.1615667976
-5.0638765851	0.7993674149	-60.5336694770
-4.6352927344	1.6821616467	-60.3413410409
-3.8048050480	1.1608484784	-60.1450688234
-4.1674349490	0.2483788845	-60.3345385970
-4.8912216016	-0.4187551190	-60.5107915480
-4.9039569179	0.0269721397	-59.6157133265
-4.6617100704	0.9951394517	-59.5527171293
-5.4186629947	1.6446310097	-59.6247100915
-5.7718219041	0.7091126656	-59.6338868336
-5.4344907353	0.6721945128	-58.6932249749
-5.7400110526	-0.2270760316	-59.0062262906
-5.1790165042	-1.0246141769	-59.2280776452
-4.3156906985	-1.2743860789	-58.7895773029
-4.1808673225	-0.7544048808	-59.6330476408
-3.7565790606	-0.7307603084	-60.5382660702
-3.1133893186	-0.9561291907	-59.8064766041
-3.1344425764	-1.2489509539	-58.8505413681
-2.5163321887	-2.0059580524	-59.0623899025
-2.4678894202	-1.6772146338	-58.1192138516
-1.5333662555	-2.0289009454	-58.1738324640
-1.1825392012	-1.5036821877	-58.9491166922
-0.9403084391	-1.0727390525	-58.0798570808
-1.8226124929	-0.9868675433	-57.6170767435
-2.6500147571	-0.8161394060	-57.0820464674
-2.7272120501	-0.6040336195	-58.0562393196
-2.0202727660	-0.8057033444	-58.7341524191
-2.0282972581	-1.2828447291	-59.6129423295
-1.1741562569	-0.8702897987	-59.9295518355
-1.4257774175	-0.2371305050	-60.6615327781
-1.2726886795	0.7090932241	-60.9465318885
-1.9524452015	1.4423998404	-60.9604055034
-1.1894655150	1.8077328518	-60.4271196619
-1.9782141017	2.0783667723	-59.8751840242
-1.7195257817	3.0121227555	-59.6278378763
-1.1946381922	2.3378942282	-59.1083102915
-0.9790467791	1.6212497324	-58.4450298009
-0.8888716791	0.6744038715	-58.7538199676
-0.8725339380	1.3773511357	-59.4648742706
-0.4881839672	0.9037406923	-60.2573187468
-0.9823402451	0.2167275574	-59.7245687816
-0.9691762999	-0.4085679974	-58.9442917926
-1.4460042437	-0.1029608624	-58.1201319834
-2.0033311295	0.0657179385	-57.3071533831
-1.0960646352	0.4776333754	-57.2223407594
-1.5957348710	0.9536005159	-57.9460706376
-1.9308504879	1.8902137284	-57.8438296801
-2.6566833643	1.4198408171	-58.3457419830
-1.8667038473	1.3455102231	-58.9543529634
-1.7775550409	0.9824960305	-59.8818620935
-2.2952012736	0.4957849118	-60.5855343642
-2.0818707377	0.1515911909	-61.4998760755
-2.3804730607	0.9981566589	-61.9405160205
-2.9948547355	1.5050866854	-61.3359028335
-3.3272798403	0.6555549279	-60.9262818591
-2.9817704287	-0.2709256883	-61.0754693730
-2.3511477690	-0.9015955926	-60.6231746319
-2.1364694147	-0.2804539930	-59.8694529873
-1.8144466619	0.2519756609	-59.0866247748
-2.3853444850	0.3794361601	-58.2755578869
-3.3664529124	0.4582789540	-58.4522215999
-2.8983539771	-0.2161366737	-59.0232268083
-2.7283333272	0.7292504768	-59.3013205232
-3.1284227288	0.1396097830	-60.0029274808
-3.8700392080	0.2249995993	-59.3375602310
-4.3414133663	0.7017815345	-58.5956132053
-4.7594709640	-0.2066299507	-58.5996651784
-5.2052241486	0.1095016527	-57.7621898607
-5.5489208802	-0.7742404195	-58.0797941845
-4.5999326984	-0.8320482832	-57.7698269577
-3.7956843080	-0.5065426254	-58.2670498387
-3.5081439203	-1.2988349397	-57.7289109959
-3.7581190708	-0.5400975280	-57.1273879588
-4.0415621259	0.2834692872	-57.6187103940
-3.0637959268	0.1925509578	-57.4297471240
-2.5658342675	1.0517393720	-57.3121484215
-3.5114864649	1.1646752949	-57.6170867739
-3.9727361219	1.7663498252	-58.2691883869
-3.6409236861	1.2951546982	-59.0864249866
-2.7940049667	1.7696967377	-59.3262969013
-2.7842701495	1.3417118793	-60.2300303766
-2.7832616101	2.2818423070	-60.5708437590
-3.7258665457	2.1209160297	-60.8634162608
-3.6014485134	2.1160736136	-59.8711981879
-4.3860201928	2.0537951538	-59.2542957050
-4.9967415553	1.6519099061	-58.5720144837
-4.7679662824	1.1596331768	-57.7321778946
-4.2670267597	1.1387437307	-56.8669477370
-3.4110893371	0.7265597121	-56.5547371295
-3.2842652377	1.7018441198	-56.7356679779
-3.0386524796	2.1291343094	-57.6057814572
-2.4510523377	2.8857061394	-57.8927050348
-2.1971332693	2.4446558497	-58.7535184575
-3.1863447650	2.4197685390	-58.6091535084
-3.7125699530	3.0168534406	-59.2146092640
-2.7952053888	2.8419243348	-59.5721593505
-3.4579242967	3.1148070708	-60.2695392051
-4.3996711649	2.8040877664	-60.1408288710
