0.8840672729	0.5062413819	-76.0095532530
0.1287072250	0.9912672910	-76.4502130600
0.8285054102	0.9035711820	-77.1591502170
1.0371080882	1.7603844342	-77.6306965812
0.2104907029	1.8212217509	-77.0712303004
-0.0469101331	2.0815260198	-78.0018142554
0.1004473533	1.0929305784	-77.9707526316
-0.6007304993	0.9982102208	-77.2640860392
-1.4750828308	0.9291049726	-76.7837398462
-0.8735545599	0.6939565379	-76.0202812991
-0.7052780100	1.4356505399	-75.3709947598
0.2071809643	1.0269291498	-75.3901113889
1.0942999732	1.4880549989	-75.3705457211
1.6131708568	2.2805927038	-75.0501444219
1.8345004159	2.0290278324	-75.9923377894
1.0305061520	1.6099980019	-76.4142468135
1.7637705479	0.9301168515	-76.4050301416
1.9774359374	1.6760444856	-77.0358542582
1.9068045953	2.4590292132	-77.6538721624
2.1966852037	2.8271513214	-76.7704383243
1.2389600565	2.5497933009	-76.8468259596
1.4270878345	3.3990683064	-77.3401209059
0.6119573944	2.9217788777	-77.6683847737
-0.3703261877	3.0404683440	-77.5233614136
-0.8536710625	2.2147308116	-77.2326119345
-0.7588578078	1.6243207915	-76.4310968349
0.0723924760	1.9495930272	-75.9802965039
0.8865845950	2.5143135497	-75.8454561356
0.6133527614	2.7547954989	-74.9140524652
0.3588251026	1.8347230847	-74.6162565222
-0.4951939106	2.0183990321	-74.1295177099
-1.3096964026	1.5862016264	-74.5165462528
-1.3374392078	2.3497200655	-75.1617360930
-0.3417652846	2.4425411203	-75.1575301069
-0.8342504825	3.2980835881	-75.3172342572
-0.6947835416	3.0235514373	-74.3658242139
-0.2240673320	3.7351828342	-73.8442813059
0.2609643237	2.8613720401	-73.8789077275
1.1115940181	2.3584447663	-74.0321829056
1.2243102580	3.3363025017	-74.2085044832
0.7492942665	4.1916043549	-74.0015780526
0.4302789634	5.1154464812	-73.7900480026
0.1315495108	4.4318034328	-73.1241704639
-0.6495526539	3.8934100288	-72.8079238026
-0.8720084292	4.5623098171	-73.5172097120
-1.3646448287	5.0879612884	-74.2107512815
-2.1436173922	5.1910391116	-74.8292791367
-1.2875558383	4.9111342008	-75.2638040000
-1.2196627859	5.6642024913	-75.9182340445
-1.5116323980	5.2834913564	-76.7956237968
-2.0135422179	4.8396633447	-76.0532605241
-2.8081621670	4.2434366327	-75.9388365567
-2.9095674967	3.2589137196	-75.7958974343
-2.6950652781	3.0153511038	-74.8500295522
-3.0132886152	3.9563369694	-74.7347928024
-2.1267136431	4.1021363509	-75.1738000451
-2.0916835881	4.2640842039	-74.1876226837
-2.2957403496	3.3672236820	-73.7951917442
-1.3330602001	3.5694826350	-73.6153633655
-0.7354739575	2.8167627647	-73.3391325210
-1.4846545103	2.5160676074	-73.9293112412
-2.2443794321	2.1527354326	-74.4685771996
-2.3867049412	2.1788528289	-75.4580524802
-1.6926305731	1.5148176678	-75.7361137620
-1.6772872391	2.2753639952	-76.3852161160
-0.7843689647	2.6569604614	-76.1462996197
-1.2357905951	3.1772879145	-76.8711981319
-0.4992349474	3.6684102125	-76.4061339791
0.1277432345	3.2165457469	-75.7715342121
0.1747148954	2.7870896690	-76.6733995792
0.3922218979	3.7151276816	-76.9757836909
1.0830289420	3.4477792497	-76.3039872606
1.8759880143	3.0940115861	-75.8079385232
2.1141156202	3.2017292041	-74.8426965027
2.2659812531	4.0196313523	-75.3976495688
1.6072073966	4.3787657691	-74.7365599556
1.0832688189	3.6692773556	-75.2078502671
0.1524878315	3.6949049911	-74.8431723575
-0.4455234174	4.2485283584	-75.4227271119
-0.7061939208	4.7038390628	-76.2740455312
-1.2084112852	4.2244675192	-76.9937542514
-2.0565102406	3.8552925142	-76.6137042843
-1.3790982516	3.9768499182	-75.8882135576
-1.8671330145	3.1339259930	-75.6617155960
-1.6759073072	3.2932623082	-74.6931885352
-1.0709308475	4.0804462646	-74.5734183298
-0.3482270452	4.7637775325	-74.4696995152
-0.2967325542	5.3434217178	-75.2829405225
-0.1895842358	5.6466927881	-76.2298015977
0.2738609724	4.8989998419	-76.7053789279
0.4218683231	4.2125173968	-75.9934550017
1.3900153439	4.4363944007	-75.8813370582
2.0335998141	3.9437346084	-76.4670719460
1.2659603203	4.3821010241	-76.9345807622
1.3095349653	5.2963702781	-76.5318240347
0.6984362470	5.3038512099	-75.7403049938
0.5795826228	4.6315604214	-75.0096211280
1.0546744637	5.4465892567	-74.6779349203
1.7488159655	5.2750011074	-75.3770236719
2.2767789749	4.9307925261	-76.1534098600
