-3.3699481124	0.2824745502	-61.9388615233
-4.1175449910	-0.0305677589	-61.3531112184
-4.3068536537	0.9287799798	-61.1437929286
-5.0891772019	0.7908691911	-60.5363799882
-4.6374899782	1.6643758183	-60.3548178109
-3.8118000538	1.1422564218	-60.1412119013
-4.1772028163	0.2289652327	-60.3211564070
-4.8318830955	-0.5156195561	-60.4514914534
-4.9136311778	0.0077216264	-59.6032985168
-4.6709953107	0.9759948801	-59.5435093703
-5.4283372546	1.6253804963	-59.6122952817
-5.7658437093	0.6841737188	-59.6271005171
-5.4328394207	0.6503944287	-58.6847804529
-5.7496853125	-0.2463265450	-58.9938114808
-5.1897556018	-1.0450134534	-59.2142155224
-4.3250775615	-1.3077829227	-58.7860986078
-4.1832187721	-0.7700192525	-59.6171740069
-3.7645964629	-0.7423749683	-60.5249135928
-3.1232481455	-0.9828242588	-59.7963146122
-3.1441168363	-1.2682014673	-58.8381265584
-2.5559234189	-2.0491048488	-59.0484083037
-2.4839725002	-1.6892467800	-58.1181797104
-1.6030554159	-2.1409894171	-58.2592955507
-1.2138332742	-1.5168597089	-58.9367674924
-0.9462932613	-1.1251207436	-58.0564477070
-1.8255788074	-1.0219836497	-57.5914534400
-2.6575192617	-0.8275343970	-57.0717760703
-2.7427892971	-0.6330194409	-58.0489623130
-2.0450530826	-0.7901457944	-58.7478725247
-2.0413302099	-1.3058421776	-59.6046358412
-1.1840206300	-0.9089510944	-59.9325043398
-1.4433080716	-0.2616523848	-60.6492849221
-1.2775112341	0.6901230467	-60.9074223597
-1.9581365333	1.4205326288	-60.9644402901
-1.1882695472	1.7756589956	-60.4341666934
-1.9701539970	2.0413324601	-59.8701859160
-1.7155427722	2.9800165613	-59.6377095035
-1.1916267498	2.3120824483	-59.1091491737
-0.9163680630	1.5974599043	-58.4660727592
-0.8876757113	0.6423300152	-58.7608669991
-0.8772060159	1.3434627275	-59.4738209283
-0.4736576372	0.8685333808	-60.2558636519
-0.9758931596	0.1750708314	-59.7392698341
-0.9612522424	-0.4402908971	-58.9511609668
-1.4207227093	-0.1522370228	-58.1109753590
-1.9948967811	0.0286715484	-57.3124791323
-1.0730747984	0.4132044975	-57.2637077963
-1.5859726919	0.9224922973	-57.9547661787
-1.9215537215	1.8593704082	-57.8565583481
-2.6500690023	1.3874539527	-58.3531067794
-1.8606400593	1.3155447307	-58.9627222384
-1.7798724560	0.9723454210	-59.8985057753
-2.2885869117	0.4633980475	-60.5928991607
-2.0394195240	0.1346695062	-61.5038619256
-2.4841414583	0.8900992961	-61.9850565159
-3.0059553420	1.4710269848	-61.3603699615
-3.3207106152	0.6337770197	-60.9132216484
-2.9541993592	-0.2821075567	-61.0770048649
-2.3450075738	-0.9234617681	-60.6105821552
-2.1355143942	-0.3068424968	-59.8517058267
-1.8008836468	0.2133133419	-59.0659194903
-2.3794013095	0.3554186194	-58.2627237459
-3.3585091768	0.4432214888	-58.4461315986
-2.9255302690	-0.2381579991	-59.0362597702
-2.6883788692	0.6967999646	-59.3001021845
-3.1376915372	0.1554658102	-60.0107887959
-3.8660616948	0.2045213077	-59.3273632537
-4.3555644654	0.6888651994	-58.6022439310
-4.7442969539	-0.2322554468	-58.5816573416
-5.1594350543	0.0621795606	-57.7208621371
-5.5285064704	-0.7963140411	-58.0769169443
-4.5828365219	-0.8778841490	-57.7621874320
-3.7810670874	-0.5369573084	-58.2530383903
-3.5211998401	-1.3456384421	-57.7253037621
-3.7284449793	-0.5730303749	-57.1251985825
-4.0307312607	0.2438760082	-57.6164082784
-3.0529650617	0.1529576788	-57.4274450084
-2.5409341605	1.0091815237	-57.3588513955
-3.5006555998	1.1250820159	-57.6147846583
-3.9656599358	1.7239480772	-58.2668049096
-3.6361068356	1.2550970124	-59.0863007504
-2.7891881162	1.7296390518	-59.3261726651
-2.7926178146	1.3017307113	-60.2299882931
-2.7784447596	2.2417846212	-60.5707195228
-3.7246970805	2.1037521560	-60.8632149651
-3.5998758888	2.1085611848	-59.8710473667
-4.3916427916	2.0031739727	-59.2693840827
-4.9919276116	1.6105941150	-58.5725776604
-4.7860114275	1.1364442045	-57.7165517335
-4.2974222148	1.0293394082	-56.8506365276
-3.4022048702	0.6973224631	-56.5533981484
-3.2912433727	1.6748373183	-56.7327086439
-3.0349367903	2.0880518969	-57.6065282178
-2.4201602754	2.8242747741	-57.8894163794
-2.1736502610	2.3876562764	-58.7546314394
-3.1625163108	2.3629692077	-58.6078851136
-3.7052586104	2.9144017843	-59.2414093118
-2.7819134462	2.7418053712	-59.5844022943
-3.3967786037	3.0784412438	-60.2975762754
-4.3410146310	2.7725121677	-60.1758153410
