2.7453254482	-0.4194026497	173.1606749351
2.6531332365	-1.2660331811	173.6848097835
3.1944832174	-2.0526465671	173.3878593179
2.2709400637	-2.4028280920	173.5441953109
2.9975162107	-3.0689616576	173.7125793226
3.6779385903	-3.6529726840	173.2699095739
4.0453967260	-2.7816614309	173.5951651946
4.2273350777	-2.7133880634	172.6142283039
4.4331956540	-2.2145629229	171.7723287242
3.7285076622	-2.9219575744	171.7174867581
3.3710865512	-3.7941210704	172.0515241599
2.5463614142	-4.2451208026	171.7103091398
2.9497314951	-4.3607616628	170.8026088758
2.9535178426	-3.4115497766	171.1172236542
2.0581008244	-3.7335063373	170.8096974983
1.4634597595	-4.3391077612	171.3385159164
0.9018183109	-4.5351094733	170.5346862006
1.8740327147	-4.6322191081	170.3216865017
2.4263394896	-4.0411349081	169.7338287850
3.1333086595	-3.3967405958	170.0252915838
2.9683747931	-2.5370035233	170.5086640963
2.7791813666	-1.5845551357	170.7475111528
3.4271082128	-1.4765381937	171.5015158890
3.5116127588	-1.9738793033	172.3649455632
3.6525494578	-1.1352504194	172.8910999532
2.7030147652	-1.2988006974	172.6234524723
2.4088184718	-2.2474738776	172.5074018884
3.1454433348	-2.8981432731	172.6918284292
2.4380245470	-3.2043009619	172.0547835891
1.7257890305	-2.9806244733	172.7201326686
2.0684518885	-3.5184908064	173.4903806634
2.7296213372	-3.9786475342	172.8978346771
1.8219082451	-4.0336453916	172.4818633103
0.8429942687	-4.0362638945	172.2776071710
0.3909786200	-4.3066896592	171.4275767251
-0.2142509438	-3.8382163108	170.7839697821
0.3097117257	-3.5236763464	169.9924347344
0.0935688014	-2.7985168286	170.6462129154
-0.6114393100	-2.9371801244	171.3417242764
0.2985169945	-3.2284379708	171.6369333393
0.7305975910	-2.9304698873	172.4881215555
0.9192818293	-3.5101113330	173.2808472663
1.1467537909	-2.6121025160	173.6574593627
1.5187842096	-1.7537255120	174.0107047260
0.7239129129	-1.3513488591	173.5565322358
0.7504283869	-0.7775192964	172.7379868414
0.2113160304	-1.0393836592	171.9374964152
0.9177094009	-0.3943005347	171.6461612670
1.0384060369	0.4767296667	172.1223321505
1.5379220151	0.0019126121	172.8469234507
1.7504731780	-0.9395388962	173.1086314190
1.4209896576	-1.8720033895	172.9604741430
0.5412353677	-1.8890947760	172.4853528176
-0.2558075155	-2.4819055095	172.3700355313
0.1028425590	-2.0617601026	171.5364601231
-0.5710176267	-1.9197599760	170.8113750149
-0.0345723814	-1.0790309899	170.8848683529
0.8685369745	-1.4187464461	171.1475219269
0.5133562622	-1.8964170515	170.3439813527
1.1045121503	-2.6806753608	170.1556369334
0.9793442241	-2.4976720017	171.1307485992
1.4709869583	-2.2445927255	171.9639582378
1.3307747471	-1.2575914063	172.0425007858
2.0871438356	-0.6048305885	172.0850344970
3.0806744065	-0.5498274147	171.9856782911
2.7275768272	-0.4893385955	171.0520492415
1.7956412964	-0.8518785856	171.0598544905
1.7507491278	-1.8326373999	170.8698628026
2.2784927667	-1.5736350238	171.6788154717
2.8629417059	-2.3774194478	171.5676847507
2.0514480441	-2.7709673282	171.1357147256
1.4204790888	-3.3133656596	171.6904058357
0.9912058441	-3.4899242214	170.8046566863
1.4202945634	-3.7297841741	169.9338237092
2.1023975087	-3.0005724909	169.9884670362
2.1219453095	-2.0060703507	169.8855914970
1.9743343119	-1.2888495731	169.2045589356
2.4018118467	-0.9305071148	170.0345310073
3.1489624653	-1.5427990531	169.7759492303
2.9480113246	-1.7032710083	168.8095810858
2.8988186321	-2.5065045669	169.4032105404
2.4136856595	-3.2652160137	168.9684658573
1.7221305409	-3.9799865657	168.8642805613
0.7798594735	-3.6791708376	169.0113694230
1.3895786239	-2.9061297089	169.1864407537
1.9794519817	-2.2278337617	168.7483037547
1.1693702376	-1.7159915618	168.4623227587
1.0706422136	-1.9003689403	169.4402070870
1.3678374356	-1.2007077434	170.0899371922
0.8502115690	-0.4898382781	170.5660968981
0.9747277817	0.4340197420	170.9280113514
1.8229588724	0.1999616117	171.4031121916
1.8815838231	0.0015135340	170.4247556740
1.7121032633	-0.2736057234	169.4784017581
0.9461277377	-0.8243289027	169.1467611787
0.2130697117	-1.0018981816	169.8033394922
0.0894893354	-1.6895580040	169.0879012633
0.1981657380	-2.5664484593	169.5561453971
0.5719132377	-2.5778833046	168.6286853975
1.3169225307	-3.0716102308	168.1801378797
