0.7762946453	-1.7389894828	-110.7581784142
1.7450627943	-1.8378249041	-110.5307584658
1.5545975715	-2.2144631781	-111.4373270564
1.1205940610	-2.8630509155	-110.8120471992
0.4965271072	-2.4182999079	-111.4544932890
0.2365817737	-3.3582813581	-111.2334428494
-0.5509710939	-2.7443963327	-111.2873469910
-0.0200132610	-2.4380004613	-110.4972803168
-0.2827264866	-1.6781223378	-111.0918953171
0.3634428903	-0.9413170753	-111.2908504414
1.2988687446	-1.2096114373	-111.5210603596
0.8888321663	-0.5409917005	-112.1413970843
0.9091210754	-0.5460960929	-113.1411782130
0.7849544436	-1.5364287177	-113.0793402000
0.4642054593	-1.5837304792	-112.1333578363
-0.4164083578	-2.0575353354	-112.1280415130
-0.7055853627	-1.1263736026	-111.9059728585
-1.2967861501	-1.5039272491	-112.6186683566
-1.5217562962	-2.4048482652	-112.2475487583
-1.3036891209	-1.8778560364	-111.4261317523
-1.6658655706	-2.7468177810	-111.0888874704
-1.2833846993	-3.4364849758	-111.7037594436
-0.4727769023	-4.0155349819	-111.7910296553
0.4580168345	-4.0059584384	-112.1564490163
0.9798054627	-4.6953301158	-112.6589460987
1.6186095156	-4.2679120459	-113.2986672689
2.4883557000	-3.9282106842	-113.6566401164
1.9315566132	-3.2319754813	-113.2036154822
1.0024688604	-3.3851340296	-112.8669577824
1.0878854834	-3.1238949204	-111.9054703263
1.2009620389	-2.2845159925	-112.4371250151
2.0383766551	-2.8054665367	-112.2717548516
2.9885510423	-2.8805723727	-111.9692193208
2.5839626949	-3.7033740690	-112.3683504242
1.6354353995	-3.9576440711	-112.1795575857
1.2352999521	-3.9323820482	-111.2634498115
2.0251415108	-3.3264065539	-111.3580226002
2.1691725234	-2.8607586607	-110.4848518798
2.6030779024	-2.2497945685	-111.1470066956
2.3475588067	-1.2886647812	-111.2515988740
2.3194677789	-1.8190706714	-112.0988771552
1.6342008651	-1.2177261591	-112.5097226669
2.5487249739	-1.1512447015	-112.9087538313
1.8168449241	-1.0238038028	-113.5781643258
2.1889709623	-1.0346149400	-114.5062835697
2.5551019425	-1.7785994769	-113.9473246139
1.9755584141	-2.0532336436	-113.1800532322
2.9004468337	-2.2916209345	-112.8838220543
2.8658017459	-2.8571908426	-113.7077943821
1.9694987383	-2.7324094659	-114.1333182083
1.4418465342	-3.5804546327	-114.1823339857
1.7560940284	-4.5059403675	-114.3938160583
1.3722930720	-5.1885725757	-113.7719558697
0.3781753604	-5.1789051895	-113.6640831804
-0.3534773090	-4.5327018440	-113.8811214435
-0.1718650717	-4.5955350302	-112.8997606607
-0.1147445279	-3.6214296755	-113.1185208069
0.6174477728	-4.1386694124	-113.5616432384
0.6986350016	-4.4456894802	-114.5098770239
1.2238197003	-4.0206262372	-115.2471030895
0.4538126225	-3.4788640857	-114.9100825093
0.4965452380	-3.1791389003	-113.9570144441
1.1500741628	-2.5716964830	-113.5054464490
1.4046484438	-1.8220971885	-114.1164233987
1.8959241767	-2.0249604465	-114.9634739597
2.0296838282	-1.7185292902	-115.9059219965
1.5424258684	-1.0335646854	-115.3642549670
1.1431024643	-0.7923850071	-114.4797363512
0.4269816762	-1.4447513173	-114.7279080943
0.2280328392	-1.0241454514	-113.8427470548
-0.7476023807	-0.8399738555	-113.7235130793
-0.9778524564	-0.4810126036	-112.8190067376
-0.1178633986	-0.9904968101	-112.7899436384
-0.4863737278	-1.7981368497	-113.2502888390
-1.3074957713	-2.2747466461	-113.5642979019
-0.4327710088	-2.7039548151	-113.7893244280
0.3485492297	-2.0878769475	-113.8892581360
0.2675994862	-2.4677597210	-112.9677722612
-0.0013421044	-3.0546427636	-112.2040715900
-0.7760271168	-2.8083012209	-112.7864623316
-1.0894151431	-3.7539948937	-112.7001407118
-1.8106216682	-3.1499152200	-113.0391818539
-1.1632135625	-3.5021104284	-113.7150674063
-0.4475981034	-3.5927695898	-114.4076534524
-1.0634761396	-2.8341452120	-114.6202170849
-1.0735757725	-2.0172229863	-115.1968764945
-0.5817735381	-1.7372849584	-114.3723977120
-0.7592991032	-0.8406818709	-114.7780916571
-0.1310297609	-1.1083995001	-115.5085743089
-0.1467196250	-2.0665878435	-115.7942820735
0.4440546052	-2.8733455050	-115.7829734726
-0.4831923074	-3.1182630322	-115.4997269933
-0.0095304025	-2.5753199919	-114.8062882759
0.9867904808	-2.5042366677	-114.7584149170
0.9344728358	-1.8890537842	-115.5450615236
1.4546476135	-2.6458838833	-115.9408220593
1.7600070858	-3.1127012771	-115.1108599436
2.5868670289	-3.4767569958	-114.6821804967
2.8257034870	-2.5095134142	-114.7681863117
2.5617544882	-2.6756212778	-115.7183121474
