-0.7979145069	-6.2029014058	-60.6710201667
-1.2933941675	-5.3373710801	-60.5978275357
-1.3254585488	-5.5206255110	-59.6152850741
-0.4010358690	-5.4372151427	-59.9874213657
-0.4357072170	-5.1558294782	-59.0284531674
-0.6084102205	-4.8386129896	-58.0959579277
0.0360300086	-4.2394166399	-57.6209205338
0.7817340405	-3.6080401452	-57.4081078960
1.1052199614	-4.1957597983	-58.1496889558
1.3216806687	-3.3732306262	-58.6756076978
1.8851275491	-3.4848223431	-59.4941887272
1.3119269426	-2.6825735748	-59.6610358983
0.6518607379	-2.5372345418	-58.9240222140
0.4504578752	-3.3284807081	-59.5014011115
-0.3945850547	-2.8461725594	-59.7322285282
-0.6148285378	-2.7522335379	-60.7031395789
-1.4498208258	-2.2921696778	-60.4012635717
-1.3021253708	-1.3044571549	-60.4523519719
-0.4805942783	-1.8100491483	-60.1887928699
0.4097017672	-2.1719998610	-59.9124513547
0.4337050996	-2.8905154457	-60.6075478908
0.4805743693	-3.6329652128	-61.2758080309
-0.0417892795	-2.8503985029	-61.6145196529
-1.0361327079	-2.7803843017	-61.6943892846
-1.5155472887	-2.9547425046	-62.5544828125
-1.6013563703	-2.0373655113	-62.1658232523
-1.1068551576	-2.0340369292	-63.0349938174
-0.4516351458	-2.7435970822	-62.7757427320
-0.5001759281	-3.5796012139	-62.2291707931
-0.5959769394	-3.6862764571	-61.2395028899
-0.2404027537	-3.7275164509	-60.3057650994
-1.1926033742	-3.4746552321	-60.1343732027
-1.4206689455	-4.2325386232	-60.7456005423
-0.5123080878	-4.6491730736	-60.7816045255
0.0146961459	-4.5186639578	-61.6213865856
-0.9704960085	-4.6272084492	-61.7541062615
-1.5027244259	-3.7807831816	-61.7713451193
-1.7630886131	-3.1848182471	-61.0117160738
-2.0390232935	-2.2490910878	-61.2314311974
-2.5570701964	-2.2963157138	-60.3773836337
-2.0619108950	-2.8817712586	-59.7354653591
-1.9977321573	-3.8635158092	-59.5564158492
-1.3161954468	-3.3317388992	-59.0537021830
-0.7939525868	-3.7881724946	-58.3333336883
-0.4178019148	-3.8435522046	-59.2582357154
-0.9457608851	-4.4943939706	-59.8038219335
-1.3347458908	-4.5717774196	-58.8858336617
-1.8952425121	-3.9126895350	-58.3843890507
-2.3863082946	-3.1025787361	-58.7046622009
-2.1470356649	-2.1324461777	-58.7445549056
-2.0668116532	-1.6757110803	-59.6305329859
-1.8935711503	-1.0897288599	-58.8389443519
-1.1836439005	-1.7137272134	-58.5124028463
-1.2152957163	-2.2569189928	-59.3514146777
-1.0435951057	-1.2759096283	-59.4416340049
-0.0723158889	-1.0560761899	-59.5326831258
-0.2493639618	-1.9361898817	-59.0921676671
-0.4468030297	-2.8164749272	-58.6607559693
-1.3198179317	-2.7738966589	-58.1749246489
-1.1517432579	-3.4078806979	-57.4200636403
-0.2153150455	-3.1154258171	-57.6138995136
0.3022557836	-3.4520408060	-58.4005447869
0.2260579394	-4.4136756942	-58.6640826978
0.5007486843	-5.1867197648	-58.0922891516
0.6620389479	-5.3122490564	-59.0711802833
1.5524999132	-4.9064645060	-58.8652235696
1.0432092556	-4.2000616091	-59.3567700813
0.1996348725	-4.5644935816	-59.7511957367
0.5364852308	-4.4796811578	-60.6889263424
0.5133206453	-5.4759553937	-60.6058537899
1.1889310064	-5.0441809133	-60.0082574059
1.8071272146	-4.3016493749	-60.2660952672
1.0506740600	-3.6490558641	-60.3096880927
1.8460652872	-3.0957381315	-60.5570588316
1.5394281121	-3.7317195570	-61.2652263748
1.1919704726	-2.7981395925	-61.3529853545
1.1896519649	-2.1355965814	-60.6039650724
1.3943194433	-1.6952809751	-61.4781695050
0.5688706898	-2.0219326184	-61.9385313837
0.1583824062	-1.9412268928	-61.0302440091
-0.8127380412	-1.8218541720	-61.2368238488
-0.4488837981	-1.8736741310	-62.1668371722
-0.2268015297	-1.3831259475	-63.0094770394
0.3783813247	-1.0033615648	-62.3098108859
0.5813700910	-1.0267875707	-61.3309100824
0.5784184472	-1.1630247649	-60.3402382322
-0.3180711476	-0.9407370638	-60.7235065250
-0.4868647351	-0.9137510679	-61.7087884546
-1.1197048868	-1.1076528076	-62.4583986585
-1.2049471889	-0.1836432878	-62.0856518847
-1.2480856029	-0.4033460033	-61.1110392468
-1.7355629232	-1.2078680874	-61.4503180087
-2.3161129740	-1.2454602945	-60.6369617126
-1.9219128785	-0.6148951730	-59.9683856793
-0.9582221934	-0.3520406772	-59.9213986849
-0.9945576405	-0.3708936076	-58.9222368850
-0.3417195063	-1.0069959016	-58.5109264887
0.5201780632	-1.5136271998	-58.4895417414
-0.1325473901	-2.0633963572	-57.9682900207
0.7067305336	-2.6020747884	-57.8945464470
