-1.1588042993	-0.4797123047	76.0235375337
-1.6826242979	0.2941211288	76.3796195836
-1.0635047978	0.0665499106	77.1312194673
-1.5995046085	0.9024812955	77.2492149023
-2.5283088979	0.6307517656	76.9972513048
-2.1112776661	-0.0794680786	77.5644132963
-1.4442799591	0.3567202266	78.1684446045
-0.8331927640	0.5885914947	78.9252855092
-0.0738626149	1.1329706269	78.5688180002
0.5873436945	1.0623516648	77.8219450668
0.0991910224	1.4618096097	77.0459680574
-0.5260164757	0.8973248932	77.5849231475
-1.1312165023	1.4033251668	78.1994934453
-1.7093580658	2.1258371043	78.5786093017
-0.7832982047	2.4822732771	78.4546480640
-0.0708221610	2.0522796355	77.9001362469
0.8200586310	2.2019194209	77.4712547375
1.2269979148	1.4162741117	77.0052484419
1.8137282611	2.0866827811	76.5510461557
1.2905911946	2.9338898353	76.6436086582
0.4644041715	3.2864030559	77.0830963511
-0.3417237001	3.3049925610	77.6745456599
-0.6260174466	4.2139927318	77.9793337096
-1.1910905411	3.5022612370	78.3966233897
-1.9358246884	2.9856140190	77.9741938667
-1.1348179625	2.6460376687	77.4811663549
-0.9712415037	1.7540538840	77.0597311049
-1.8246451798	1.8826000024	77.5648826278
-2.1981228230	1.1616010263	78.1485562749
-3.1200721141	1.2569444160	78.5239482604
-2.9609226455	0.3913867394	78.0490994896
-2.4425426569	0.3921444415	78.9042495427
-2.6913411430	1.0331811486	79.6303151414
-2.5753532772	1.9313201223	79.2061769577
-1.8219233741	1.7890328607	79.8481253328
-1.6929241768	1.1464725961	79.0928270384
-0.8436248389	1.6622765402	79.2052411205
0.0397545818	2.1104321437	79.0681376769
0.1838722457	2.9461954187	78.5382982228
-0.4936326614	3.1490846158	79.2452798877
-1.3456124534	2.6653932488	79.4457121594
-2.2102963012	2.9448101336	79.0282818683
-3.0790687817	3.1333997799	78.5703863316
-2.4715830988	3.8885775021	78.3240780837
-1.7162673889	4.3723996028	77.8820211266
-1.3067617958	3.6689786613	77.3010700544
-2.3000420112	3.6508585857	77.1867631143
-2.9071175385	2.8977481220	77.4403058789
-2.7092174467	2.2250467648	78.1532634076
-2.9409385619	1.5682794363	77.4356548786
-3.2933468644	1.2554644135	76.5536372201
-3.3308197793	1.7041083379	75.6607125817
-3.0711148650	1.9970636081	74.7405329431
-2.8797870409	2.6772011037	75.4482098827
-2.5033468245	3.3506635202	76.0844025713
-1.5354544424	3.3379711460	76.3354468709
-1.9962598937	2.6477552355	76.8933539715
-2.8700605552	2.3772972855	76.4892192152
-2.2735078805	1.5821193628	76.5979251369
-1.3971657357	1.3892156643	76.1565493239
-0.6014808732	0.8562956885	76.4444414897
-0.3086713161	1.7291926358	76.0541678899
-0.9880035193	2.4543421281	76.1667110881
-1.9480165626	2.4509881068	75.8867759043
-2.2766185410	1.5816974979	75.5175136980
-2.7461553931	0.8985831239	74.9581480781
-2.5926273013	0.6459931350	75.9134634305
-1.7275461386	0.6979970193	75.4145343995
-1.7835065670	1.2317788673	74.5707658476
-1.8952257685	0.2567277484	74.3789478725
-1.9521532343	-0.3082516626	75.2020866996
-1.0172625428	0.0056519113	75.0364245701
-0.8566065236	0.7041755128	74.3391051155
-0.2865096546	1.5029159219	74.5314675829
-0.6228878366	0.9938370824	75.3237355009
0.3703559594	0.9069799181	75.2467771046
0.5177545371	0.9733967842	76.2336218033
1.2956871472	1.4600683235	75.8361653062
1.2892092647	1.4176306888	74.8370871890
0.6955142525	2.0317157213	74.3170623767
-0.1443321493	2.5434085249	74.1358760194
-0.5455791759	3.3364919386	74.5941548893
-0.5550248021	3.6127581364	75.5551896275
-1.4439377162	4.0697389199	75.5235290081
-0.9636378868	4.2155571161	76.3884273417
-0.4951946317	3.3548450147	76.5877652340
-0.1833483907	2.4672380547	76.9267428239
0.6141075978	2.1359786555	76.4224302652
0.1846991310	2.8871506614	75.9210830938
0.5113880244	2.9409217043	74.9774819906
1.2244062533	2.5629348207	75.5680164275
0.4682693974	1.9415633178	75.3627007912
-0.4033119775	2.3896694770	75.1638370767
-1.2521800993	1.8657002283	75.2336879052
-1.1271310171	2.1097347493	74.2720175460
-1.4251045600	3.0450164728	74.0810728805
-1.4837925826	3.9729287837	74.4492229304
-2.2055108945	3.4997035246	74.9543768995
-1.3736225203	3.0052776880	75.2063785364
-2.0359818830	2.3738743553	74.8031293503
