-0.9919442184	-0.3237068279	137.0899521775
-1.8499745070	-0.4275853519	136.5869678079
-1.1940665362	-0.0853984190	135.9141432864
-1.4127312994	0.5588646594	136.6470217259
-1.8180279103	0.2991245043	137.5235316853
-0.8898430146	0.5568933987	137.7919120061
-0.0366081887	1.0633034557	137.9165682774
-0.8352317937	1.6033256154	138.1822304773
-1.6010718990	1.0257581073	138.4649046833
-2.0436034992	1.3235243170	137.6190317217
-3.0222406644	1.2342338907	137.4338385285
-3.3460287628	1.8720587446	138.1326523256
-3.4676942433	1.2700550891	138.9218222120
-2.6904997375	0.9145720869	138.4025914972
-2.3713966372	1.3028190465	139.2671361807
-1.9468721575	1.9332166298	139.9170422148
-1.9748373806	2.8939258045	140.1931867926
-1.1007417043	2.6736755777	139.7602357720
-0.8470596974	1.7741377784	140.1158720848
-1.2721050045	1.0828316687	139.5315499566
-0.5295825962	0.8616113402	138.8993142099
0.3828614809	1.2627413075	138.9801879116
0.6504595470	2.2150855143	139.1265839046
-0.0000748193	2.5422637030	139.8119739184
-0.4799237984	2.0395302659	139.0929439827
-1.4691775987	1.9765266979	138.9610066151
-2.3093659871	1.9348205694	138.4203180996
-2.8611516315	2.7628929170	138.3211778461
-2.5156523085	3.6961975388	138.4190180256
-3.5034470201	3.6507353234	138.2700388506
-3.8975692382	2.7874255869	138.5852593703
-3.2585133313	3.1825196258	139.2451898578
-3.0373673442	2.2075090773	139.2663767088
-2.1994844399	2.7432929677	139.1620317933
-1.3760424757	3.2798648771	138.9775489551
-0.7331471282	3.7021808009	138.3385381314
-0.1745789380	3.0355317793	138.8320770445
-0.8905063885	2.6264099172	138.2663322367
-1.8360731729	2.8940822098	138.0812511735
-1.4914060139	2.2413324151	137.4066236800
-1.0255067570	1.3935999606	137.1530737479
-0.3706535322	2.1394869339	137.2748106646
0.6236659146	2.2427110935	137.3007646768
0.1580712229	2.0970837260	138.1736989543
0.9749587699	1.5228785886	138.1190803165
0.9129362520	0.5472895995	138.3297443422
0.7866703547	0.7164741638	137.3522815519
0.0187606660	1.1437241385	136.8750267257
0.8428790251	1.5386666640	136.4690103076
0.2928382181	1.1112812722	135.7515168668
-0.6106297856	0.8158826208	136.0621375405
-1.1874579469	1.6277040638	136.1527753742
-0.9816119931	2.5528935620	136.4716042244
-0.2090460435	1.9752782057	136.2079712340
0.5884701714	2.5778800501	136.2369350734
-0.0660377668	3.1204858864	136.7634312892
0.0224485119	3.0790440029	137.7586462151
-0.9042343373	3.1376395001	137.3873976938
-1.0202975455	3.9090087199	136.7616830157
-1.8345750894	3.3378809659	136.6579276778
-2.7221628442	2.9516471197	136.4069069743
-1.9962435018	2.2696284575	136.4957419499
-2.1642004253	1.2905934269	136.6109846530
-2.5921863157	0.3903851396	136.6913159487
-2.1086263240	0.5206974389	135.8257592266
-1.3717009992	0.9435986732	135.2984115124
-0.5563885749	1.5087204264	135.1723041973
0.1499602720	2.2149262491	135.2207257064
-0.2169455062	3.0275102362	135.6735914855
-1.1273927677	3.4285862136	135.7747045133
-1.8262035368	4.1268043414	135.9301231574
-2.6142078199	3.6681236752	135.5194392203
-3.2047327886	3.1008490406	134.9454359535
-2.3580349301	3.3146746347	134.4582179820
-1.9970655736	2.5168814120	133.9752820676
-2.2262814038	1.5437641177	133.9977060480
-2.4874977396	1.0444817487	134.8238314271
-2.9747474745	1.1460225311	135.6911705564
-2.1420421674	1.6970598045	135.6367665599
-1.5886010764	1.8837009443	134.8250596893
-0.9866461970	2.4044337783	135.4304419147
-1.3593956808	3.0457587115	134.7598003172
-2.0356568691	2.7582534662	135.4380418222
-2.5840775380	2.2115119020	134.8053425003
-3.0908334350	2.3091608426	135.6618838859
-3.0017719796	1.9244738893	136.5806243308
-2.5905662456	2.3156518965	137.4039648503
-2.6005406243	3.3155985431	137.4012786156
-2.9064879046	4.2539345397	137.5622811591
-3.6542819298	3.7621434548	137.1162479489
-3.5435581045	2.8521998656	137.5159264435
-3.8617176782	1.9650029899	137.1817764931
-3.8177573051	2.6806626002	136.4847120716
-3.5250840695	3.5378890803	136.0610316034
-2.7749485351	3.9852379520	136.5480384483
-2.0012148534	4.4658887640	136.9607259655
-1.6699210929	3.8493007006	137.6749133388
-2.0559620456	4.7005381812	138.0303948916
-1.6902916441	4.2854490614	138.8634532209
-2.2686695815	3.7737165868	139.4987553821
