-0.6873609548	-0.8328869151	-20.3442895775
-0.1565693337	-1.0213129341	-21.1705800169
-1.0963830060	-1.2127136749	-21.4536277474
-1.0062470358	-0.2322150526	-21.2789911003
-1.7488610817	-0.6534522284	-20.7583341878
-2.4727155943	-1.3021757792	-20.5234035613
-2.2973504089	-2.2806840905	-20.4149206760
-1.9484518030	-1.9321763653	-21.2848701735
-1.4159376625	-1.6315050198	-20.4936524840
-1.8446094692	-1.5472504774	-19.5941294692
-2.1108370455	-2.4804052973	-19.3525824557
-1.4448913684	-2.7953987651	-20.0288187091
-0.4504888265	-2.6914091158	-20.0101174400
-0.2600871976	-1.8409100640	-20.5004220214
-0.7691813125	-1.7703432108	-19.6426088125
-0.4366877411	-1.8797911775	-18.7058755700
-0.5113190445	-2.7103877887	-18.1540246499
-1.0016207784	-2.8385265532	-19.0161062393
-0.8015788192	-3.5917587941	-19.6427037224
0.1192692398	-3.8723799894	-19.3719813612
-0.5603078375	-3.7437249472	-18.6497467205
0.2148293306	-4.3278832041	-18.4090778575
0.3784905871	-3.3668410430	-18.1863381943
0.6150264586	-2.3953312399	-18.2011531896
0.6011510170	-1.5077829971	-18.6616589863
1.1949422496	-1.3139065606	-19.4425712089
1.4944373548	-2.0551856499	-18.8418982582
2.1468247065	-2.6078858350	-19.3604667191
2.2990292342	-1.9191295794	-20.0693028089
1.5974693675	-1.4885652714	-20.6371303620
0.6522013143	-1.2312595026	-20.4364763092
0.1057773767	-1.0356253745	-19.6221372101
0.2752952756	-2.0179551080	-19.5428152290
0.0652291871	-2.8684568809	-19.0606130175
1.0537674383	-3.0181255268	-19.0408286211
1.2101915103	-4.0030139913	-19.1151671853
1.5512775130	-4.7646935015	-19.6660797578
0.6125076472	-4.8649785112	-19.3364526109
0.3092376711	-4.9232140854	-20.2875761253
0.8633639657	-4.1003371271	-20.1618082398
-0.0505288953	-3.7574236907	-20.3790873548
-0.9472944260	-3.5723716259	-20.7810417256
-1.4430630357	-3.9612840713	-21.5575470994
-0.8070984961	-3.8724199097	-22.3241319056
-0.7599883443	-3.0485032807	-21.7593823841
-1.0975665554	-2.4928679250	-20.9995729981
-0.3829741967	-2.0166837235	-21.5120243297
-1.1702481485	-2.0942844114	-22.1237251210
-1.2883752791	-2.9196134188	-22.6758827168
-1.8893591460	-2.8723201740	-21.8780219892
-1.9238787069	-3.2023562000	-20.9346850285
-2.4872736345	-3.2981810021	-20.1140732062
-1.8888883989	-3.5281553211	-19.3465792829
-1.6270542001	-4.1258929641	-20.1043078376
-1.3061227335	-4.4218853013	-19.2046459399
-0.4371241760	-4.8069708274	-19.5153719363
-0.7060678611	-4.5686172808	-20.4485690650
-1.1107185926	-5.0009122168	-21.2544095417
-0.4325577706	-5.5738699998	-20.7941734301
0.5264846633	-5.6598792496	-21.0640623309
0.7617825957	-5.1986139818	-21.9195558935
-0.0742016853	-4.8470239136	-21.4982309525
-0.5179400429	-4.9414440351	-22.3893993489
0.2278668569	-4.2752901527	-22.3927269601
0.0391544852	-3.2979305287	-22.4884129365
-0.1266545180	-2.3122460664	-22.5189664192
0.4448416809	-2.6147759653	-21.7561638530
-0.0781154322	-2.9014293020	-20.9534523716
-0.0801345149	-3.7755710356	-21.4391190813
0.7525731217	-4.2823060099	-21.2159203853
0.8952241201	-3.5392157248	-21.8697303890
0.9340414817	-3.2919618810	-20.9015574968
0.5751282154	-3.0330317320	-20.0048209440
1.5375459225	-3.3041244492	-19.9886686793
2.2351085430	-3.9130951925	-19.6110961374
2.5681795624	-3.1762334006	-20.1993974171
2.9341412987	-2.9157419119	-21.0928268726
2.8039349882	-3.9061469469	-21.0465215453
2.4348638296	-4.1865221820	-21.9326232366
1.4706989222	-4.3868910280	-22.1065150332
1.6381141061	-4.9239204469	-21.2797311682
1.8240864626	-4.1647530622	-20.6559690623
1.8735782739	-3.4698572770	-21.3733743929
1.4951120982	-2.6253884080	-21.7523673785
2.4534917591	-2.7569343885	-22.0057526200
1.8661081494	-3.4067339083	-22.4881850808
1.0409572920	-3.7645868734	-22.9252975582
0.9747573087	-2.7890695101	-22.7155752750
0.8563441925	-1.8201642971	-22.4983173129
0.1686498707	-1.4255706207	-23.1077205868
-0.3090493724	-1.2800610977	-22.2413312910
0.5766570804	-0.8193994670	-22.1837557624
1.0361776372	-0.7257150863	-21.3005433900
0.6369102357	-1.6206619137	-21.4996808252
0.7424922269	-2.2386358676	-20.7206040411
1.2872738782	-2.2699763762	-19.8826119619
1.7381492243	-2.5741737003	-20.7217635634
2.3637282314	-1.9908705559	-21.2398449736
1.6708059194	-1.5436894359	-21.8054311433
1.8804657440	-2.0886845302	-22.6172335238
