3.2620905569	3.1550835137	-29.2414368195
3.9738151029	2.7574513815	-29.8205195926
4.4845216824	3.0264989574	-30.6370930379
3.7061056725	2.4407726439	-30.8629097807
3.3965684277	3.3441630380	-30.5661396847
2.6421218764	3.9997817772	-30.5973561863
2.4998180524	3.2495777043	-29.9516445861
3.0130243209	2.3991865596	-30.0676369434
3.3539172350	1.9740620360	-29.2291495192
2.6308448644	1.5749801508	-28.6653233085
2.7918703558	2.5238294338	-28.3937430639
2.3746987443	2.3951028952	-29.2934081821
1.8806370639	3.2221030667	-29.0251289017
1.4243053131	2.3616300530	-28.7985289770
1.7020824431	1.5648381310	-29.3351503511
2.5875712376	1.3484636257	-29.7463579241
2.2949216109	1.7843958839	-30.5974274055
1.3310520819	1.6980731313	-30.3454275774
0.8732150637	1.0305295157	-29.7582557235
1.7546492810	0.7719356236	-30.1534808739
1.6956241863	1.0124403053	-31.1223325325
1.5436173867	1.1246859129	-32.1043176935
0.7669369762	1.0666750537	-32.7315355824
0.5066742464	0.9050017567	-31.7796295700
0.6356717336	0.9046206526	-30.7879847227
1.0166984959	0.1118692921	-31.2637618626
1.1290348098	-0.0626596640	-30.2855388839
1.9927652828	-0.0815673856	-30.7891380976
1.9165916808	0.1830108281	-31.7504892048
2.0732305161	-0.7965641567	-31.6244054054
1.3304066127	-0.9455343720	-30.9717029284
1.0452268737	-0.7756605364	-31.9150031968
1.0788623929	0.0931705969	-32.4089678854
1.8763078622	-0.4526429866	-32.6661997952
1.8796895584	0.5023832578	-32.9627017964
1.7069779275	1.4772171432	-33.1036613236
2.6380175106	1.2697935057	-32.8034268664
3.3776835547	1.7650745878	-32.3478055401
3.6013605135	0.7917526945	-32.3989241298
3.7814477617	-0.0659873623	-32.8804327776
3.7677652409	-0.3116932602	-31.9111849247
3.0617473911	-0.8531969917	-32.3675975721
2.7946854501	0.1091599656	-32.4180654479
2.8578511920	-0.0987240658	-31.4419536108
3.2449643315	-0.3523449042	-30.5554887849
3.5139795710	0.5600913299	-30.2471206289
2.6570321429	0.7579706389	-30.7230249097
2.5996434884	0.2205513591	-29.8816646658
1.8039954020	-0.2165319739	-29.4622576052
2.1818558651	0.5819958533	-28.9936695349
2.8967527040	-0.0593866087	-28.7151896484
3.0199424653	-0.6932993346	-29.4787202232
2.3972383680	-0.9243150614	-30.2262972032
2.3011123317	-1.6048892117	-30.9526432716
3.0851899197	-1.1167823032	-31.3360151301
4.0723592146	-1.0264086282	-31.2043740185
3.5492203367	-1.3950741465	-30.4359916592
4.0633424508	-0.6732848429	-29.9726357992
3.8109909093	0.0685887396	-29.3513932644
3.3096487808	0.9089241966	-29.1452564408
4.1816063651	1.1541095493	-29.5690183009
3.5770308200	1.5780519773	-30.2433781662
4.5038732797	1.9429810286	-30.3316382496
4.4326511452	1.0028828207	-30.6650190635
4.6620176125	0.2702616075	-30.0241936727
4.2545882330	-0.0391625420	-30.8834130838
3.6089216548	0.5970047215	-31.3057942893
4.4886799870	0.6714200254	-31.7753554029
4.1564868504	1.5840332520	-31.5370597493
3.1985993433	1.5869960303	-31.2499313014
2.6336668842	0.9536861250	-31.7788640765
2.2960851419	1.8922531607	-31.8504914930
2.3196879936	2.3583244023	-32.7349237986
1.4195248119	2.2214384902	-32.3214404334
0.4534760501	1.9948571403	-32.1973006663
0.9020522863	1.7646043286	-31.3337249585
1.6557520283	2.3918676741	-31.1375684034
2.5609049843	2.7690726040	-30.9415720588
3.1110587250	2.6102912033	-31.7614008998
3.8828310740	3.2283204147	-31.6117101013
2.9837674472	3.6614554286	-31.5478457558
2.8363848657	3.3564738678	-32.4887307765
2.1164115604	2.9990159114	-31.8938675578
1.8784813665	3.8558653795	-31.4364856476
1.6364904825	3.3792027364	-30.5913624987
1.5495431880	2.6501483065	-29.9124517489
0.7114487890	2.2091375920	-29.5913484509
0.2568831896	1.8827830187	-30.4201203185
-0.1760777201	1.5606991007	-31.2620269644
0.0255934691	2.5342543021	-31.3693535751
0.7508743026	2.8270086085	-30.7462463382
1.0151178813	2.9470084945	-31.7032078623
0.7053517466	2.9348620860	-32.6539430549
0.1414601017	3.4495481912	-32.0080913490
0.7407861054	3.8866010195	-31.3374251380
1.1539457667	3.8889940450	-32.2480805985
1.7486774284	3.3446682295	-32.8396916677
1.4779621135	2.5518798114	-33.3857683495
0.6732866687	1.9681491989	-33.2773432574
0.9281676218	1.1552598915	-33.8010289204
