-4.1738248031	1.5643486901	156.7866481866
-4.0742253704	0.5767899950	156.6649609779
-3.8058312052	0.9054723059	157.5704622262
-3.1221689315	0.2916465404	157.1757169601
-2.3824099776	0.3433291712	156.5048327705
-2.3200663661	1.1950786789	155.9846058486
-2.3844013472	2.1907351697	155.9173067955
-2.2255941893	3.1661602087	156.0700362291
-3.1667636847	2.8995005895	155.8624485891
-3.7362050636	2.5425930936	156.6029575731
-3.3792295394	1.8401920429	155.9871643942
-3.0639866949	1.2824120252	156.7549556424
-3.2738785834	0.7232743647	155.9528892662
-2.9388444999	1.1838770874	155.1309420084
-2.8442190772	2.1673774274	154.9767566958
-2.0957690391	2.8239656499	155.0701078956
-2.8395016611	3.4921554338	155.0505068844
-2.6868488808	4.0975414345	155.8316630268
-1.7460472560	4.4187106886	155.9400263642
-1.8652539624	3.9320082189	155.0746302310
-1.2367986424	3.4450992592	155.6812302440
-1.4465386062	3.5984154593	156.6468923434
-2.2460228758	4.1612442616	156.8567700272
-3.0405518461	3.5632885111	156.7510693375
-3.3612667392	2.9516474073	157.4742823887
-3.3476439060	3.1618914144	158.4518364158
-2.7160753942	2.7706450172	159.1211998982
-2.7306439140	2.2831149721	158.2482152401
-2.4922743705	1.5764696477	158.9144226749
-2.0765300522	0.7715944945	158.4909458163
-2.6106636092	1.2874740716	157.8211924249
-3.1861113158	0.8576978963	158.5170030142
-3.6478526023	1.7444916408	158.4972080895
-3.4348615868	1.9069463115	157.5337542467
-2.7312508796	2.2880019813	156.9339804984
-2.2051453488	3.0849821012	157.2306885348
-2.6739196867	3.7904812260	157.7622161494
-2.5503683549	3.8495217125	158.7527964285
-2.0649255974	3.0985317897	158.3051811191
-1.7542830285	2.3566807915	158.8994523457
-1.5873022246	1.7973355392	159.7113946466
-0.7612921750	2.1043004587	159.2386580009
-1.2702243905	1.3534418857	158.8177074058
-0.4105947194	1.0419014080	159.2226510553
-1.2244077574	0.6573458200	159.6583405535
-1.1293456242	0.2498255139	158.7501057870
-1.8084881535	-0.3092171386	158.2744622886
-2.7604348931	-0.0420566463	158.1247202564
-2.3683984213	-0.5105270178	157.3329861370
-1.9699576265	0.3955487882	157.4753643900
-0.9984078626	0.2569719274	157.6674256042
-0.5277047854	0.9780311123	158.1758666186
-1.3767983938	1.2358374144	157.7148070186
-1.9984236028	1.4784865685	156.9700228300
-1.8593908121	2.1837806142	157.6651704346
-1.1798582684	2.8809185366	157.4366223231
-1.5312652628	3.7749604791	157.7144750347
-1.0988713387	4.5037911434	157.1835877046
-0.8486058640	4.4362789707	158.1494082359
-1.8245049289	4.5967534747	158.2972897717
-1.4780663474	3.9958490694	159.0176328879
-1.2053431505	3.1287360305	159.4344506366
-0.9926692440	3.2196141326	158.4615626780
-0.2397469502	2.8327126484	157.9291950784
-0.9217939155	2.1493194454	158.1895518861
-0.1436058087	1.8018611817	157.6663922303
-0.4186310168	1.0382069910	157.0822745949
-0.9676492645	1.8717949905	157.0213647378
-1.6458286902	2.4506056282	156.5685392612
-0.7316573438	2.8285155394	156.4219962697
0.0942912242	2.5597936863	156.9175742442
0.2415782595	3.3055359685	156.2678243094
-0.4784947899	3.9987422286	156.2368423083
-0.3901956286	3.5988802340	157.1491545594
0.5684447386	3.4361252637	157.3826485980
0.0849363147	3.8340075761	158.1623339637
-0.3646581234	3.8686126323	159.0548961920
-0.0860779960	2.9096532938	159.0020747978
0.1335371342	1.9963600415	158.6590520143
0.4807420634	1.0599624238	158.6079810966
0.4829375896	0.8787595797	157.6245378044
0.6930664439	1.7065735339	157.1043744437
0.7452951697	2.4254308074	157.7975673322
1.2356288648	1.5963250671	158.0661870242
1.6411950366	2.0987896715	157.3026129272
1.1145764290	2.6636534840	156.6673163702
0.7805614932	1.9594142126	156.0408332728
1.3518793973	1.2508816898	156.4550524377
0.3905059623	0.9805877909	156.4030685304
-0.2371547940	1.7456326974	156.2590259462
-0.1993738946	2.4513843354	155.5515747260
-1.1961201501	2.4078049543	155.4837680915
-1.7928587384	1.6618945242	155.1879291362
-1.3528453743	1.5474749403	156.0786010165
-1.3402129236	0.7058831880	156.6185674447
-1.5124334165	0.5554836241	155.6450582907
-0.5697971198	0.7873435702	155.8852202729
-0.6916726024	1.5018875679	155.1963275076
0.2836548783	1.3204818820	155.3221380092
0.9809617323	0.6436747821	155.5581365279
