0.8405760284	-1.7339658802	-34.1348955644
0.5373814506	-0.9014118044	-34.5984975045
1.2596196568	-1.3607170371	-35.1156151669
0.6145072182	-0.9974366658	-35.7878184944
0.9787466957	-0.1859021111	-35.3309363766
1.0950564513	0.0103850294	-34.3573125277
1.7814776080	-0.0967658563	-33.6380457599
1.6310943868	-0.9459706172	-34.1442435088
1.8760572065	-1.8814282229	-34.3990224029
2.3538097762	-1.1385372020	-34.8679204870
1.9834217680	-0.2098354379	-34.8498717554
1.5813114544	0.6854801686	-35.0414892401
2.2517850464	0.6983217923	-34.2996669871
3.1876763600	0.4226138370	-34.5189671752
3.1534427097	1.2450226916	-35.0868331216
2.5787460557	0.4894658069	-35.4012493263
3.0304625896	-0.3808194171	-35.2048930128
3.4142297413	-1.1640801797	-34.7157863258
2.8615934326	-1.5999646319	-34.0054358105
2.3596229295	-1.0030670215	-33.3795453595
2.6991253699	-0.4355931412	-34.1296863384
3.4366148858	-0.8072630050	-33.5657974075
3.9046938381	-0.3057236831	-34.2933689868
4.1924563665	-0.4891399822	-35.2333430229
4.0696878914	0.4924175738	-35.0868074787
4.5643028591	0.2950559262	-35.9332142448
4.7628435475	-0.6634335525	-36.1378590943
4.2790487277	-1.4421508042	-35.7384319868
3.5615507875	-0.8043562210	-36.0184583702
4.0496448662	-1.1618907307	-36.8146576196
3.0781544774	-0.9915109343	-36.9795125542
3.2693970861	-1.8507154399	-36.5049665795
2.5588578201	-2.5054728618	-36.2472328605
2.0230721779	-2.0439546041	-35.5401722949
3.0057539656	-1.9467984200	-35.3823838924
2.5650758900	-1.2718241412	-35.9741714865
1.7719837498	-0.6960367541	-35.7754914874
1.7037157903	0.2599789984	-36.0607516609
1.4804091981	1.2156704814	-36.2525535254
1.3743098426	1.6676360871	-35.3668504047
2.3376407518	1.6042123118	-35.6275628596
2.2162493234	1.8987331599	-36.5754666475
3.1929434635	1.7145339568	-36.4652885625
3.8470364800	1.2023640339	-35.9086519702
3.4221661371	0.2993314448	-35.9720344176
2.6235853991	-0.2513202020	-36.2150397034
2.0156243605	-0.6535934240	-36.8995538598
2.0528864900	0.3268059210	-37.0930187351
2.5288378134	0.8610106554	-36.3943803168
2.7207238121	1.1929995082	-37.3179403664
3.4299390049	0.8157797052	-37.9135232997
3.2088686022	0.1329762554	-38.6098761743
2.4727711439	0.0465513532	-39.2812116107
2.6689587982	-0.7821541851	-38.7570384189
3.1558881755	-1.2034313162	-37.9919074756
3.6341886296	-0.3772313426	-37.6942125323
3.1169704253	0.1633515104	-37.0306950056
4.0283918314	-0.1054334657	-36.7191413873
4.7690722074	-0.4809705384	-37.2762450470
4.3129010398	-1.1512117902	-37.8616376762
3.8367673693	-1.8160651601	-38.4371954268
3.6621603794	-1.9622110160	-37.4634635398
3.0363182100	-2.6989596263	-37.2074888063
2.5066444288	-2.1277529481	-37.8345203975
2.2570167877	-1.7258202077	-36.9535345219
1.4982401756	-1.4889536122	-36.3467789955
0.9059120693	-2.1201969454	-35.8461001874
0.6713594619	-2.0303332335	-36.8140410883
1.4717357671	-2.3939418704	-37.2906819691
1.4813298080	-2.0303025461	-38.2221723857
1.9927786387	-1.5763458599	-38.9517910673
2.2508060804	-0.9853695661	-39.7161004676
1.4871052818	-0.4079003969	-39.4274996206
1.7643084831	-0.2491605656	-38.4798920799
1.1446714822	-1.0339843409	-38.4698109648
0.3291009960	-1.1498210008	-37.9028659496
0.3144561600	-1.0061001661	-36.9133560454
1.0645133050	-0.4390462613	-36.5729678140
1.0133174998	0.5046551069	-36.8997807839
1.5838522525	1.2203410968	-37.3026252448
1.2200452784	0.5969968516	-37.9947859469
1.1163328255	-0.3281642654	-37.6296549639
1.2935864937	-1.2683828668	-37.3388455439
2.0793510738	-1.1466197050	-37.9452676387
2.5915350961	-0.3003661900	-37.7985620983
2.3147874245	0.5987649443	-38.1376401565
1.8458478855	1.4551635174	-38.3536892084
1.6147475525	0.7407402357	-39.0141375490
2.1075443075	0.9304153387	-39.8633576110
2.6802441931	1.0957259530	-39.0604334291
2.9437244754	1.7110812170	-38.3175229097
2.8121784603	2.2470582301	-37.4836018779
3.6857314712	1.7613752647	-37.5154953595
3.7982527233	0.9533059780	-36.9372540640
4.3900938517	0.4640423302	-37.5778359570
4.3404934796	-0.0265007972	-38.4478401198
3.7659226390	-0.7798712786	-38.7676858121
3.3474963060	-0.5034303066	-39.6328446373
3.4104220600	0.4927020146	-39.6941695774
3.7963754350	1.0037255636	-38.9261234039
