-2.5704913331	4.0294824326	32.0408001246
-2.2224095127	4.4476097480	31.2017479246
-2.1621183574	3.8989331118	30.3678900677
-2.4167262567	3.5533435168	29.4647053417
-2.5524350830	4.5423573683	29.5233117915
-3.3187985826	4.1101830177	29.0480094486
-3.3647066391	3.1121991846	29.0918354596
-3.6284831559	3.4235758618	28.1788915872
-3.9243659633	2.4699908148	28.2348283587
-3.4751400462	2.5692956688	27.3469462599
-2.8047654912	3.3054705258	27.4399222568
-2.8712793866	2.6729421577	28.2115982025
-2.3767497747	2.5335377765	29.0695066367
-3.2144497899	2.0009008817	28.9488558063
-3.1474343558	1.6850819304	28.0024059547
-3.0127582314	0.8037787828	28.4553597090
-2.0551436398	0.8005020363	28.1673257580
-2.2542629007	1.3073595156	27.3286082754
-2.3308019636	2.3033783104	27.2829100017
-1.8637912417	2.8788940100	27.9542390306
-2.0949127750	1.9425231375	28.2184215925
-2.3103025318	1.3902831520	29.0238024037
-2.4003604664	0.4210081348	29.2527030576
-2.5902623482	0.5199060902	30.2295123889
-1.7629582814	0.9644928311	29.8861312436
-1.2104931875	0.2779694058	30.3588551658
-0.5754334485	0.8740146324	30.8502096365
-0.1834237360	1.0921553127	31.7439338830
-0.8296467141	1.7842550852	31.4223848704
-1.3242273990	1.0513682204	31.8895751844
-1.5957917254	1.1293239693	30.9303172849
-2.5696326009	1.1094855143	31.1566806759
-3.3103681870	1.4785805780	30.5953611364
-3.1961038567	1.1679037369	29.6517385619
-2.4643420997	1.7305377329	30.0364042836
-3.1392691421	2.4557859288	29.9004317061
-3.1547159627	3.4082676960	30.2046353861
-2.7831983588	3.4694467747	31.1310433903
-2.2660441860	2.9841685844	31.8360658294
-1.3398521756	2.6076801450	31.8154547934
-2.0485267665	1.9247709300	31.6382110957
-3.0422677915	2.0308010902	31.6030488933
-3.5027190648	2.6010537051	30.9227573527
-2.5105490603	2.5139097635	30.8332888348
-1.6079919825	2.1269129792	30.6445450661
-1.9048411087	2.8413519388	30.0109382721
-1.5270133308	3.1440229658	30.8859447976
-1.4965120981	3.7649962188	31.6691828801
-1.2073629727	4.1644212126	30.7992102038
-0.5516057816	3.5237533809	30.3998015962
-0.5659291288	3.2945043210	31.3730640018
-0.5687776012	2.5444744758	30.7116661507
0.0362843422	1.7540612979	30.8073063775
0.2433809643	1.0186504922	30.1621072332
0.4120447510	1.9398137369	29.8113782727
0.1776420339	2.9097229781	29.8771918731
0.4929431285	2.7504925170	30.8127296222
0.3485442168	3.7302035242	30.9517091050
-0.2222230534	4.5399976743	30.8158483024
-0.7008322329	4.5722343775	29.9384122373
-1.3405589567	3.8307014410	29.7362276113
-1.4521625657	3.1675699755	28.9960916144
-0.8677339425	2.7312975343	29.6802769266
-1.5420038319	2.0087665956	29.5276035536
-0.8058310734	1.6179155248	30.0801296707
-0.6671076961	0.8367646628	29.4713939683
-1.3014873543	0.3082482311	28.9072726774
-1.1337514823	0.2719047831	27.9221108476
-0.6067451291	0.8136622292	27.2673107458
-1.1886778477	1.4530749181	27.7698102228
-1.2640749785	1.3621679539	28.7628113288
-0.4898411044	1.8968117425	29.1015116794
0.3172068624	2.4407284039	28.8716677220
0.5756677683	3.4054879907	28.9210326882
0.3215970344	4.3721650521	28.8896715499
-0.0675564480	3.9088906564	28.0934703182
0.4038488821	3.0472264465	27.9055559649
1.2754088328	2.8131021715	28.3363332579
0.8216458254	1.9833362047	28.0113908425
0.4091340063	1.1012722851	27.7838007704
-0.3910887359	0.9856232406	28.3722469118
0.2832109452	1.1493101983	29.0923347675
1.1242586736	1.6853516607	29.0195455564
1.2651477095	2.6013493408	29.3951763985
1.0947359195	3.3965184934	29.9771264313
0.3949318202	4.1080055577	29.9134053197
-0.3490651530	3.7181895951	29.3707157040
-0.7943960097	4.4461910160	28.8494726137
-1.7545480001	4.1737519225	28.7871420783
-2.5279894715	3.6527402569	28.4261225019
-1.9778555463	3.9890521431	27.6617619983
-1.1259428840	3.6781775078	28.0831902569
-0.6183089607	2.9539665558	27.6164716084
-0.4677616468	3.0302189769	28.6021292947
-1.1346471246	2.3118834827	28.4039932879
-0.2441678635	2.0217897945	28.0534332536
-0.3681963286	1.9098760722	27.0674858622
-1.2950695494	2.2850701312	27.0791241930
-1.4755018278	3.2670396085	27.0227314762
-0.7024086892	3.8971052045	27.0958364949
