0.9634892190	1.7950639086	-4.4965594908
1.1012640247	1.7717387324	-3.5063706002
1.0875222019	2.2937111823	-2.6535189578
1.2030468605	2.8403647325	-3.4828704812
0.2400137858	2.6179120387	-3.3309425511
0.0324258656	1.8396256542	-3.9235449129
-0.2883821671	0.9753623439	-3.5360773188
0.5744249018	0.9151042205	-4.0380065173
-0.1620534601	1.0944282936	-4.6902660510
-0.9216014130	1.6662528582	-4.3802602856
-1.6154834514	2.1504191835	-4.9132806288
-1.0693122198	2.9879522051	-4.8979371074
-0.2695051114	2.3933314911	-4.8158713060
0.5580907148	2.7452208012	-4.3785395533
-0.1450257808	3.4543884751	-4.3264972244
0.4452348884	3.6626721233	-3.5466188593
0.1685025734	4.0465870779	-2.6656940422
0.9091925477	3.3795562133	-2.5853934340
1.0823739529	2.9749199852	-1.6874637464
0.3852630837	2.8894022964	-0.9756188469
-0.3413653715	3.1800755008	-0.3531076612
-0.6019920662	2.2910892206	0.0234253647
-0.3597901245	2.0918834351	-0.9261299388
-0.6931603129	2.9258857531	-1.3657939595
-1.3762682125	2.8250269081	-0.6424744651
-1.1081443735	3.7643192949	-0.8565758877
-2.0948660919	3.6814934874	-0.7168614073
-2.7422729138	3.0042017924	-0.3673755466
-3.4816817249	2.6761521082	-0.9553024252
-4.1648041720	1.9778818672	-1.1692238896
-4.0723602670	2.4269804747	-2.0579108790
-3.1148302121	2.6877812201	-2.1808708935
-2.7940769355	3.3877065840	-1.5427315510
-2.2471935773	4.1862830746	-1.7941160794
-1.6538364015	3.3871268257	-1.6978012218
-0.7876105052	3.8287636238	-1.9314882670
0.1615506035	3.6695554088	-1.6599262408
-0.0779668625	3.0179306997	-2.3796599567
-0.6216820566	3.4697273907	-3.0869459934
-1.4761877969	3.8426790396	-2.7253840935
-2.4317531658	3.5507396769	-2.6845645628
-1.8331559651	2.9977356676	-3.2641057235
-1.5924032661	2.1888963246	-3.8005915623
-0.7392414479	2.7023992926	-3.8924044910
-0.6632644917	2.0407645115	-3.1464373881
0.2003206672	1.6341914893	-2.8482444122
0.6783511405	0.7582975082	-2.9137928723
0.9238184090	1.3717885395	-2.1632100490
0.3726876914	2.1341670134	-1.8240434310
-0.5982577140	1.9977339193	-2.0206420845
-1.0878510387	2.7663814404	-2.4323207999
-2.0696083456	2.6502997539	-2.2817298562
-2.4119347844	1.7107654750	-2.2723517911
-1.5870846290	1.8608923451	-2.8174060490
-1.3435657963	1.1605540821	-3.4883940485
-0.8670027379	1.1164228451	-2.6103621099
-0.0631408286	0.9991115038	-2.0272291233
-0.5784599802	0.9913188513	-1.1702662031
0.3349660652	1.2722896046	-0.8758034797
-0.3431717373	1.2146595353	-0.1431317278
-0.9051004120	0.4152621652	-0.3557346659
-1.3657809903	1.0328629037	0.2817155146
-2.3256744101	0.7527685349	0.2940348969
-1.8256009562	-0.0548150650	-0.0185915093
-1.6462808907	-0.1081561855	-1.0009351554
-1.7809806774	0.8359375645	-0.7000315851
-1.2617048924	1.6878656072	-0.6324204225
-2.1958281812	1.8313492695	-0.3055777694
-3.1440438350	1.6644322489	-0.5758105991
-2.8328064367	0.7147667543	-0.6114017534
-3.6202028695	0.8584767027	-1.2108634355
-4.0319947251	1.3068562200	-2.0042002342
-3.2523775562	1.8085182031	-1.6293238216
-2.3927640142	1.4416821486	-1.2736612462
-2.4236876642	2.4401173029	-1.2270675703
-1.4931602663	2.2353703058	-1.5307078654
-1.4139053080	1.2503788868	-1.6840393887
-1.1023685205	0.3181811610	-1.8683006977
-1.7935512748	-0.2820484791	-2.2707814792
-1.1917493046	0.1351343464	-2.9518048846
-1.8564790118	0.7789886618	-2.5728774024
-2.1799049246	0.5115402158	-1.6652062022
-2.9903660982	0.8677817568	-2.1302273314
-3.7708256460	0.2460045833	-2.1956187736
-2.9365753533	-0.2242306527	-1.9076860176
-2.6587833293	0.1099246524	-2.8083367954
-2.0786283999	0.3176238284	-3.5959161946
-2.9719379308	0.6006819044	-3.9450239252
-3.4843110684	0.8004002905	-3.1098075856
-3.3900553044	1.7360867767	-2.7697978054
-2.6577091921	2.2997976981	-3.1517653025
-2.4882959101	1.3175754002	-3.2326262775
-2.1611224340	1.3227400892	-4.1775764574
-2.6134619523	2.2122070973	-4.2426717837
-3.3320636755	1.6566889681	-3.8243284182
-3.7030346538	2.5007874339	-3.4371872123
-3.4872206991	3.3721041920	-2.9964702464
-2.7808750661	3.2257102210	-3.6890340717
-2.0105368788	3.1553788643	-4.3227789552
-1.2452960635	3.6768773198	-3.9453589565
