-3.5261542800	-0.9699953018	119.4369935643
-3.4266258315	-1.7291811436	118.7937743593
-3.4103432804	-2.0886450651	119.7267912765
-2.8283441647	-2.7923768902	120.1342695553
-2.7190587887	-3.7844134322	120.1968811030
-3.0619415631	-3.5477888071	119.2877935441
-3.7422168689	-2.8827435234	118.9796697396
-3.7654463587	-3.4517075522	118.1576354795
-2.8407403634	-3.8230321513	118.2415214993
-2.0681021080	-4.0602251780	118.8303929576
-2.0039953314	-3.2887053287	119.4633601316
-1.7859445632	-3.2087293038	120.4360151053
-1.8619681173	-2.3387785377	119.9487717535
-1.0352927564	-2.1747065600	120.4869986886
-1.8770293189	-2.0711796347	121.0168682339
-1.7227893172	-1.3510100843	120.3404321020
-2.6552602945	-1.6983288327	120.4397677127
-3.2943323661	-0.9327260915	120.5135195266
-2.4878279852	-0.6905231611	119.9741787957
-1.6441247667	-0.7546854244	119.4412171807
-0.9112696914	-0.6694397219	118.7661937672
-0.1623079453	-1.2027944605	119.1593718764
0.6069290926	-1.4270247674	119.7576988348
0.0624845767	-2.0627131735	120.3049468767
0.4076099836	-2.9751068150	120.0848871202
-0.0541301186	-3.3819684899	119.2966868566
0.6406179723	-4.0159244370	118.9569443844
1.1503632425	-3.2268240128	119.2996983488
0.5976645695	-3.0309411202	118.4896649734
0.6629738065	-2.2877350586	119.1555324179
-0.3092958239	-2.3588210903	119.3783295046
-0.9580215682	-3.0049355510	119.7804377144
-1.0768597615	-3.5634621589	118.9595080510
-0.3428655081	-3.8241118205	118.3323603890
-0.5038553769	-2.8461656987	118.4654154337
0.1297711903	-2.0957542109	118.2772666299
0.2756463394	-2.6878667251	117.4847243840
0.6083063892	-2.3314579169	116.6116206944
0.6690012760	-1.3399294987	116.4967837383
0.6717615218	-1.6285180017	117.4542329834
1.2004834407	-2.1243890565	118.1431197880
0.7785759006	-1.3064760361	118.5342876787
-0.0855652908	-1.0622334269	118.0942813729
-0.5146136002	-1.7579224595	117.5181439603
-0.1680590922	-0.9748919735	117.0016526912
-0.8450971967	-0.5591001864	117.6088895434
-1.7279230816	-0.6506700602	118.0695775238
-1.5201638147	-1.5145469190	117.6107171313
-1.4159131356	-2.1550872381	116.8499018479
-0.7452851938	-2.8143924778	117.1898647351
-1.3023154516	-2.4628916451	117.9423037403
-0.7925486222	-1.8089008999	118.5012615963
-1.7145527682	-1.4676029142	118.6840840226
-2.5543562815	-1.7366337737	118.2125413885
-2.6598684373	-0.8979243998	117.6782813666
-2.5776802244	0.0117249451	118.0854461576
-1.8652670600	0.1011011364	118.7814916874
-1.1213836551	0.2892280737	118.1402072456
-1.7689266773	0.2977057273	117.3782255110
-2.0331248388	0.2386420799	116.4155673074
-2.7905966904	-0.0157330594	117.0168406915
-3.6600834145	-0.3011718607	117.4199753185
-3.4670283407	-0.5976931495	118.3552853547
-3.6470894599	-1.3596684048	117.7332148574
-3.2078660550	-2.1117415415	117.2418201101
-3.2705242039	-3.1087442406	117.1964375765
-4.1454322602	-2.6266092869	117.1508110542
-3.9153738381	-2.3409258268	118.0811110505
-2.9906117206	-2.7165333873	118.1422174061
-2.6727128387	-2.5428442473	119.0742970075
-2.4971900382	-1.6038482842	119.3700643620
-2.5725780233	-0.7295054460	118.8906467435
-2.7893705984	0.1393391901	119.3357422139
-1.9324005946	0.3173946374	119.8193729307
-1.0108475796	0.1321845378	119.4781438879
-1.1896901253	-0.3429620264	120.3396838385
-0.6340682787	-1.1594547262	120.1827633657
-1.1098310642	-1.7155935614	119.5013241770
-1.4375752750	-2.5023754555	118.9782964690
-2.0485414531	-3.0626959555	118.4190458396
-1.3388046231	-3.5083583620	117.8734648175
-2.2170806752	-3.4532508053	117.3984970991
-2.2026143667	-2.4562853027	117.4749857423
-2.3115155935	-1.6382676113	116.9101958882
-3.1086462750	-1.0611743807	116.7325837265
-2.8462293367	-0.4183491070	116.0129219879
-2.0012477995	-0.9530690634	116.0039347725
-1.1901593314	-0.4570657792	115.6939085815
-1.0470084973	-0.1418414960	116.6320671448
-1.8175999726	-0.6681067517	116.9915579776
-1.0773587393	-1.2139373763	116.5989871612
-0.3849201929	-1.9205944963	116.4535066674
-0.9113253222	-2.6430895891	116.0052896655
-1.6071943870	-3.1322788332	116.5310844239
-2.4937945076	-2.6741634325	116.4672839087
-3.4483813640	-2.4750551103	116.2456540151
-2.8205426594	-1.7510547284	115.9599233589
-1.8568616226	-2.0063213654	115.8814516875
-1.0150120595	-1.5535750400	115.5876659185
-0.2253878530	-1.0149972226	115.8816515423
