0.5542075683	0.9257476577	191.6114326037
-0.3546699768	1.0964044947	191.2308831956
-0.3061991507	1.8196589703	190.5420047284
0.5860624940	1.7932831746	190.9927524126
1.4708790645	1.5822339725	191.4081532683
2.1233776822	2.3307223974	191.5265197822
1.1749635860	2.6325214500	191.4294217177
0.3043170779	2.8394515740	190.9831543296
-0.3566330755	3.4920716579	191.3536025997
-1.1052675149	4.0250702512	191.7478854620
-1.7094180595	4.4178599562	192.4412240281
-1.2497762265	3.9533449197	193.1981620482
-1.6729731785	3.3637097022	192.5102415222
-1.0357329684	2.8817006844	191.9089161350
-1.4729220460	2.1700771063	192.4588775823
-1.9578559153	2.0326558286	193.3225641776
-0.9671624687	1.8989956994	193.3482831341
-0.9681255174	2.8749724552	193.1304105914
-0.5165430837	3.5346814049	192.5296965103
-0.5653127060	4.5308082928	192.6028589805
-0.7010580441	4.8528287268	193.5398093758
-0.1881752984	3.9977232299	193.4640078030
0.1798468752	4.6307849656	194.1450309440
-0.0985372278	4.3937933419	195.0758033445
-0.9146756019	4.3217707396	194.5024527546
-1.7890993763	4.0689287037	194.0883827512
-2.3341420637	3.9042816840	193.2663001350
-1.8887301161	3.0772532888	193.6092756889
-1.3625334084	2.5055877472	194.2388116556
-0.8653947209	3.3555295796	194.0643066219
0.1213450824	3.3891799621	194.2230901613
0.8075685178	3.9632676912	194.6697675349
1.3409499778	4.5223359419	194.0349865419
0.9284263149	3.7121368936	193.6185712087
0.5548568554	3.7822637421	192.6936235972
0.6502059292	4.6700406357	193.1439132166
1.0329822222	4.6891102132	192.2202689882
0.1787685266	4.3372983821	191.8374538920
0.8647895686	3.6280882770	191.6749849514
0.2542716733	2.9306454740	192.0502734219
0.5718713050	1.9830570572	192.0850105233
-0.2869496811	2.0872478340	191.5834421872
-0.3426349386	2.2642051659	192.5660841641
0.1087002004	2.9347227511	193.1548988720
1.0321776610	2.8050981066	192.7938077045
1.7546694965	3.1599355416	192.2004309758
1.6322804297	3.9439967760	192.8089282207
1.9058238017	3.1230907653	193.3102139128
1.6728837105	2.3731998516	193.9294089802
0.6841966190	2.5207669871	193.9025430975
-0.3118923791	2.4866037490	193.9840267224
-0.5376971536	2.1857977972	194.9105945738
0.3501168527	2.6459434857	194.9033671547
1.2570593975	3.0024628778	194.6789810066
1.9381316697	3.5939648246	194.2473955493
2.8261834644	3.4412680909	193.8137508591
2.7484419865	2.4762713522	193.5632761961
2.4902812312	2.4061271408	192.5997240107
1.5961995370	2.0155117422	192.3805493439
1.1336641253	1.7474843559	193.2256660891
2.1174823837	1.5981288772	193.3246336360
2.4054382899	1.7526081457	194.2697355097
2.3686153115	2.6646830155	194.6781023793
1.8692085958	2.7683295212	195.5382479101
2.3420282963	1.8879876880	195.5003033773
1.8558882789	1.1336722869	195.0590821638
1.3672834262	1.2645243069	194.1964449012
0.6442164139	0.8073310387	193.6786144160
1.5569508943	0.6169249566	193.3171434044
1.4728703889	0.9535819304	192.3792774488
0.5204148851	1.0616469503	192.6641466554
-0.4083579591	1.2126547802	192.3256534662
-1.3476401623	1.0585136329	192.6322304541
-1.5842076389	1.0090573968	193.6025860125
-1.1971558440	0.1155763673	193.3748085818
-0.9660542599	0.3968762873	194.3061852043
-0.7199343668	1.3619095038	194.2159860397
-0.4484692587	0.9234171877	193.3592298411
0.1089005229	1.7523799396	193.4057022258
0.3174531429	1.6652515278	194.3798246229
0.6105061783	0.8227633791	194.8318574067
1.0079488480	0.9976353412	195.7326676648
1.3942489407	1.8557315250	196.0709621781
1.1888793324	1.9773474467	195.0998633718
0.2962766374	1.7883151232	195.5091642508
-0.1844335092	2.6123478454	195.8089772387
0.8091844755	2.7012690498	195.8783769489
0.3816655750	3.5508087335	195.5693301636
-0.4736855894	3.3540937280	195.0900832625
-1.4616447287	3.3852069780	194.9385289660
-1.2461962048	2.6975842735	195.6318953552
-0.8721240965	1.8045477768	195.8820070773
-1.3530949994	1.4231970117	195.0925524652
-0.4203612947	1.0746282725	195.1847894973
-0.0874904572	1.0248440928	196.1264468347
0.1230139677	1.8980213873	196.5660481308
-0.6352712796	2.5123438764	196.7842484127
0.1999019879	3.0588630758	196.7225849876
-0.5389042180	3.4918891911	196.2061996919
-1.0480969240	4.1403765130	195.6403490212
