-0.5028299200	-0.9148866225	237.1711101214
-1.0189129067	-1.7534042446	236.9963344134
-1.1770855637	-1.9780451816	237.9578529312
-1.3722471056	-1.0117560953	237.7899321931
-1.1755698287	-0.0423782283	237.6428791423
-2.0903549601	-0.2683350513	237.3080483230
-1.4483681065	-0.7333716483	236.6984633467
-2.0705656583	-1.4143076015	237.0847228891
-2.7377398519	-1.0334489466	237.7248988652
-3.1226946325	-1.8176322390	238.2115880687
-3.5262450962	-1.9820454481	239.1116521330
-2.5600045847	-1.8825841127	239.3493214763
-3.0690174246	-2.0595465931	240.1916932525
-2.2597134464	-1.9799952785	240.7736714816
-2.1563525155	-2.6304527597	240.0211945164
-2.2040641971	-3.0467188147	240.9291846964
-2.4460950801	-3.9861847220	240.6866463269
-3.0828865246	-3.2612114895	240.4241382918
-3.0343553129	-2.9046916922	239.4911118423
-2.6093066454	-2.7055402953	238.6081212696
-1.7263150479	-2.3962555124	238.9612059077
-1.2142085015	-2.9148263567	239.6459183762
-1.4109648613	-3.5074879465	240.4269684225
-1.3922718126	-4.4641922553	240.7174291523
-1.7140371818	-3.8763363919	241.4596505013
-1.2955079128	-2.9682999005	241.4770568587
-1.2711886025	-2.4658937761	240.6127671751
-1.5905390847	-1.7829434444	239.9558089465
-1.1186646696	-0.9178105505	239.7858689216
-1.9963293605	-0.9168373587	239.3065947379
-2.4760414022	-1.1399885081	240.1551699682
-3.4009912865	-1.1124696725	239.7760783894
-3.7634540318	-0.4037274379	239.1708468609
-2.8211595976	-0.2694882201	239.4775405708
-2.9448971063	-1.0204679147	238.8289123821
-2.9874690475	-0.1023507358	238.4348965502
-2.0498548729	-0.4466280277	238.3863908201
-1.1152549339	-0.5051823268	238.7372388614
-1.0361071526	0.4825171363	238.6023856104
-1.9915977357	0.6202804532	238.3415043844
-1.9020418427	0.1806545297	239.2352094753
-1.8604329716	-0.2462291559	240.1385582567
-1.0356585812	0.2233165753	239.8234804706
-1.2718844405	1.1111654522	239.4286112325
-1.8929483334	0.8216887706	240.1569537974
-1.6078541565	0.3413452600	240.9864062808
-2.5757525337	0.2096198966	240.7723475037
-3.4065471619	-0.2477124575	240.4551292766
-2.9216526508	-0.8587860599	241.0808020070
-2.4377646431	-1.4486859181	241.7272310853
-3.1356808477	-2.0558792313	241.3474558207
-2.3762097332	-2.5170494642	241.8062865549
-1.6486303634	-2.1731608808	242.3998932452
-1.6145409535	-1.1737763848	242.4081722105
-0.6726475451	-1.4938124732	242.3061246268
-0.3751382176	-1.0314488356	241.4708354154
-1.0930070759	-0.3961992835	241.7556551984
-2.0795105762	-0.4121007015	241.5926889786
-1.7196588826	-0.9792184304	240.8518217570
-0.8779117745	-0.4623738741	240.6958297355
-0.1076674960	-0.9487625786	240.2833375785
0.1394046838	-1.8284403473	240.6896900872
-0.8194884535	-1.5451535172	240.7061983632
-1.4219342130	-1.7576873715	241.4755412437
-0.5306166913	-2.2097438980	241.4409295039
0.0511211520	-3.0191887758	241.3610541552
-0.4242518199	-2.9475677164	242.2379184329
-0.6621942026	-3.8052799569	241.7821628680
-0.4838447005	-3.8568707153	240.7995490838
-0.4422604697	-4.6239908623	240.1593948588
-0.3039431775	-4.4793790856	239.1796215377
0.4755055391	-4.1819032513	239.7309543104
0.4447256919	-3.3919957275	240.3434073329
-0.3055528013	-2.7308785890	240.3459196846
-0.5796314546	-1.9842358428	239.7397798482
-0.6384913557	-2.3471869144	238.8098325209
-1.1885756552	-1.5166197141	238.8968117665
-2.0731577238	-1.5033326434	238.4306165095
-2.1663161267	-2.2126616821	237.7319221364
-1.5312763170	-2.9387883104	237.9954834379
-0.8070277291	-2.8192761846	237.3163804746
-0.1390624923	-2.8903043270	238.0571756186
-0.1289136043	-1.9763366021	237.6515156651
-0.3849485077	-1.2054186316	238.2347236991
-0.2164394068	-1.0765933881	239.2119691849
0.4561599624	-1.6734244403	239.6494652233
0.3233229034	-1.9607407555	238.7008854160
0.2181557126	-2.7189430773	239.3443674292
0.2289011208	-3.5818987808	238.8392021196
-0.7547931764	-3.4134996402	238.7760573728
-0.4405491180	-3.5749417723	239.7115717285
-1.2740641102	-4.1075520980	239.5646738090
-1.2783814552	-4.3007792576	238.5835292603
-1.8362987144	-3.4943279623	238.7793981968
-2.2352082493	-3.6328818854	239.6858605475
-3.0831142934	-4.1626671498	239.7054287334
-2.9253731688	-3.7367097568	238.8145426368
-2.3037800130	-4.5009488453	238.9864744962
-2.1221424934	-4.7410358334	239.9400813595
-1.3722297181	-5.1452977808	239.4164372939
