4.2830898269	-1.9935790366	-129.3864397356
4.1048446823	-1.2125981659	-129.9850193444
3.1556994390	-1.0078753258	-130.2242093645
3.2130171302	-1.6329062496	-129.4457165729
2.9475188876	-1.4160426464	-128.5063120484
3.3528465943	-1.2229082489	-127.6127749452
3.1942470797	-0.3050999424	-127.2488050200
3.6310526304	0.4446366202	-127.7458925351
3.3461082991	1.4028845773	-127.7697164860
3.7638802291	1.1265042245	-128.6352108621
4.1029183264	0.1873903405	-128.6910524377
3.2314672967	0.3187558845	-129.1636158692
2.7654871292	0.0314913405	-130.0004799951
3.7460524185	-0.1598642546	-129.9571816162
4.6614262216	-0.2224477913	-129.5594705384
4.9844692105	-1.1397098114	-129.3265035580
4.8580401892	-0.5848319240	-128.5042346041
5.4517343479	0.1523729558	-128.8268120538
5.2560483443	0.6675097341	-129.6612825971
4.8215733265	1.0506220904	-128.8461406577
4.5107422650	1.3243025600	-127.9359302140
4.7124576399	0.3494063170	-127.8416528419
4.1423040340	-0.4680904429	-127.7602654154
4.7426800038	-1.2519471140	-127.6017806712
4.1360991567	-1.4193824291	-128.3789711827
3.7735787588	-0.7728594262	-129.0502289333
3.2058215062	-0.3790914497	-128.3273191998
2.3547886457	-0.6434199857	-127.8735863541
2.1978199542	0.0138224142	-127.1364342276
1.5598475166	0.3223905284	-127.8419672798
1.2323732036	-0.6058769396	-128.0182627198
1.8010564708	-0.9737286801	-128.7539830733
1.8123996613	-1.5241921975	-129.5887652293
1.2631817404	-1.5451802795	-130.4241808000
2.1041416750	-1.0059404532	-130.4689780994
1.6635478475	-0.7029900339	-131.3140213661
1.0093281744	-0.4837161710	-130.5902012279
0.9095539472	-0.7805291078	-129.6404922282
1.8339693137	-0.3991419558	-129.6402268199
2.7070421508	-0.7203468321	-129.2733872795
2.3028215594	0.0224295739	-128.7396374092
2.6114358810	0.6039562578	-127.9869197221
2.3991974270	1.1305970690	-127.1637524885
2.3264341265	1.7049056134	-127.9791512854
1.3913237120	1.4638438882	-127.7194249731
1.3961384934	1.9740776578	-128.5794472509
1.5666658748	2.7425966988	-129.1961310400
1.2790724990	2.8022477329	-130.1520242371
0.8141789197	1.9297856798	-130.0014123987
0.9262770928	1.2331990765	-129.2927509112
0.7301480971	0.7730686557	-128.4268332403
1.2496673128	0.0545264177	-128.8892149404
0.9511459557	0.2906549223	-129.8139464305
0.3852673715	0.9776587029	-130.2698052172
1.3796614045	1.0776969032	-130.3040523436
1.0388741056	0.5280325456	-131.0667666485
1.9233787089	0.3841094525	-131.5105433378
1.8814782928	0.1538277419	-130.5383218153
2.3631236467	1.0280404931	-130.5997206643
2.9854878026	0.5939428198	-131.2510439846
2.7552938463	-0.3563081657	-131.0412016459
3.7228219283	-0.1057468631	-131.0079083384
4.4577064894	0.4318713216	-130.5944940556
3.9408299610	1.0773745732	-131.1567788646
3.6809623934	1.8222855215	-130.5423063050
2.7397515721	1.9776008457	-130.8423052049
1.7662566939	1.9835130186	-130.6136728179
1.0418618685	1.6026281240	-131.1882847164
1.9805407209	1.4729142351	-131.5077472637
2.9288682298	1.4661118115	-131.8249674757
3.7245832607	2.0409158847	-131.6340804228
4.2090140849	2.7343996760	-131.1007821874
4.6812397864	1.8540447294	-131.1452575158
5.3724062806	1.2214742751	-130.7957671759
4.6177216066	1.4196680215	-130.1703311026
4.1540842101	0.7577765196	-129.5813149702
3.3999774204	0.8737221129	-130.2277510221
2.8242272298	1.5836895166	-129.8222168020
1.8655625162	1.6917730432	-129.5590060154
2.0759339363	0.7142701514	-129.5437757176
1.8008674911	0.9995802377	-128.6256599268
2.7397347124	1.2423166131	-128.8698061798
2.5025543824	2.2134185763	-128.8963856482
3.2605959034	2.5445663023	-129.4582701881
3.9212654032	1.7941012104	-129.4761015618
4.3068850501	2.5259401027	-130.0379817302
5.2330835390	2.2990291465	-130.3390926349
5.7083004743	1.6547054258	-129.7399133567
4.9309198083	2.0809930911	-129.2773572774
4.2386095934	2.7295473824	-128.9609968856
3.5748862233	2.1542222455	-128.4830091505
2.9578083375	2.5727597445	-127.8166449522
3.1179082409	3.1524944850	-128.6155665075
2.4514845996	3.3595200563	-129.3318206126
2.3564984386	2.5774321926	-129.9477071303
2.2194395934	2.9774682848	-130.8539002653
3.0240968870	2.8562911830	-131.4351426844
3.3197074839	2.8192236157	-130.4805535736
2.8565631074	3.6826827348	-130.2807145480
3.6030972305	3.5293341389	-129.6332803728
