-2.2039680738	-2.1927511059	242.5928188646
-1.7255424079	-2.2675759899	243.4677532159
-1.7422125598	-1.4525146705	244.0468880462
-1.7640372129	-0.5126664269	244.3877824046
-2.6503549725	-0.8783210145	244.1036388640
-2.4989265855	-1.4862489645	243.3242204583
-3.3386315647	-1.9085459390	242.9828104216
-3.1549790042	-1.9678052416	243.9640138012
-3.9601911244	-1.4054596635	243.7758625528
-4.6951765570	-0.7289073301	243.8213966497
-5.2564444536	-0.1933185120	243.1904267881
-4.7665703357	0.1056259604	242.3714911673
-4.1696332729	0.9072143982	242.3379931146
-3.9051956556	0.4406301347	241.4939718639
-2.9209846800	0.4832476568	241.3221798320
-2.4751600025	1.3583217183	241.5105564334
-3.4444115944	1.4688214404	241.7304226722
-3.9388254731	2.2628806095	242.0840113493
-4.2404068818	3.1066808731	242.5279142318
-3.4823478579	3.5162886540	243.0354257904
-3.1458913206	3.0536008164	242.2152325428
-2.7216376716	2.1516544397	242.1346001993
-2.4853718533	1.5317560819	242.8828678581
-2.8682707463	0.7947858469	242.3258550122
-2.6622852937	-0.1761391123	242.4478169607
-2.3557336062	-0.5424163843	241.5692573310
-2.4677831603	-1.2009027644	242.3134619968
-3.3531673551	-0.8742633577	241.9827029823
-3.6987369980	-0.0507492349	242.4325986498
-4.2825228042	-0.8003858017	242.7444305759
-3.3481878064	-0.8553130868	243.0965684822
-3.6119340947	-0.4202816729	243.9574898284
-4.2246544813	0.0945871106	243.3579200963
-3.4164701189	0.6560787459	243.1802541742
-2.7624443366	-0.0361461093	243.4853361727
-2.0511432400	0.4809651823	243.0092619535
-1.0526476180	0.4264016976	243.0038472545
-0.9837405273	-0.3083363562	243.6786893140
-0.7417118735	-0.9324017451	244.4216324620
-0.7634492520	-1.5860384525	243.6651362352
0.0128443270	-0.9906689046	243.4580049224
-0.6728578659	-0.7632514230	242.7665616552
-1.4636868679	-1.3746614417	242.7942614489
-1.8982131800	-0.6282889421	243.2983596299
-1.6131801455	-0.2901974147	242.4014481022
-1.8891328298	0.5509839910	241.9364062130
-1.5246979421	1.2869638497	242.5069505673
-1.6213246508	1.3517965704	243.5001574931
-1.6901044312	0.4828570388	243.9902732265
-0.9860949658	0.1914312233	244.6379163896
-1.1442634934	-0.4514102462	245.3874079252
-1.5903470879	-1.3038652626	245.1147728731
-2.4837942005	-1.6555955773	244.8354199732
-3.4021467154	-1.2653306949	244.7696782053
-4.0908416104	-0.9212162759	245.4078667418
-3.2367029014	-0.7753796333	245.9070448056
-3.5605659350	0.1644362166	246.0159433995
-4.5273893180	0.0295816884	245.7989945524
-5.0881206294	0.4046901020	245.0608386918
-4.3398896078	-0.1435227151	244.6871904007
-3.3988898006	-0.2103862863	245.0189261778
-2.4962012477	-0.6216923179	245.1453410689
-2.5861771707	0.1196276784	244.4802478452
-1.9248215473	0.3247769332	245.2017203135
-2.4331440592	0.0173401126	246.0061398715
-1.4830600725	0.2605499197	246.2015609758
-0.8115190005	0.6889853457	245.5970151345
-1.6283778032	1.2646390496	245.6339544051
-2.5871762943	1.5358230875	245.7185987845
-2.9173865543	0.6908752188	245.2978562466
-2.2987440812	1.2072638736	244.7057209178
-2.6525151899	0.9881783821	243.7964093375
-3.4625191383	0.6424690264	244.2700955680
-3.9731413624	0.7369789661	245.1246906859
-3.6734278545	1.3009054823	245.8942091702
-3.3701193699	2.2424765851	245.7477584225
-4.2947209877	2.0482808206	245.4200392541
-4.7767552187	1.2193883735	245.7039059680
-4.7150223659	1.3994783506	244.7221948827
-5.2444385600	1.6321204832	243.9063541313
-4.3883082509	2.1412646508	243.9947459312
-4.9337341215	2.6457410659	243.3254073276
-4.3073940872	3.2027391153	243.8707983198
-4.6831612672	2.8338652908	244.7209342666
-3.7087983088	2.6100284426	244.6982651079
-3.0689028744	2.8836730777	243.9801756659
-2.7242124413	2.5396909436	243.1067543490
-3.7162546875	2.5062333476	243.2281329760
-3.5133034219	1.6260780093	242.7990206780
-4.5007846853	1.7494874941	242.8972594360
-5.0043979033	0.9075409052	243.0909077462
-4.9038537499	0.5375717901	244.0144951688
-4.1812598958	1.1641738578	243.7225568694
-3.3882379770	1.7490783417	243.8928594853
-3.3818989259	1.5871104747	244.8796351572
-2.6759645182	2.2949869809	244.8558136564
-2.3516187641	2.0204552178	243.9505887436
-1.6464938627	2.1082020730	244.6542217181
-1.1845397718	1.2213008561	244.6563779468
-0.6456808548	0.8803204097	243.8860770947
