3.4948706941	-3.4780652361	205.6576651506
3.3034087104	-2.7933496695	206.3608769975
2.7609271122	-3.0808420422	207.1502196678
2.8788515347	-3.8658368274	206.5420445140
2.2088426414	-4.1140104589	207.2416858018
1.5539207936	-4.3752333337	207.9507979106
0.5617584439	-4.2906113403	207.8588577670
0.6986643045	-5.1245904034	207.3243152452
1.6830802944	-5.1789454020	207.1570708340
2.1842166924	-4.8057110074	206.3763286248
1.2586284088	-5.1187564274	206.1635167494
0.3655540526	-4.7142391175	206.3604531357
-0.2334343392	-4.5816833099	207.1501631232
-0.6572632809	-3.6867189208	207.2894748970
-0.4764643179	-3.9417333450	206.3395910207
-1.0949036156	-4.3849177571	205.6906531101
-0.1742837844	-4.2999611487	205.3095474804
-0.3374304700	-3.3310663413	205.4956281383
-0.5226384120	-2.3710764482	205.7056696182
-1.1231478562	-3.0092941807	206.1874024625
-0.1672303187	-2.9524069366	206.4754745070
0.4933009103	-2.7139280305	205.7635571615
1.4078632157	-3.0998435154	205.6425405181
1.6473967076	-4.0019346382	206.0015047397
1.2112248779	-4.2568409937	206.8645093080
0.3909882752	-3.6935212266	206.9639213572
0.5685732249	-3.7189989041	205.9801457356
0.9241178954	-4.3772868385	205.3166361406
1.8107045054	-4.8340404636	205.2435587231
1.9052491659	-3.8656968158	205.0125351596
2.6546045389	-4.1941678931	205.5874901807
2.4585996828	-3.2388706887	205.8088255545
2.3161793614	-2.3495189223	206.2433021219
1.8804206368	-2.3942830063	207.1422517927
1.8449676523	-3.2689726268	206.6588666939
1.3073522214	-3.4158044017	207.4891739132
0.6996908255	-3.3109131735	208.2764130498
0.0728512410	-2.9056894329	207.6109313780
0.2173573411	-2.1089783161	207.0241014340
0.8842232130	-2.7902495975	206.7221753668
1.2675814164	-2.0349024420	206.1906801527
1.9174830252	-1.4431822438	206.6676446230
1.0873205888	-1.5789481029	207.2083829707
1.0206342303	-2.3954672616	207.7818368861
0.2243204497	-1.8871966951	208.1097780303
-0.3280860460	-1.3085048919	207.5098089807
0.2629526454	-0.9872005327	206.7699192768
1.0851989160	-0.8264118806	206.2239723197
1.5420311790	-1.2868389521	205.4628473659
0.9551712003	-2.0004089466	205.0802075503
1.6836266602	-1.7207878541	204.4547759492
1.9839196768	-2.2946385719	205.2166942243
2.5710841207	-1.5750046811	205.5873220417
3.0452439403	-2.4299636125	205.3770420114
2.6765287689	-3.1457460214	204.7839950777
2.1968886754	-3.6033409769	204.0352947122
2.1027163535	-2.6092310236	203.9816572764
1.3680143570	-2.8917033731	204.5984411510
0.8402612733	-2.3084660065	203.9809374208
1.3142137182	-1.6280689822	203.4219839618
1.4683121306	-2.5282051030	203.0145423790
1.2845274822	-3.3121603243	203.6075326099
1.1672721840	-4.0096337315	204.3144852543
0.5627446436	-3.5083740263	204.9335855375
0.1330115471	-2.6178433291	204.7843054543
-0.8659072716	-2.6632834149	204.7744875035
-1.3458994032	-3.4569938772	205.1481601622
-1.7604102365	-2.5658577227	205.3327058833
-1.2148716327	-1.7395606050	205.1926319558
-1.0453044767	-1.6622469613	204.2101506175
-0.2492273538	-2.1946190029	203.9223291041
-0.5955788764	-1.8182695726	203.0630260556
0.3713303802	-2.0565467747	202.9718643065
0.4780743675	-3.0508303029	202.9694175099
0.2251102606	-3.2367197411	203.9188669701
-0.5174004383	-3.6339930443	204.4581737330
0.1422528431	-4.3422746333	204.2067880949
0.6166910726	-4.1465326532	203.3485378729
-0.3446594732	-3.8786987485	203.2847403207
-0.6000848910	-2.9325302193	203.0859364720
-1.2633679861	-2.7109706882	203.8007559667
-1.9414894165	-3.2453951762	204.3052773163
-2.6384110037	-2.7085294195	204.7807512490
-2.0091945878	-2.0328552547	204.3966274084
-2.2612465703	-1.5788007037	205.2512058207
-1.6888248526	-0.8980071072	204.7942009454
-0.7084540180	-0.7486245617	204.6655235118
-0.2062767092	-1.0578493077	203.8579357414
0.6815983432	-1.2244618814	204.2867925260
0.5034256199	-0.9046032635	205.2173541549
-0.1244103082	-1.6107992953	204.8900787172
-0.4340886459	-1.0734064132	205.6744945619
0.2798824533	-1.7038189609	205.9791669915
-0.5593238113	-1.6856953362	206.5226781503
-1.3113709326	-1.4014732410	207.1173569947
-0.8304452267	-0.6181318462	206.7235464759
-1.4359585206	-0.9691927130	206.0093266787
-1.5312885927	-1.9492510541	206.1836764000
-1.7738132014	-2.4968319185	206.9845115960
-0.8021689705	-2.4536643482	207.2169853567
