-0.3946265148	-3.0846393452	36.1379766780
-0.1762280625	-2.1133617237	36.2324324767
0.6097985867	-2.7083880212	36.4000803575
0.3234338807	-3.5823528634	36.7927388729
0.8924686904	-4.0754856831	37.4507809745
1.8208080658	-3.8761115977	37.1370358900
1.2952394027	-3.4699721678	36.3894876683
2.0277361229	-3.9134619860	35.8729943614
2.9748481365	-4.0698562271	36.1532079853
3.7732308238	-4.0375523068	36.7544912309
4.1912128922	-3.2744263233	37.2473702462
3.6401407691	-3.8424547665	37.8586502172
3.0780992246	-3.0659514399	38.1435219182
2.4098131696	-3.8088357750	38.1045781975
2.9606941353	-3.8460210107	38.9383332094
2.5562755987	-3.5815603270	39.8138366040
1.8845688718	-3.4727815475	39.0810492882
1.3902152803	-3.4732302969	38.2117884958
1.8546085208	-2.6080085190	38.4008128147
2.6720290268	-2.0965443369	38.1358069527
3.6714850132	-2.1234268943	38.1549134780
4.2031471149	-2.9645933961	38.2537786685
3.6527241456	-2.7612113693	39.0635133819
2.6539356338	-2.7138423398	39.0501835734
2.0860065140	-1.9016285786	39.1834701853
2.1376609793	-1.2226870464	38.4510971846
1.2381357272	-1.6520536049	38.5317115706
0.3241147701	-1.5615904894	38.1362597849
0.3602147892	-2.0917700500	38.9833763189
1.2271673279	-2.5380443347	39.2052604293
1.3702117433	-1.9044689662	39.9656028178
2.0391619091	-2.6477641491	39.9613664427
3.0306375854	-2.6724199955	40.0893042109
2.6153470430	-1.7627416856	40.0936789147
1.9331313569	-1.1125143367	40.4280232766
1.9178139549	-0.1973738753	40.0251792458
2.7875108139	0.1571960770	39.6818025980
3.4464959375	-0.4292361871	39.2108081112
2.8365447772	-0.1209499090	38.4807949929
1.9649240778	-0.0687760653	38.9681913884
2.0022341605	0.6551096193	38.2792810362
2.6417887041	0.4696196017	37.5332492412
1.6974259531	0.6471730646	37.2563850827
0.8333146923	0.5927033360	36.7560404239
1.4587988642	0.2197702297	36.0707007644
1.0958661208	-0.5123344097	35.4942438097
1.4738805345	-0.9212795822	34.6636603106
2.4066265036	-1.1872814679	34.9070282500
2.1015258988	-0.7683434049	35.7622501629
2.8298068469	-1.0095850295	36.4036621516
3.7833445382	-0.8227294209	36.6399900017
3.1027132283	-0.4997277346	37.2975696020
2.3546205700	-1.1490917850	37.4342579504
1.8218151407	-1.3671462238	36.6165962622
2.3633910928	-1.8629101097	35.9376900407
2.9935340610	-2.5315254762	35.5428820731
3.4282527114	-3.0864962274	36.2521261498
2.4423916354	-3.0285981159	36.4093703786
1.6360885425	-2.4424901323	36.4890745430
1.7451541651	-2.8876281878	35.6002794027
2.0775491807	-2.2309379627	34.9233218694
1.4693439781	-1.6802775502	35.4950381816
0.7582968367	-2.3697551929	35.3570796986
0.4467591032	-1.4703622012	35.0504260063
0.1243296696	-0.9688693906	35.8532611210
0.7943754314	-1.5964655201	36.2496974656
0.7391674342	-2.0483206635	37.1400788482
1.1396740181	-2.9528646543	37.2863479322
0.8283499274	-2.5592205726	38.1512881888
0.4347926468	-3.1918765768	38.8182657352
0.1690153373	-3.3813171830	37.8730278400
-0.2487408141	-2.5128093949	38.1398124349
-0.1540171211	-2.6862536928	37.1595346694
-0.3888722560	-1.7185475603	37.2511201851
0.2636867116	-0.9850158994	37.0611251949
1.0582793735	-0.6138891761	36.5806176956
0.9367046128	-0.1859686584	37.4762200672
1.2253324527	-1.1343127559	37.6078917907
1.7066060842	-2.0101348390	37.5716789416
2.5112816974	-2.1169810715	36.9876575035
2.2130952787	-2.9274010529	37.4919434476
2.8643910216	-3.6087645519	37.1579409964
3.3045535796	-2.7148186562	37.2423072094
4.1238921733	-2.1738324160	37.0525227084
3.4266668112	-1.9228737239	36.3810344141
3.3311256587	-1.5726631650	37.3128200400
3.1977728865	-1.1209707592	38.1949713925
3.8879706356	-0.3993200117	38.1416116154
4.2385080860	-1.2938695775	37.8642948826
4.0270199068	-1.3318629937	38.8409367056
3.1302544860	-1.6774862582	39.1172632136
2.5353962860	-0.9247377638	39.3992444648
1.5397071575	-0.9942020456	39.3377800613
0.5485729809	-1.0752942807	39.2325322903
0.8835249786	-0.7867802980	40.1295087899
0.9752231786	-0.1060427872	39.4027434347
1.0847289638	-0.4913524639	38.4864765871
1.8764657711	-0.3280224735	37.8978543464
2.0242397240	-0.3123235019	36.9089577890
2.7712619056	0.0751097341	36.3687232586
