0.1490601355	-1.3081511258	144.0370613373
0.3673580230	-0.4270414765	143.6175475494
1.0342404940	0.3135397980	143.5350421215
0.8701246027	1.2646578985	143.7966531557
0.5857447958	2.0731997080	143.2814946677
1.2170548657	2.2724673760	144.0309878245
1.8632453338	1.5791106965	143.7120922398
1.6920197920	0.8819989504	143.0158760182
0.8394996753	1.2773625809	142.6739739118
0.4336060983	0.3642842027	142.6347530064
1.0289465235	-0.4385912380	142.6657498610
1.9175979891	-0.2931485624	143.1006578981
2.1843435128	0.3963005168	143.7740870279
1.5136103803	0.3557925239	144.5146787964
1.4269267753	-0.6019177778	144.2403123793
1.9465957000	-1.4561893808	144.2531278744
2.2689228897	-1.1048881490	145.1321572410
2.3486100142	-0.1415945007	144.8758072666
1.4833268622	-0.3815955472	145.3159033523
2.1357073539	-0.4236808778	146.0726255728
2.7238726872	0.3278395567	145.7738303632
2.5388422772	0.5908719964	146.7207082239
1.8313554532	1.2517183243	146.4702196517
1.1272686370	1.6265593022	145.8670977764
0.9247823388	0.7595177420	146.3223320369
0.3400544844	1.3915769122	146.8308539556
-0.0888285118	2.1757204054	147.2793830601
-0.0302251984	1.6853274770	148.1489119138
-0.8138170114	1.2213943054	148.5621308422
-0.3385260093	0.3957779875	148.2580647983
-1.1854073046	0.1753903841	148.7420290285
-1.4635987143	0.3662935929	147.8006653875
-1.6553206446	1.2729502459	147.4248776614
-0.6756171732	1.0772533439	147.3814745434
-0.7291236254	1.6107325167	146.5373554571
0.0484891904	2.1390315767	146.1964472408
0.0463747256	1.2057273384	145.8373668490
-0.8451513740	1.3809470531	145.4196596965
-1.7679305144	1.0219033787	145.5595392801
-1.2664118487	0.7525866318	144.7373790052
-1.0672611148	0.7193757040	143.7579730528
-0.5436079485	0.1314495481	143.1414260582
-0.1575363739	1.0463297111	143.0233454642
-0.2213943694	1.4836652519	143.9203737699
0.1726819698	0.5824602838	144.1007440674
0.5334218305	-0.1102344384	144.7252765123
0.6708814879	-1.0586605876	145.0109208401
0.3832201168	-1.2849435950	145.9415372682
1.2325317500	-0.8935748596	146.2957974306
0.5539639863	-0.3757186698	146.8167300143
0.5332278356	-0.0984591942	145.8561587284
0.7973002186	0.6691743283	145.2722027784
1.7768960141	0.7336478268	145.4625583548
2.5430281086	1.0733217569	144.9169731323
2.5211736394	1.5995436825	145.7670395221
1.9168060172	2.1507548363	145.1917951905
1.4562327473	1.4040027728	144.7119685355
0.4751296199	1.5973766741	144.7053968038
0.6571939035	2.5346094305	145.0027978075
1.0233294161	2.7172191510	145.9152661502
1.9368572303	2.4816289089	146.2468746099
1.9018132577	2.3462714573	147.2370515034
0.9827826281	2.1855624829	146.8771135540
1.0149612323	1.9237064831	147.8416839106
1.7299600117	1.4065884003	148.3121790050
2.3002791356	1.3743021485	147.4913905457
2.1245184572	0.4052536784	147.6647492679
1.3455241373	0.9438038551	147.3436082450
1.4927112114	0.1066784545	146.8167714308
1.9524773454	-0.6888125581	147.2114981096
1.0766661208	-1.1573822456	147.3272441535
0.1988268797	-1.4929620819	147.6689815386
0.4605029977	-1.1588296257	148.5744544046
1.4287090169	-1.0843807066	148.3356355130
2.1723521168	-0.4171259663	148.2936110995
1.8519078944	0.3719457524	148.8177115890
1.1597133307	0.9408030758	149.2618602484
0.1843349532	0.9943003839	149.0479091825
0.6539251796	0.8779631307	148.1727231093
0.2065805453	0.4591962629	147.3824591732
-0.2612083520	0.4844613279	146.4989801276
-0.4165827464	-0.4853435637	146.3109980279
-0.3566253106	-0.4695437667	145.3129221429
-0.3323258742	0.4736917133	144.9816875333
-0.5313140761	-0.2832058473	144.3591846993
-0.8952850538	-1.1975895031	144.5364631735
-0.5189961257	-1.4892668080	145.4158555730
-1.2668162374	-0.9168312058	145.7521330803
-1.4563417867	-0.2858295890	144.9998585123
-2.0564574272	-0.0425720115	145.7618867066
-1.1050680781	0.2653409852	145.7688071809
-1.3321136223	0.5532007578	146.6991765012
-2.1829331833	0.0745604036	146.9159932117
-1.3816501532	-0.5134451212	146.8055621994
-0.5814918180	-0.1968209020	147.3149694456
-0.7504518706	-0.6669249806	148.1812573053
-0.2335118206	-0.4830708219	149.0173019411
0.6469510348	-0.0576298284	148.8080529954
1.2226241507	-0.0490067508	147.9904185378
0.3137451395	-0.4450097258	147.8595728777
