2.3832929667	-0.6886704793	169.6043365365
2.0805945774	0.0970536266	170.1437911821
1.1666865191	0.1916809328	170.5385287328
1.5187533526	-0.1590174245	171.4063188035
2.1562686303	-0.9002436360	171.1961808157
1.7954837861	-1.7451947314	170.8013492785
0.9641987464	-1.2528651529	171.0593740231
1.5572839603	-0.8947919833	170.3382405165
1.0310963779	-0.7784946578	169.4958620029
0.4232888007	-0.4661558900	170.2259403844
-0.5052674291	-0.2656272001	169.9135758974
-0.9681684486	0.5731906079	170.2001196656
-0.7110154216	1.2655459078	170.8742980243
-0.8632444875	0.6805685534	171.6709333275
0.1266542565	0.5500361946	171.6155999746
0.8070356270	0.0316380121	172.1336197766
0.5170625182	-0.3165142789	171.2421571703
0.4471034450	-0.9846168857	171.9829301684
-0.3521366011	-0.3964967774	171.8591154402
-0.6093911376	-0.1666207155	170.9205116369
0.0015621710	0.5056351958	170.5024111174
0.6536116035	1.0944220825	170.0247485381
1.3128888482	1.3056723016	169.3031344725
0.9730403462	0.3697055918	169.3951633479
-0.0137116822	0.5286367220	169.4277414122
-0.3652203690	1.3708266875	169.8365906574
0.3780207313	2.0147462133	169.6550409091
0.1491259892	1.4148412735	168.8884111026
-0.8060622326	1.1236050472	168.9412970298
-0.7425557518	2.1141408031	169.0629762931
0.0435482318	2.3574055875	168.4947661456
-0.6563216880	1.8995676794	167.9465266493
-0.0150674543	1.3314681166	167.4307205863
-0.0145517616	0.6179478284	168.1313549649
-0.9639649975	0.8098450561	167.8827790982
-0.4211112852	0.3546838061	167.1769901187
0.5414655861	0.1183019168	167.3095396162
0.0475667999	-0.5882205656	166.8026964739
-0.9301668336	-0.4809084742	166.6223605183
-1.6374568855	-0.8941658156	167.1959101257
-1.2204327250	-0.1480226589	167.7149103561
-1.9577999949	-0.5682659915	168.2437629354
-2.3491276975	-1.0043946670	169.0541050900
-1.7740189283	-1.7607834481	168.7424547807
-1.0283220079	-2.1516785419	168.2028835356
-0.5061092144	-2.2415342634	167.3548152909
-0.6861463355	-1.2672302854	167.2194698307
-0.9607838752	-1.0825684034	168.1631192418
-0.1744947062	-0.4893588071	167.9903427453
0.7666603138	-0.7747157048	167.8092387167
0.5449411800	-1.5093502925	167.1680268576
1.5132664713	-1.2826356384	167.2726528380
1.1849917541	-1.8462009838	168.0306962481
0.7187358624	-2.5449381428	167.4881358126
0.3265144467	-3.3030838251	168.0090748545
0.4930904815	-3.3568198681	168.9936381396
1.0928030619	-3.0595982092	169.7366079279
0.4347570292	-3.0765953326	170.4893937650
0.9381295777	-2.3606652295	170.9731914138
0.0826243210	-2.0472534340	171.3853610419
-0.0421116478	-1.1655537713	170.9303372591
-0.9655369697	-1.1212615244	170.5491235767
-1.5000009081	-0.3224093635	170.2731099475
-1.8229705027	0.0774500624	169.4153202994
-1.7614635656	0.3987420311	168.4703396819
-1.7073787878	1.3969605148	168.4451465139
-1.7872326323	1.1821061803	169.4185225864
-2.0319165554	0.8767218861	170.3387781001
-2.5815320196	0.0438070832	170.2741578832
-2.2610343695	-0.5777946278	170.9889253762
-1.6448653873	0.1715208975	171.2315403569
-1.3492834492	-0.7482235796	171.4898065271
-1.3046556993	-0.1749446871	172.3079505703
-0.5819363157	0.2532868659	172.8504396758
-0.3789097149	-0.7245425927	172.9017207570
-0.6355550696	-1.5004228825	172.3254023225
-0.9310556037	-1.6858461749	171.3882269724
-1.7789179986	-1.5875572859	170.8672004341
-2.2118290590	-1.0915249524	170.1145119608
-1.4812192105	-1.7026144583	169.8099157277
-1.3154679645	-2.4052732284	170.5018674436
-0.3445388882	-2.1689893860	170.4635702544
-0.0797216681	-1.3757012398	169.9153314770
0.8635064725	-1.6809007530	170.0463808255
0.2306217181	-2.3245550120	169.6160715385
0.0059821416	-2.4116184877	168.6455268400
-0.0024234266	-1.5574677902	168.1255692143
0.5312460741	-1.5525861823	168.9712482515
0.9799866652	-2.4383845168	168.8529554266
1.6554615011	-1.8200134057	169.2546405208
1.4495430381	-1.0499957324	168.6507610880
1.8001555012	-0.1482611071	168.9036356940
1.5434132800	-0.0758208623	167.9398743943
1.0649268600	0.7093571027	168.3329981776
0.6366530819	-0.1552569945	168.5957224320
-0.0973053641	-0.6605777217	169.0495461446
-0.7968981851	0.0050795847	168.7897958118
-1.2022071086	-0.8276374708	169.1670317884
-0.6507737688	-1.6520954513	169.0397906383
-0.9050274935	-2.5517671457	169.3946791923
