-1.6655524015	-0.1089120315	-227.5675629904
-1.5533771584	0.5875224049	-226.8587641539
-2.4554079261	0.1649497917	-226.7706002116
-2.6598801299	0.5104834920	-227.6864591417
-2.6071746136	-0.4510656121	-227.9559873386
-1.8175943081	-0.6620678670	-228.5322173183
-2.0329527538	0.3144666731	-228.5312015807
-1.8741916362	1.1543534958	-228.0121784284
-1.2540554869	1.9238481064	-228.1648519388
-0.9108002216	1.8175111166	-229.0980551682
-0.3563015327	1.2449949712	-229.7020058842
0.5069084385	1.3758965158	-229.2144268329
0.8094846109	1.1331554601	-228.2927303320
0.1086064828	0.9675176908	-227.5989479605
-0.8827175872	1.0848756227	-227.6581400545
-0.3997155271	1.9208761750	-227.3977325154
-0.1438411315	1.6418376908	-228.3232949487
-0.1785742159	0.6836491136	-228.6073165381
-1.0313259539	0.7805221317	-229.1205709505
-1.3968274140	-0.1116997053	-229.3858045765
-1.0293769937	-0.0400538530	-228.4585251901
-0.1417961106	-0.4976166405	-228.4052666563
0.6540962816	0.0823316673	-228.2314412832
1.2616325091	0.4675591284	-228.9260631483
0.4778380594	0.3427213101	-229.5344066201
0.3974250026	0.3465521701	-230.5311608851
-0.5530806016	0.3040168062	-230.2233787558
-0.7740276086	-0.6609072634	-230.3651671896
-0.5985524539	-1.4687303408	-229.8024680287
-0.3428760252	-2.3554880626	-229.4173832241
-1.3204069179	-2.5613827930	-229.3722089651
-1.7464140528	-1.7729920094	-228.9284095812
-1.5894983079	-2.4125007789	-228.1758100976
-0.7887974417	-1.9321383199	-228.5337626515
-0.8885778753	-1.0141310078	-228.9175678623
-0.3760582895	-0.3112502969	-229.4108044997
0.2478041200	-0.8587113998	-229.9685517855
0.5029970692	-1.8130424171	-229.8132170882
0.0862538821	-1.4465124788	-228.9813631826
0.4997229790	-2.2434570691	-228.5409967149
1.1984422889	-1.6437800238	-228.9310976856
0.8924081151	-0.9264802072	-228.3051391745
0.9076901415	-0.5331257610	-229.2243990613
1.7940416960	-0.7307103726	-228.8056613832
2.1715746349	0.1779243276	-228.9841322822
1.7668205632	0.1228401922	-228.0713673183
2.0750571105	0.1278282379	-227.1200706504
1.4026610581	0.1234340967	-226.3798921312
2.3319666593	-0.0567495852	-226.0575182176
1.8324386862	-0.8679697115	-226.3614815552
1.3941756449	-0.5881161465	-225.5073109113
1.6084799125	0.3757006271	-225.3487836020
1.9968412046	0.8995271708	-226.1069268990
1.5177131956	1.5338254292	-226.7136410577
0.8345025409	1.8007357964	-227.3933336773
0.3019360878	1.3556032633	-226.6734517418
-0.5044524374	0.7648773671	-226.7013884919
-0.6681156847	0.0784487382	-227.4099293014
0.1433766148	-0.5056012298	-227.4290573660
-0.3224606139	-0.5257785631	-226.5444170145
-1.3094473179	-0.6586522303	-226.6349809958
-2.2052554488	-0.8424217892	-227.0396494303
-1.7642708466	-1.4810073537	-227.6703165830
-0.9967243847	-0.8593595431	-227.8266061487
-0.7883638498	-1.5061483768	-227.0929508536
-0.5167246106	-2.3231366493	-227.6016180202
-0.0535675593	-1.4892386090	-227.9017839813
0.2387014058	-1.4476007881	-226.9463546831
-0.1719105215	-1.6793122200	-226.0644773347
0.0355745136	-0.8373053565	-225.5665070523
0.4887470697	0.0508348813	-225.4900770038
0.4288333318	0.5466326958	-224.6237082191
-0.5155485019	0.2592658368	-224.7835933048
-0.5686439171	0.0192727669	-225.7529148218
-1.0353206114	-0.8100357703	-225.4455710189
-0.4897506120	-1.3519049843	-224.8062501834
0.0452242922	-0.6004540300	-224.4200853027
1.0340941590	-0.7274609464	-224.4975813011
0.5482071505	-1.5221565975	-224.8614118070
0.9079252816	-1.4450840340	-225.7912842101
0.6958583121	-0.6204184101	-226.3156449726
0.4608043085	0.2889701631	-226.6588097117
1.1219830307	0.6335556846	-227.3252206328
1.1560171899	-0.3657652234	-227.3393414975
1.1894217936	-1.3070792360	-227.0034664281
1.8235920187	-1.0386905055	-227.7285840840
2.1084189383	-1.6848165489	-228.4366764240
1.2941012643	-1.9443759239	-227.9175274506
0.7061357490	-2.6189523610	-227.4711608039
0.8817254074	-2.2053419894	-226.5777993248
-0.0048847143	-2.6580476723	-226.6725624863
-0.9654832441	-2.4562319612	-226.4814581079
-1.8863699204	-2.1489087633	-226.7212917617
-1.4957324463	-1.5487048074	-226.0233250181
-2.1262230202	-0.7835646914	-225.8927790907
-1.6179454479	0.0714616699	-225.7899013434
-1.0593998980	0.8928435875	-225.6743218725
-0.0610527524	0.9009748051	-225.6174284611
0.8959947705	0.9902975780	-225.8932571780
0.7307011170	1.9738520950	-225.8204662423
