-0.0128873218	0.5469216603	55.6705354751
-0.0744051599	0.5916216529	54.6734309339
-0.4941962042	-0.1486988964	54.1483585929
-0.6498485292	-0.2828763631	55.1270152033
-0.1697066309	-0.5219574536	55.9709962396
0.4026269687	-0.3898432032	55.1616878462
1.3674981676	-0.1372177278	55.2338261757
1.1554552572	-1.1016285702	55.0758719697
1.1542712225	-1.8698434748	55.7160629244
0.7416723878	-2.3697666480	54.9545913080
0.7376334492	-3.0316930955	55.7041492211
0.1384804251	-2.2659590275	55.9379589531
0.1263116925	-1.3900358002	55.4556619266
0.0780950391	-1.2288182809	54.4699215623
-0.9202365902	-1.2043628165	54.4176158441
-1.6208092399	-0.9967962586	55.1003413281
-0.9050326610	-1.3378434215	55.7097268560
-1.7797810470	-1.7804421141	55.9070125843
-1.3940565204	-2.0853637889	55.0362431763
-0.3985221833	-2.1675976749	54.9898861729
0.0331237973	-2.5804002457	54.1878414205
-0.0529575255	-3.2091800721	54.9606453645
-1.0513171365	-3.1910575881	55.0149561621
-1.7458958813	-2.9933100492	55.7066615026
-0.8685062136	-2.5429910018	55.8721913384
-1.0991413946	-3.1712257884	56.6152448131
-1.5500674349	-2.3454833826	56.9540887086
-1.0926481424	-1.4804003282	56.7481787778
-0.1307014005	-1.4199028605	56.4817232988
0.7764475713	-1.7882447464	56.6852054798
0.7814736940	-0.9854584150	56.0889598557
0.9129932454	-0.0306120801	56.3553638428
1.7108560687	0.3338971185	56.8355179424
1.1073328861	0.0034765227	57.5611776408
1.0012173494	0.9978119498	57.5551318701
1.2248676559	0.9715487054	58.5294474157
1.8085254938	0.5997091093	59.2513053263
1.4496478716	-0.1151468690	58.6511488612
2.0898052373	0.3862232439	58.0690607603
1.9846753273	-0.5889744817	57.8742862805
1.6762675322	-0.7305818892	56.9336312034
1.9242273595	-1.0502960401	56.0191374714
2.1677669015	-1.8122387247	56.6192473254
1.5458846489	-2.5953444337	56.6164344374
0.7131554064	-2.8646926916	57.1001838815
0.3189757230	-3.7796324957	57.0135378652
-0.0954131555	-3.2063659226	56.3066805291
-0.4284106115	-2.4118915521	56.8145418970
-0.4300071953	-3.1003291517	57.5398357150
-0.0078087379	-3.3561118515	58.4095044295
-0.4209534721	-2.4454600835	58.4144829917
-0.9654228529	-1.8985734928	57.7785048865
-1.4221303495	-2.3046586930	58.5700306744
-1.0076350010	-2.5298125363	59.4517899119
-0.7428619146	-1.8043352039	60.0870676881
-0.6090681543	-1.6250447371	59.1124117702
-1.2895189223	-1.0477594084	59.5637745971
-1.8850327242	-1.8283386037	59.3738813861
-1.7771937287	-1.3162931088	58.5217193345
-2.3499723193	-0.7366695135	57.9420977562
-1.9163666823	-1.5046540301	57.4707317266
-1.3109753221	-0.7092934581	57.4406840709
-2.1520827162	-0.6703225695	56.9012217262
-2.6690733154	-1.5102404623	56.7361197768
-2.7215889335	-1.1041427510	55.8238003378
-2.1966518122	-0.2555515942	55.7579667042
-1.3353637952	-0.4558218584	56.2249514716
-0.6963039460	0.0548624884	56.8001071089
-0.5149475183	-0.1487520594	57.7622146715
-0.7535442102	-0.8021133086	58.4806787949
-1.5308944156	-0.2032138598	58.6731524514
-1.7004002257	0.2288108414	57.7873632903
-1.7229159299	0.3073186360	56.7907040862
-1.1925413493	0.6247405257	56.0046085779
-0.4848029224	1.0760684327	56.5481243913
0.0815318957	0.5887494657	57.2127935557
-0.7600067404	0.8981094994	57.6556356193
-0.0157971368	1.3376409788	58.1585910294
0.4117198026	1.2365500058	59.0569283166
-0.2640207069	0.7370844624	59.5990620038
-0.5219635664	0.2157017892	58.7856582976
-0.2398422952	-0.5190024678	59.4026001450
0.2656309096	-1.1406809539	60.0009417690
0.8642140301	-0.7777199961	59.2868286191
0.5669748894	0.1745723128	59.2176314251
0.4216077566	0.4095223319	58.2565555253
0.3563877532	-0.5846715180	58.3421413886
0.2923073254	-1.5800651222	58.4134524780
0.1528439395	-2.0367179720	57.5348068505
-0.2878818382	-1.1390992766	57.5283674013
0.2525503419	-0.5022342659	56.9785164971
0.7972305968	-1.1270081360	57.5379635733
1.3132369969	-1.1913263345	58.3921301639
2.1928762808	-1.0242999636	58.8374804996
2.0268333480	-1.9974219200	58.6779079379
2.4598331466	-1.6407207494	57.8500942818
1.5484708540	-1.8866162128	57.5200121818
0.9192537639	-2.4202052675	58.0851392243
0.9199867594	-2.1269695981	59.0411791319
0.0873032272	-2.5471055689	59.4019060388
