-0.9091859324	2.6004932775	31.7024327123
-0.9261620353	2.1010129853	30.8362738068
-1.1245114333	1.2949492830	31.3938747611
-1.7963902037	0.5802362226	31.1995447346
-1.6695998227	0.4524517166	30.2158805037
-1.6323334796	1.4424561503	30.3519041818
-2.0310241253	1.1913436193	29.4698677507
-1.0360443932	1.0987989792	29.5079574126
-1.2296252264	0.2381191283	29.0370469591
-0.2660627404	0.4780794575	28.9188675365
0.4902031135	0.1468280855	28.3546561516
1.1641773254	0.6893777602	28.8560528132
0.6366316098	1.2308535817	29.5106515091
1.1595011506	1.9117829982	30.0234307726
1.7639005483	1.3274821806	29.4818645969
2.6064019665	1.5471642666	28.9899996342
2.0391364242	0.9497710885	28.4231388090
1.1972560140	0.9559871868	27.8835104785
1.4967496828	0.0167278976	28.0511276912
2.2784171154	-0.0334136660	28.6728043341
2.5134734643	-0.2476276491	27.7247215939
1.9810131262	-0.9257015296	28.2313790728
1.7525222705	-1.4949141939	29.0211821316
2.6494519923	-1.0546829892	29.0625773076
2.4944265969	-0.7689931668	30.0082772876
3.1949914274	-0.2113066609	29.5630866775
3.0700053786	0.6313041133	29.0392684163
3.0282127482	0.8017101000	28.0547811509
2.2553986604	0.7889141167	27.4202776847
2.2829488202	1.7374765894	27.7356666891
1.7400633266	2.0737038061	28.5052292919
1.8215350436	2.4593990106	29.4242513637
1.3744026279	2.9276408354	30.1863682816
1.9598469303	2.2943752132	30.6925595701
2.7120013076	1.8148707454	30.2405205695
2.7874394581	1.5871566212	31.2113219720
3.3059088252	0.8202124536	31.5894570791
3.0196244638	-0.1167254556	31.3889860868
2.7853980722	0.3822615829	30.5546300880
1.8891064826	-0.0605903818	30.5313164893
1.7887011135	0.9340210454	30.5054926511
1.6862172197	1.4966461622	31.3258279663
2.2131591595	0.6641089249	31.4967488271
1.5048574639	0.7064188699	32.2013895700
0.7664655773	1.2660827101	31.8251531978
-0.0307187570	1.6483092358	31.3578203184
0.8185707175	2.1652836541	31.2508397624
0.2322274912	2.1455869038	30.4410165354
0.4545324791	2.7042245545	29.6419517899
0.5737146103	2.9352581539	28.6763332857
0.8007551281	1.9967886663	28.9365786006
0.7700116876	2.0080441703	27.9371146671
0.2593442765	1.2759697218	28.3879869297
-0.7354612833	1.3269873720	28.4760726702
-0.2448776303	2.1980816351	28.4989301453
-0.5514749586	2.8469531638	29.1953235812
-1.1293127915	2.2245426167	29.7232521273
-0.2469044614	1.8138454012	29.4937236190
-0.3868239896	1.2765403262	30.3254241553
0.2100733463	0.4800556877	30.2288540200
0.6981652437	1.1776968912	30.7533185572
1.1625749381	0.3921155727	31.1622019487
1.6439953004	-0.2981927570	31.7023027215
0.8201912488	-0.6695648672	31.2740158545
0.7239967550	-0.0849789635	32.0796249040
-0.0030116997	0.5352190476	32.3742655898
0.0997992222	0.5030855352	31.3800838400
-0.7543538773	0.3155316336	30.8950621738
-0.9850620000	0.3352100847	31.8678861665
-0.5584234200	-0.4718868301	32.2760210611
-0.2676297905	-0.5462678169	31.3221308505
0.0959125346	-0.5662899981	30.3907683592
1.0784036557	-0.5917850322	30.2062115925
1.7009225360	-0.4849205836	29.4309372970
2.2353681989	0.3343144844	29.6388356777
1.2626610864	0.4161109570	29.8559766695
0.5609448184	-0.1140362800	29.3800163914
-0.1883634278	-0.7669729608	29.2695137081
-0.6440883117	-0.0830746273	29.8392486462
-1.1372576239	-0.6665491020	30.4844940001
-1.0602961384	-1.2373429607	29.6670153761
-0.2729020411	-1.5491587182	30.1987873845
0.6125119446	-1.4591349589	30.6547893546
1.4710037604	-1.6024256011	30.1623874923
0.6892314708	-1.3853223632	29.5778378612
0.7875254569	-2.0669022152	28.8527260095
0.1870278201	-1.3572937031	28.4841363356
0.9784558808	-0.7578395590	28.6037036966
1.0454252009	-1.4382360766	27.8739258612
0.4382863754	-0.6801772812	27.6357467074
0.4349051518	0.2744241620	27.3378798715
-0.4286437216	0.4323852849	27.8167656897
-0.3816023529	-0.4651398251	28.2552127064
-0.8131111045	-1.2915753510	28.6168817802
-0.3538603301	-1.9608695810	29.2009485229
0.2881386436	-2.3754168970	29.8459197165
0.1835265750	-2.4410166204	30.8382669296
-0.0469027294	-1.7358410345	31.5088112822
0.5779478063	-1.2892424214	32.1492107566
0.2110285162	-0.7074126855	32.8750512301
