-1.1302331019	0.1971048863	30.7968544184
-1.2737661625	0.8054591648	30.0162755740
-0.6598267713	1.0954798428	29.2821322430
-0.4269623065	0.5950102022	28.4482831680
-1.1565457380	1.2771453640	28.3992970743
-0.5488800742	1.9382101455	27.9591427879
-0.7510769301	1.1445734995	27.3853333199
0.1923564024	0.8199293963	27.4527110119
1.1264379369	1.0701139319	27.7074645890
1.3072187817	1.6990745836	28.4635907589
0.6768069083	2.1270822573	27.8159872528
1.1224191381	2.8598419611	28.3302760406
1.4443692951	2.9528366729	29.2724544101
2.1495341858	2.3016548711	28.9919107629
2.0239906480	2.3648285973	29.9819854573
1.1034789106	2.6118855757	30.2846750522
0.3657502315	2.7376257534	29.6213909474
0.2049279469	2.2824293626	28.7456441583
0.2703454518	1.3334553714	28.4371495650
0.9287833619	0.6068551883	28.6333935265
1.3294950085	-0.0086829923	27.9547603970
1.2785138986	-0.9717737643	28.2190653183
0.6678134399	-1.1998199848	27.4607514842
-0.1925582747	-0.8404809181	27.0993155316
0.5382420287	-0.1697160225	27.2258278684
0.3751868892	-0.3687406772	28.1921622868
0.6971535889	-0.3710325545	29.1389105066
0.6361390718	-0.0105022102	30.0696602578
0.2322504870	0.4814252572	30.8409457938
0.6046719070	0.0111559115	31.6410389311
1.3053088413	0.5846809038	32.0655115091
0.8649413795	1.1656145567	31.3809732782
0.0775961686	1.7816319322	31.4056737232
-0.2437732088	0.8863972498	31.7143427801
-0.9761750001	1.2210749186	31.1214022484
-0.4435326126	1.3738218766	30.2889597856
-0.6385864942	2.1094750385	29.6402931465
-0.1983827428	2.3741271267	30.4983024294
0.5463273883	1.7073854274	30.4689370236
1.5089719976	1.4508783724	30.5556519993
1.2141355002	0.9278793770	29.7559373685
1.2181848961	1.9041345145	29.5393513373
0.3058753587	1.4988265924	29.4808979687
0.1703825417	0.5169249536	29.3485693316
-0.5136837851	0.1274649096	29.9653141204
-1.4564430994	-0.1986379423	29.8955874735
-1.2746113494	0.0135718003	28.9354290283
-1.3819611340	0.3407970734	27.9966001598
-0.5873477515	0.0554050587	27.4607447966
-0.6658837350	-0.5641768741	28.2417379641
-0.3059402498	-0.5583390487	29.1746938083
-0.7185593586	-0.9324857045	30.0052115691
-0.3087740930	-1.7962692228	29.7120323243
-0.5168623129	-1.8633285306	30.6878408823
-1.0283059205	-1.0594547215	30.9915057229
-0.2653837230	-1.2276589820	31.6157308805
-0.4956407712	-0.2564612679	31.5544390217
0.0328238725	-0.5764352482	30.7680919149
0.3658712988	-1.0606769698	29.9590249419
1.2065413480	-1.5434720963	30.2043466375
1.5877128552	-1.5313011788	31.1287708642
0.8297409497	-1.1370945163	31.6484627899
0.4351445797	-1.6415517683	30.8804676170
0.5083596458	-2.2712238598	30.1070643513
-0.3529800511	-2.7789585041	30.0897595087
0.1371646827	-3.4036646232	29.4818940592
0.9414217462	-3.2757548897	30.0622471206
0.8504982528	-4.0985407271	30.6232786562
-0.0597628319	-3.6918248323	30.5457742149
-0.5737115973	-3.0921607602	31.1591743024
-0.0308043569	-2.3835886635	31.6099262432
0.9664066483	-2.3268145307	31.6583711484
0.6383777211	-2.9997187792	30.9953501116
1.4648233470	-2.5616024131	30.6417377856
1.8673668826	-2.2553022325	29.7791029258
1.1756525018	-2.6357793867	29.1652883361
0.2077405817	-2.4280407384	29.0238982058
-0.7783204668	-2.5043800001	29.1717357040
-1.2973872368	-1.8864210546	29.7622409368
-1.6157008980	-1.0756157257	29.2710473582
-0.8443795970	-1.4630614461	28.7661223498
-0.4710493948	-1.5855302463	27.8465431236
-0.9680009334	-2.4387711349	28.0047175661
0.0295078952	-2.5040922652	27.9780851250
0.7961882141	-1.9238350712	28.2528629938
0.1837886232	-1.3148069729	28.7568982272
1.0454331557	-1.5640087884	29.1990149027
1.9370913238	-1.6770671501	28.7606503077
1.8259887080	-0.9659793019	29.4549199102
2.0932884663	-1.0108777493	30.4174867747
1.2209400448	-0.6578575389	30.7556952348
1.3548187928	0.3279636116	30.8568542192
1.7602710996	0.0017168204	30.0029388498
1.6938621829	0.0279058554	29.0054901091
1.9616212082	0.9265681703	28.6580550099
2.5461192753	0.5070906000	29.3526056399
2.1994366428	1.3953653300	29.6539014355
2.3412746410	0.7947285230	30.4407415770
2.3481757937	-0.0693938262	30.9439760549
1.6966647899	-0.3971062036	31.6281821713
