-0.3696993099	-3.1796595937	-46.8307743862
-0.9757935495	-3.6746452234	-47.4533810027
-0.3742981781	-3.0810045440	-47.9879781052
-0.8301080952	-2.4118465883	-47.4010667406
-1.4272789461	-2.7995303012	-48.1032692140
-2.1797285622	-2.6376201019	-48.7417084535
-2.5780909132	-1.7213790912	-48.7842507570
-2.0309698879	-0.8851569403	-48.7469533295
-1.5397701951	-0.4933780668	-47.9689866361
-2.3426006586	-0.0108870884	-47.6187499983
-2.2156203666	-0.6882652218	-46.8941570989
-2.1427017169	-1.3789325866	-47.6136440423
-2.5020180180	-2.2934543810	-47.7994979724
-1.9831296793	-2.2624844717	-46.9452171306
-1.3365543740	-2.6843721183	-46.3096455860
-0.5002198610	-2.3543704444	-45.8718745528
0.1595746936	-3.1050269376	-45.8374365661
0.5717406148	-2.2574308457	-46.1716522424
0.5183982444	-2.5437414900	-47.1283030703
1.3019441594	-2.1510792620	-47.6098341427
1.3255802727	-1.4156834716	-46.9326086517
2.1409965715	-1.3357377206	-47.5059366003
2.1938949368	-0.4022679583	-47.8606702551
1.3942820888	0.1793326169	-47.7111374351
0.4513211943	0.1765059623	-47.3782459193
0.5427861530	0.9493072290	-48.0062685013
0.1714499636	1.2396350453	-47.1243279174
0.6605694395	1.7659002898	-46.4287655328
0.2677828253	1.4837300582	-45.5534949255
1.1030517377	0.9745376307	-45.7609772516
1.7019162931	0.2045045138	-45.9810005306
1.0179484560	-0.1890046597	-46.5952793991
0.2916566980	0.4634695588	-46.3789979241
0.5564019228	0.0878763558	-45.4908314353
0.6140401010	0.6586187703	-44.6717276954
-0.3391872400	0.4422708917	-44.8827993228
-1.0730077021	-0.2339567097	-44.8178088597
-0.5573261060	-0.1288702682	-43.9674975453
0.0943163770	-0.5024946340	-44.6276239784
-0.3082048497	-0.5701324559	-45.5405324005
-0.5934992053	-1.3220101847	-46.1349119186
-1.0139440754	-1.2644477243	-45.2294216236
-1.5968466967	-1.6308545584	-45.9546599059
-1.4092888816	-0.6498028087	-46.0032349047
-1.5601264867	0.1674190956	-46.5594690065
-0.7833127486	0.4010903995	-45.9746971381
-0.4631327220	1.2836813277	-46.3189615770
-1.1458237468	1.3077578424	-47.0492719809
-1.3539151324	0.4762053879	-47.5642656611
-0.4461427565	0.5977882840	-47.9657216525
-0.0748826413	0.5124979199	-48.8903250705
0.4880228295	0.2948125010	-49.6876647029
1.0763779696	0.5579331406	-48.9230695432
0.6104768224	-0.1230006398	-48.3580338738
1.0687356941	-0.5531373394	-49.1358392647
2.0028478257	-0.2553558055	-48.9389619330
2.2817705772	0.6996189797	-48.8378419137
1.8119393164	1.1167428431	-48.0598533090
1.2004319075	1.6218660045	-47.4508300906
1.2244005922	0.7906700880	-46.8953673551
2.1504786240	0.4284478769	-47.0010770931
1.9657854502	-0.5438580355	-46.8578652070
1.8567928793	-0.9453628280	-45.9485168023
1.3314334041	-1.6704249251	-45.5032277084
0.9247582979	-0.7896261604	-45.2607222568
0.2668819732	-1.5348516224	-45.3695236913
0.5742850867	-1.1760810236	-46.2508788883
-0.0929170571	-0.5093992964	-46.5831088899
-0.5004109199	0.3057597656	-46.9947694968
-0.9615451926	-0.5769038897	-47.0856543365
-1.1888060781	-1.5334687166	-46.9030722404
-0.6954024802	-1.3943608556	-47.7616768599
-0.1109885851	-1.7101960697	-47.0142087892
0.4616405310	-0.9968293921	-47.4181937872
1.2623663906	-0.8552880665	-48.0002626414
1.8285710985	-1.3635179983	-48.6491960472
0.9789729948	-1.8845950339	-48.5675762885
0.4495125397	-1.5632405757	-49.3526896170
0.3131278580	-2.5228954189	-49.1067998032
0.6306588512	-2.8844831165	-48.2301993210
0.1475470190	-2.0485742715	-47.9697010284
-0.5630077274	-1.9997995138	-48.6716504392
-1.4967580134	-1.8619545335	-48.3413336747
-1.4372392518	-1.7058799078	-49.3272840934
-0.5708434791	-1.3879513478	-49.7123552503
-1.2897341880	-0.7130726695	-49.5458172116
-1.1337824278	-0.0140506194	-48.8479295258
-0.8403983210	-0.9484794743	-48.6460174635
-0.3146436568	-0.4497080753	-47.9569535154
0.2431668735	-1.0945291721	-48.4794984087
0.0094521970	-0.5539250264	-49.2876596597
0.6195134044	-0.6497955546	-50.0741926629
-0.3223095107	-0.3529584943	-50.2318548210
-0.0722366850	0.5748612026	-50.5086475084
-0.7250364848	0.4573588273	-49.7602855551
-1.2835959021	1.0110662267	-49.1426938671
-1.2271957673	1.4358540986	-48.2391595353
-0.5150344575	1.8321929239	-47.6597272231
-0.1091619770	1.7316216445	-48.5681065202
0.4432639304	1.4326460870	-49.3462062779
