-2.4606425605	-1.6155579899	-234.7820926718
-1.5181349327	-1.7268758352	-234.4669931496
-0.9510620170	-1.3064056869	-235.1752538096
0.0281634524	-1.2848462334	-234.9736287363
-0.5554271394	-0.5870628811	-234.5582729678
0.3433340134	-0.6775917466	-234.1292823912
-0.3179332931	-0.4948206258	-233.4017383947
-0.5334487071	-1.3880660499	-233.0071934433
-1.3415799107	-1.1262631737	-233.5348137725
-1.2736678858	-2.1169585876	-233.4168707624
-0.3745974002	-2.4670790908	-233.6797165255
-0.5611342599	-1.5586395919	-234.0538043184
0.3902240270	-1.8666561298	-234.0603786900
-0.2239458253	-2.2266592891	-234.7626557848
0.2895478982	-2.8781760609	-235.3210911812
-0.3502968841	-3.3929974889	-234.7505146728
-1.0894497623	-2.7923267337	-234.4458055223
-1.1597781591	-3.2299964216	-233.5494243752
-1.2591583513	-3.9242116556	-234.2622979869
-0.5753300240	-4.4221762854	-233.7289969028
-0.1211437571	-3.5329033044	-233.7829264892
0.3717096007	-3.1557087238	-232.9988220217
1.2791874714	-3.5214831693	-232.7921992511
0.9841294848	-4.2976649444	-232.2349895629
0.0527340154	-4.5581391603	-231.9807147856
-0.0911812137	-4.8704027235	-232.9197461344
0.5576651841	-4.1536449564	-233.1751999568
1.0435359774	-3.6130579663	-233.8620007127
0.6596262116	-2.8206571265	-234.3360410073
0.9264995628	-2.1026701872	-234.9789044216
1.1392761982	-1.2844395536	-234.4448400680
1.0261935111	-0.9712197204	-235.3877640533
0.2139616885	-0.4569077295	-235.6630141986
0.5078895644	0.1121103662	-234.8950136709
1.2562214910	-0.1852037152	-234.3020518977
1.3363937335	-0.2906116954	-233.3108599035
0.6478206066	-0.9381202337	-232.9843637445
1.3328077574	-0.6520222419	-232.3143334897
0.8206570683	-1.4928342578	-232.1390142790
-0.1463160183	-1.5674480644	-231.8953016827
-0.4935698607	-1.2315553507	-231.0197499401
-0.9713593199	-0.9137050022	-231.8387056097
-1.8026337807	-0.4054997579	-232.0638948647
-1.0723987163	-0.1510115171	-232.6979236385
-0.3652289904	0.5517400395	-232.6201339962
-0.5051134848	0.1948222337	-231.6965312634
0.4679242188	0.3596402566	-231.5351849073
0.3848042203	-0.6368103431	-231.5484991148
-0.1488004692	-0.5869122308	-232.3927598647
0.5510819633	0.0622064775	-232.6907690647
0.4735562749	0.3011734376	-233.6586970370
-0.3666805144	0.3949286394	-234.1927495627
-1.1640107276	-0.0282339535	-233.7624032473
-1.6610668808	-0.6054972029	-234.4102476124
-2.6492377406	-0.6594681052	-234.2667014750
-2.3373285659	-1.4188960698	-233.6957532870
-2.1452791636	-0.5689609838	-233.2051135243
-1.8797553781	-1.2909430681	-232.5661776986
-1.2034441842	-1.9964880336	-232.3544952227
-1.2722224763	-1.8815505006	-231.3635063680
-0.5710066265	-2.5268682150	-231.6665927904
-0.4695410048	-2.7387675269	-232.6386027745
-1.3613244423	-3.1634330703	-232.4824570833
-2.0104578725	-3.8609389367	-232.1789585557
-2.6231890090	-3.0919579319	-232.3612461546
-2.0296367381	-2.5089839790	-231.8064154849
-2.8242575166	-2.3401357855	-231.2232618979
-2.6317830575	-3.3214226634	-231.2287067047
-1.6367837842	-3.3759464899	-231.3123942099
-1.9271554920	-2.5858682959	-230.7725231894
-1.8652301912	-1.6166072851	-230.5344090359
-1.6981526059	-0.7788712951	-231.0542969963
-2.2729411593	-1.4606379966	-231.5068589076
-2.7685910115	-1.8326835656	-232.2916603593
-2.1717741585	-2.3463879164	-232.9080348266
-2.1467599897	-2.4618976097	-233.9010261670
-2.0775000927	-2.7802690092	-234.8464587234
-2.6032149699	-3.4287406985	-234.2959059683
-3.0264311760	-2.9408839223	-233.5324376920
-2.1757433040	-3.4061865915	-233.2878491181
-3.0023709768	-3.9683889718	-233.2630464162
-2.2563127535	-4.3438492789	-233.8129797625
-1.4707704215	-4.1562781524	-233.2232846572
-1.9786789937	-4.8280177179	-232.6840306924
-1.0955178212	-4.5102113774	-232.3390300066
-0.5127742266	-3.8317276137	-232.7863215059
-0.6068638157	-3.6619611172	-231.8053390973
0.3676982731	-3.4826194178	-231.9397462766
0.5588283353	-2.5167013426	-232.1143073586
0.2861105959	-2.0172840612	-232.9366256751
1.1484244120	-2.4126798932	-233.2529751947
1.4718217401	-1.4671554554	-233.2903610981
1.8999544290	-1.7454983212	-232.4305776081
1.5928232789	-2.6828106146	-232.2659078740
1.3422357185	-2.1541994328	-231.4548739086
0.3969635455	-2.0698662936	-231.1396780321
0.5625291359	-3.0493694397	-231.0249539189
0.0103829495	-3.8811513466	-230.9677398636
-0.5722905238	-3.0983084357	-230.7494542700
-0.5064213428	-2.1434021524	-230.4599456500
