0.5945035322	-0.2236406636	-166.0314919863
1.2888978032	0.0340831093	-165.3596325864
1.9900641724	-0.6520808444	-165.1658679058
1.3229080548	-0.4963560570	-164.4374089122
0.3768229975	-0.3941254347	-164.1300459929
0.8128063890	-0.1426903983	-163.2659285791
1.7671071960	0.1271079427	-163.3944541603
1.4815908946	0.2078894074	-162.4394909167
2.1220022467	-0.1488817078	-161.7593529369
2.4189055229	0.5030176041	-161.0615881256
1.4745450741	0.6882515421	-161.3333816704
1.8128210541	1.6254753022	-161.4181223630
1.9502190175	1.9158249941	-162.3651275668
1.5642895991	1.9591793141	-163.2866365939
1.1565571464	1.0462621385	-163.2682932692
1.0738777257	0.5560196066	-164.1359489459
0.3417095635	0.3808993500	-164.7941758657
0.2911151299	-0.5654893766	-165.1132190938
0.9750855242	-1.0796319569	-165.6307535436
0.4002118408	-1.2530154454	-166.4304149807
-0.1058729348	-1.4461405509	-165.5898313184
-0.1553213852	-1.4387622285	-164.5910818948
0.8441662147	-1.4619692914	-164.6131266153
1.8348320923	-1.5563011100	-164.5147262742
2.8034663442	-1.3821842214	-164.6920141615
2.9857528809	-0.4237184779	-164.9113655624
3.1940597611	-0.0825664476	-163.9947284826
2.3293183965	-0.5729545643	-164.1030883804
2.1427231260	0.3166971776	-164.5198640791
2.8251944818	1.0466013193	-164.4814871014
2.1044374015	1.1589091087	-163.7974577222
2.8294176123	1.4052405978	-163.1542435344
2.7054202541	0.4136198333	-163.1180093719
2.3916809608	0.8309577250	-162.2651338007
2.9586583531	1.2630131265	-161.5638030894
3.2217247065	0.3224805822	-161.7787324428
3.0705754704	-0.4471980726	-162.3990135700
2.1628997535	-0.5970069524	-162.7910366464
1.2349824485	-0.9487663412	-162.6676072841
1.6371640591	-1.0861989069	-161.7624209818
0.6592489921	-1.2246044204	-161.9190288859
-0.0870191956	-1.4252118379	-162.5537260231
-0.7428352588	-2.1696295673	-162.6792152079
-1.5692684144	-1.7633531428	-162.2894105052
-1.1914601360	-1.0447522784	-162.8732544077
-1.4800379068	-0.8445538153	-163.8095468009
-1.4923716300	-1.8106376780	-163.5516129927
-0.5200665848	-1.6175758538	-163.6833325095
0.3286560653	-2.1182369296	-163.8536508891
0.6263217606	-1.2216694330	-163.5256846442
1.6125941163	-1.1176960391	-163.6539670431
2.5426461282	-1.4850845865	-163.6593438733
1.9872527294	-1.7621755160	-162.8752783216
1.2135724601	-2.2141761375	-163.3192538604
0.3721357509	-2.3452272010	-162.7950307368
1.1646666972	-2.2042865722	-162.2017092064
0.2876491462	-2.1298475548	-161.7270524377
-0.1025401784	-1.6798536961	-160.9237730231
0.8819150159	-1.5381929334	-160.8199452877
1.7062365522	-1.3016931630	-160.3055895125
1.9491231628	-0.4297620854	-160.7307274787
1.6871217196	0.3623949077	-160.1795083371
0.9558830735	1.0335351402	-160.3014133440
0.5284908870	0.3641226077	-160.9090503905
0.0875079389	0.6164261486	-161.7703731888
0.3459202552	0.6663785739	-162.7351155533
0.1070463071	0.5445536686	-163.6984939470
-0.7556965859	1.0490421049	-163.6643454731
-0.8751339207	0.6822747723	-164.5869593939
-0.3865201726	0.4320139263	-165.4227979633
-0.4745596026	-0.4672282365	-165.8512983617
-0.7916574966	-0.4287896403	-164.9036848329
-0.6875715668	-0.1418798101	-163.9513987054
-0.2237180431	-0.6047378707	-163.1960164683
-0.6952324227	0.2489116546	-162.9747549087
-1.5338008113	0.3431621582	-163.5113365895
-1.8312205886	-0.0302033569	-162.6326218075
-1.5573483992	-0.6809815979	-161.9244680777
-1.0751503901	-0.6540069996	-161.0488212020
-0.7535904809	-1.2981759431	-161.7428281162
-0.4618746307	-0.4745576514	-162.2291970836
0.5046042806	-0.2191452818	-162.2553320292
1.0787208264	-0.2546420024	-161.4373282549
0.1277208302	-0.5432000968	-161.3262731626
-0.0361938460	-0.5770053299	-160.3403780439
0.9621424577	-0.5205720611	-160.3522064404
0.5094755162	0.1377942641	-159.7508359872
-0.3004537612	0.6110563653	-160.0973003420
-0.6184360245	0.2879980559	-160.9886591973
-0.9806766794	0.4091888646	-161.9128315274
-1.3483042291	1.0356188985	-162.6001708886
-0.3865234133	1.2932875952	-162.6928234929
-0.2795805786	1.8524749384	-161.8707086923
-0.3142023545	1.3051291715	-161.0345185560
0.6528128371	1.3903060536	-161.2745737951
1.0942380506	1.1949314233	-162.1503434765
0.6026879837	1.9238380961	-162.6268658726
0.2678520994	1.5578467269	-163.4951603205
0.2348400736	1.3003265479	-164.4608691605
1.0988485348	1.8021710517	-164.4203540648
