2.1169667200	-2.9028945056	-91.9988425117
2.7331821887	-2.1912835013	-92.3363158806
3.0301877504	-1.3163836754	-91.9537743915
2.1451953797	-0.8562912921	-91.8823355880
2.3262208256	-1.1335912076	-92.8259109929
1.3827224228	-0.9318891364	-92.5629907797
1.4669286808	-1.6326153992	-93.2714341513
0.6815582492	-1.8737609371	-93.8415587997
0.5727517075	-1.0069801824	-93.3548841038
0.5729967383	-0.1472187183	-93.8655798693
0.6844879434	-0.0066781468	-94.8493573131
1.5223425311	0.2443649430	-94.3646129918
2.2901325665	0.5878168042	-93.8237439868
2.2568847435	1.1952486378	-93.0300682660
1.4850497169	1.7700600206	-93.3018449499
1.4831577073	1.3617924631	-94.2147053016
0.5979085394	0.9226396696	-94.0614775800
-0.2093786898	0.5143998582	-94.4876554605
-0.5058248042	-0.1115321452	-95.2089936811
-1.1882981042	0.6076756806	-95.0787235844
-1.1811749519	0.7205387376	-94.0851385648
-1.2905697992	0.1601767670	-93.2641469515
-0.9091913151	0.9396082194	-92.7671187201
-0.1787130853	0.4596491338	-92.2812783843
0.2094906588	0.7175480782	-91.3965264487
-0.5583940736	1.3493256407	-91.5024044405
-1.0772504111	0.5252336948	-91.7296940482
-1.8949045786	0.4871025353	-92.3041395869
-1.3239662655	-0.3338265200	-92.3143830652
-1.4295724071	-0.5806078657	-91.3510833661
-2.2005436041	-0.0295785157	-91.0317558401
-2.3459591644	-0.5030752886	-91.9004647216
-1.8616651335	-1.3265874231	-92.1959085503
-0.8632002832	-1.2975973352	-92.1487119655
-0.3682394300	-0.4947086585	-91.8164718016
-0.5268306825	0.0466098982	-90.9907460391
-0.7469771316	-0.7763200725	-90.4669886483
-1.0555725544	-1.4982501141	-91.0863317520
-2.0011360796	-1.7833702814	-91.2432269719
-1.3226271113	-2.2322717792	-91.8247018427
-0.7959486634	-2.6538084057	-91.0865171199
-0.1715687627	-2.0908391944	-90.5450234387
0.7402821998	-1.7446394250	-90.7656442487
0.7524953386	-1.2786112908	-89.8809586450
0.1163149163	-0.5096883730	-89.9444568076
0.6297442216	0.1186490309	-89.3600062490
1.1994251964	-0.2601021550	-90.0893971772
1.4938944252	-0.9778295876	-90.7203925860
1.0779708996	-1.2121563987	-91.5990839803
0.3675888426	-0.9526256263	-92.2533019190
-0.0203940522	-1.4451336581	-91.4742607699
0.2701944878	-0.6296825605	-90.9736633190
0.8136202133	-0.1338181194	-91.6510162085
1.7042151227	-0.0665684810	-91.2012182611
2.2623731620	0.4297073508	-90.5362596894
2.5018023122	-0.4863984363	-90.2146638736
2.6968978948	-1.0677126645	-91.0046078474
2.0192215584	-1.7657863674	-91.2357958412
1.6858105822	-1.9353823403	-92.1631977643
1.5492531216	-2.5863335421	-92.9099337235
0.7389119263	-2.9566697911	-93.3640242541
0.3658055460	-3.0950574946	-92.4466146005
0.8012957653	-2.4985532052	-91.7724255307
0.6409345603	-1.9870587255	-92.6166160786
-0.2192365962	-2.2577894212	-92.1844003085
-0.7602578105	-2.8729206621	-92.7579067183
-0.1755491619	-2.4061301370	-93.4213992969
-0.3800769562	-1.4831107695	-93.0955103148
-1.2473736240	-1.9423513321	-92.9034306551
-1.1389953860	-2.2619735546	-93.8447572681
-0.3512748285	-1.8317144888	-94.2856353234
-0.8390437877	-1.0601671900	-94.6940422383
-1.4833037451	-0.3980889349	-94.3111826145
-1.6662802568	-1.3038572686	-93.9289479720
-1.1659509432	-0.8929234000	-93.1668430359
-0.3286088649	-0.4166544517	-92.8984661875
0.6213955488	-0.1085014025	-92.8481341680
0.8612740404	0.6563590586	-92.2502656337
1.3702976044	0.7054282892	-93.1096184262
0.6371475155	1.3800471405	-93.0237094470
-0.1737347635	1.5058825638	-93.5952296792
-0.1827463748	0.5131880361	-93.4749119101
-0.4343213231	-0.3474013262	-93.9177391843
0.1759114246	-0.8715260572	-94.5118008478
1.1382415105	-0.9106369803	-94.2427448285
2.1218425201	-0.7345723908	-94.2036255982
1.6768390669	-0.2960703009	-93.4228004937
2.4664418226	-0.0111989877	-92.8793156059
1.6593633371	0.0594647452	-92.2931151665
2.1040528115	0.9218305746	-92.0510894494
1.3924429763	1.6243992618	-92.0481429072
0.3982130622	1.6033934549	-91.9429495898
0.5597162454	1.5589733734	-90.9570776010
1.2429196178	0.9331783400	-91.3333935958
1.2523377940	0.9609960280	-90.3338249518
0.4948920816	0.3164161373	-90.4377131473
-0.2539008612	0.9786723167	-90.4646553366
-0.5573112888	0.2831365525	-89.8133703658
-1.3886574363	0.0902282991	-90.3345708922
-1.2571399883	0.9935191657	-90.7429442155
