0.3111412483	-0.5416669385	-29.3235489148
-0.5669588896	-0.0910098984	-29.1627746008
-0.2936811051	0.6495789095	-28.5488955654
0.6221465127	0.4876947475	-28.9163915419
0.4617502985	-0.3000520484	-28.3216411405
1.0681365594	0.1259134385	-27.6501881588
1.1422533697	1.0526669509	-28.0184742240
1.4309863967	1.5107831623	-27.1777823803
0.9916542391	2.1555993100	-27.8032417242
0.2923524277	1.6923142672	-27.2588669032
0.7727225172	2.1709278123	-26.5239018350
0.4822294071	1.4989657780	-25.8426670903
-0.3588796094	1.6548697372	-26.3605759412
-0.5272577392	1.1995731501	-25.4863026297
-1.2305027629	0.9535957462	-26.1533420240
-1.6566983728	0.9015248823	-27.0564732034
-0.6888077123	0.9697766610	-27.2984016309
0.1277124868	0.5003224187	-27.6344187119
-0.6013483761	-0.1394160212	-27.8777394603
-0.3537400560	-1.0563320881	-28.1907171691
-0.5081002300	-1.1989379645	-27.2130482575
0.1638351407	-1.8668740541	-27.5329923742
1.0663741112	-2.2950663865	-27.5785416120
0.9510009914	-2.1670726914	-26.5935001625
0.4598837326	-1.2959951266	-26.5882357350
0.0771723899	-0.4987709362	-26.1213678538
-0.6353875413	-0.2151212006	-26.7630852152
0.2427371754	-0.4350231517	-27.1879853372
0.9011419024	-1.0374226292	-27.6392259437
0.6876288015	-1.3941888165	-28.5486928443
1.2812586334	-0.7340952202	-29.0089971640
1.7567016607	-0.7737868498	-28.1301464927
1.8382642305	-1.4968112076	-27.4441557309
2.0462264336	-2.0078629107	-26.6101426142
1.5266410783	-1.1626721609	-26.4849082145
1.0877323774	-0.2646449508	-26.5150127359
0.9312085340	-0.5287971585	-25.5633174603
1.1990201507	-1.0368092758	-24.7446596400
1.7463752842	-1.4007236709	-23.9910226778
1.4261470766	-2.0850670015	-24.6461013761
1.7400740126	-2.1013496312	-25.5954088894
0.8613586631	-1.6240142831	-25.5921995251
-0.1195047976	-1.5369362228	-25.7663382135
-0.0354804406	-0.8384940188	-25.0556213957
0.2748894865	-1.7235873919	-24.7088069939
-0.5159427369	-1.3638116616	-24.2136849702
-0.2344742031	-0.4562032836	-23.9022006259
-0.4219593841	0.2911384919	-24.5396404877
-0.4200986244	1.1100550222	-23.9657308659
0.1536829052	1.3591338043	-24.7459452701
1.0290378392	1.8316511727	-24.6435681426
1.5426881525	1.4918244364	-23.8557349465
1.3445342532	0.6610572511	-23.3355802426
0.4804230265	0.2953269804	-23.6813448403
0.2315730212	0.6392907312	-22.7759374111
-0.5675725737	0.1244739887	-23.0863082212
-1.2188961571	0.5155116334	-23.7365905829
-1.3477217170	1.0220189677	-24.5891480856
-1.6563419427	0.0998106254	-24.8221402094
-1.0791220404	-0.6924340737	-25.0200430166
-1.1636003106	-0.7262913523	-26.0158929584
-0.6415027480	0.0550300633	-25.6739119931
-0.0965186623	0.5790341536	-26.3284439325
0.7528310072	0.7327606141	-26.8333927559
1.7331549383	0.5488333030	-26.9050567944
1.9066882884	-0.3927360378	-27.1937319629
2.3060657446	0.3414284229	-27.7428222945
2.8963167984	0.6759413710	-27.0081762702
3.0152451595	-0.0353255646	-26.3153881416
2.6210773527	-0.9543075617	-26.3051984828
2.0643152569	-1.1566484740	-25.4995471166
2.4793105208	-1.7373199994	-24.7991190257
2.8267923369	-1.4005535773	-23.9239934550
2.5794950640	-0.5030132955	-23.5589379777
1.7957960391	-0.8974761607	-23.0791308432
1.2128548619	-0.1448902423	-22.7728727504
0.2928738407	-0.5354382861	-22.8061465557
0.7680567867	-0.8308485479	-23.6349613390
1.5037436368	-0.2630199716	-24.0041978032
1.5924038006	-0.0716743543	-24.9817080232
2.3024609724	-0.6827032618	-24.6317616173
3.0413761784	-0.6022624369	-25.3007411326
3.7066223884	0.1331186752	-25.4298228896
3.6075267188	1.1178043433	-25.5732599253
3.5401733590	1.1065989084	-24.5755936669
2.6628197013	1.4649727798	-24.2565031977
2.7315704225	1.7786240760	-25.2035492381
1.9611025413	2.2233686240	-24.7468419673
1.7700812782	1.3097696877	-25.1057958091
1.5004879837	1.4254627023	-26.0617950674
2.3678889977	0.9282168097	-26.0427686836
2.6655689703	0.4379392513	-25.2236139061
3.0691492613	0.0305035088	-24.4043953366
2.7958408089	0.6089746021	-23.6358423560
2.0245762513	0.6324611748	-24.2719236111
1.0454863345	0.6792544454	-24.4698966510
0.5453950100	-0.1775160865	-24.5958050421
0.3457751810	0.4652675645	-25.3353867494
1.2441518894	0.5140049985	-25.7719001538
1.9857485772	-0.1338441904	-25.9460431444
