0.7739193929	0.0837185286	221.4785997376
-0.0847763268	0.5773762670	221.6162358460
0.6564614167	1.1069919573	222.0286359287
0.8138375748	2.0613554760	221.7748190281
1.7506421923	2.2838332583	222.0448204079
1.6944880107	2.1739697825	221.0524612368
1.5191988000	1.2217614148	221.3026070285
2.4481884867	1.3547689016	220.9572272803
1.8770824776	1.5922479033	220.1714527260
0.9190746475	1.3068817565	220.1433963603
0.4505313072	1.4070081225	221.0211445298
0.2737472578	0.5187199968	220.5972440632
0.1557329529	0.5312070418	219.6043106830
-0.4464824496	0.2672251308	218.8508850664
-1.2947104766	-0.2326593513	219.0258842627
-1.6365473270	-0.5759119613	219.9007129394
-0.7561831263	-0.9924370421	219.6738523408
-0.1167418676	-1.3687105417	220.3443246595
-0.6677347017	-2.1774784777	220.5499975127
0.1467744056	-2.2156111513	221.1288937153
0.9396468339	-2.2334335258	220.5197667372
1.6866274318	-1.6223753055	220.7817358914
2.0076765110	-1.6230866850	221.7287981822
1.1824562566	-2.1814611597	221.6437718461
1.1824714069	-1.8141936520	222.5738872032
0.8092636739	-0.9319719718	222.8609427642
1.2816840189	-0.8449712061	221.9838738477
1.5030581895	-0.5967206240	221.0408122776
1.8095408902	0.2385375263	221.4973341024
1.6478017919	0.7592385376	222.3356126486
1.9590743894	0.4557159380	223.2361588171
1.7202851782	-0.4968854748	223.0476640928
2.3524122670	-0.1839638038	222.3387950135
2.6441914848	-0.6791250178	221.5204550718
2.6254854944	-1.0693786230	220.5999377121
2.5593063270	-0.0747615278	220.6796694608
2.4109394300	0.6685790065	220.0274178883
2.3081508949	0.2110210838	219.1441991926
2.5831409081	-0.6253464962	219.6184035407
1.8817604309	-1.3373501930	219.6518125521
2.0857422294	-2.2738624321	219.9370076641
1.1903369651	-2.2117416993	219.4961103663
0.2019100824	-2.1806572540	219.6445895056
-0.2889678476	-1.6405371717	218.9609893633
-0.7719116447	-1.0212964154	218.3418721090
0.0862693228	-0.5079505189	218.3430627610
1.0498891162	-0.4508973730	218.0819462502
1.1979694171	-0.4090270201	219.0700348586
1.1898824586	0.4433884313	219.5928374019
1.4680943530	0.4794502924	220.5526799328
1.6315843001	-0.3611046922	220.0362127458
0.6542939528	-0.3380412335	220.2468585478
0.1255744875	-0.5304588616	219.4201595800
0.6480767369	-1.3167324193	219.0903637466
0.9033603851	-1.2957431260	220.0570021012
0.6944316952	-1.3237153615	221.0345328458
0.3633360255	-1.5704254960	221.9453071137
-0.1385407258	-2.4071495336	222.1644249163
-0.9407813393	-1.8205635393	222.2754513516
-1.3024817562	-2.0706291725	221.3773199651
-1.6169721407	-1.1585600167	221.6404276485
-1.1201886571	-1.0581834827	220.7783773473
-0.4972035735	-1.1367643992	221.5566540494
0.1603382931	-0.5417623399	222.0188350131
0.7651371211	0.0710652509	222.5274219983
0.8837156347	0.9289132455	223.0274579512
0.1373408839	0.4722696888	223.5116081277
0.9128486533	-0.1518240374	223.6069743710
0.2932222536	-0.8539278339	223.9578495392
-0.1428644502	-0.6154415185	223.0901210886
-0.8518279609	-0.6663958371	222.3867190712
-1.6501947336	-0.0989263503	222.5881858868
-2.0251794505	0.2440470216	221.7269334683
-1.8301130426	-0.2858108004	220.9015851873
-1.8208148743	0.6231477286	220.4848023464
-0.8467231890	0.6022478203	220.7099880086
-0.9762573270	0.7896577301	219.7362845461
-0.5710596389	-0.0804850245	220.0167598928
-0.2436501709	-0.4426603458	220.8894752399
-0.9593795428	-0.0924326279	221.4936871329
-1.1119777655	0.7692537506	221.9776399896
-0.4412062861	0.3062149652	222.5570023163
-0.9584355772	0.1416226345	223.3968732737
-1.1194305260	1.0981864601	223.1538377328
-0.2557732375	1.3839375654	222.7385758952
-0.3138088430	1.7756858823	221.8203356627
-0.6067920325	1.6781571595	220.8692052831
-0.1199480858	1.4791650447	220.0186847897
0.2035262670	2.3370659662	220.4178969538
1.1566420788	2.3426854522	220.1153433706
0.6311073303	2.7737711812	219.3818733150
-0.2678727665	2.3360301336	219.3671233752
-0.1103126338	1.4657530403	218.9004408435
0.7805123121	1.7530578328	219.2524165131
1.6247957277	2.2835136423	219.1762446793
1.7834172763	1.2968233671	219.2120427936
1.3156846319	1.4648461389	218.3442902243
1.6575698190	0.5279608743	218.4175057951
0.6904782657	0.5716280248	218.6681591566
0.0238711622	0.5032501557	217.9258927377
