-0.0624653235	-1.2425006813	22.8744334466
-0.5591926899	-1.0187189992	23.7129939288
-0.6651079883	-0.1617131559	24.2172983351
-1.4448478025	0.3969585017	23.9346469578
-1.9745474137	0.9966240557	23.3347973557
-2.4849310041	0.7243493577	24.1505026208
-3.0918292841	-0.0337136299	24.3892807284
-2.1330337005	-0.2651163396	24.5540952149
-2.0344204913	-0.0446129856	25.5244836453
-1.3741294962	0.4891498572	24.9961721562
-0.5720866845	0.9081581813	24.5705439705
0.0506156393	0.5449300554	23.8775020206
-0.7319747837	0.9716422572	23.4242152167
-0.1923596669	1.4770541390	22.7508844247
0.1944318508	0.5634095177	22.8759677082
-0.5165788446	-0.0805226965	23.1584833620
-1.4442340728	0.1486438515	22.8636300580
-1.8701925069	0.7326787108	22.1726433030
-0.8987545295	0.8449626312	22.3816901335
-1.2470258731	1.7236283687	22.0551115167
-1.5087955081	1.4349408038	21.1341684413
-0.6796218241	0.8982133132	21.2903561571
-0.1121128794	1.6028174217	21.7163451804
-0.4651600911	2.3739644535	22.2461469562
0.5020569435	2.4659420898	22.0094375937
0.6484358381	2.1739035514	22.9545760552
1.0450717514	3.0757949036	23.1256665023
1.6058616657	2.3085612685	22.8144315088
1.3065744968	2.1644721547	23.7576523302
1.6865819505	1.2653120080	23.9746900360
1.7667731524	1.3129682644	22.9790504162
1.8478826263	1.2131448293	21.9873566454
1.1099396676	1.2919639505	21.3171121110
0.8219088266	1.3067177412	22.2746195837
0.3384152870	0.5751338955	21.7939751478
1.2046790140	0.0983598093	21.6447316356
1.1665574436	0.3782461392	22.6040076064
1.4516564342	-0.3936321411	23.1722702974
1.6833866146	-0.4240404077	24.1445750135
1.2078804176	-0.7907996689	24.9441883581
0.4851962424	-0.3658563665	24.3990729825
0.3874342655	-0.4302553516	23.4059489386
0.3968291158	-0.4191026432	22.4060552673
-0.1291357779	-0.9692133163	21.7574111600
-1.1062532481	-1.1488597647	21.6435313863
-1.9332107703	-1.3989114518	22.1471338191
-1.4693796938	-1.6792712477	22.9875260592
-0.9829303502	-0.8897610241	22.6133060130
-0.6207025738	-0.1186232336	22.0897245523
-1.2646097493	0.0382612041	21.3408782246
-1.8681314807	-0.3542447819	22.0349247437
-2.7106424281	-0.4472773378	22.5655095597
-2.7484624574	0.5193844320	22.8187577939
-2.3476757937	-0.0526898310	23.5343701804
-1.6365499393	-0.7501702531	23.6228070503
-1.3934206939	-1.0530461056	24.5443027845
-0.4628605581	-1.0111632547	24.9080384860
-1.1905280074	-0.7450007214	25.5402232606
-0.5606747680	-0.0033458146	25.3095007086
-0.9804066499	0.4130699446	26.1159888131
-0.3258427306	0.5039577021	26.8665122912
0.1183520533	0.5188525921	27.7623187079
-0.5295841722	-0.2417154150	27.7209067012
0.2737782043	-0.4866320338	27.1781132396
-0.3044356108	-0.4604689412	26.3626475588
0.4716905785	0.1696682602	26.3390839043
0.3376599048	-0.3699615253	25.5079187744
0.3042862043	0.5294451443	25.0720818338
1.2411067305	0.3990673474	24.7474760239
1.1101895804	0.3882079826	23.7561421881
0.7542605200	1.2592567642	23.4176329207
0.0199628514	1.6234017519	23.9905250238
0.8268958471	1.3544069027	24.5163585635
1.2567402921	2.1737453467	24.8957241752
0.5178072311	2.5830002558	25.4309702407
0.0166489366	1.7947406033	25.0739169058
0.6944807382	1.3991762907	25.6936530782
-0.2288157054	1.0452332033	25.8428106063
-0.8498584482	1.6023304811	26.3941258833
-1.3374447863	1.0021086026	27.0281552671
-0.4952940482	1.3668068764	27.4253671796
0.3011153517	1.4516829381	26.8265950010
0.0208095259	2.2050265798	26.2316983701
-0.7348004750	2.3724489937	25.5984343952
-1.6269375705	2.1553065731	25.9945916519
-1.9290562148	2.2214869716	25.0436213686
-1.2321088868	2.9156000192	24.8634228693
-0.2531170571	2.7585628847	24.7333677439
0.3289761465	2.7423729156	23.9204068671
-0.4271619561	2.5305358236	23.3012298195
-1.1900263213	1.8889334756	23.2213274584
-1.4803495174	2.6946798604	23.7375495086
-0.9298178172	2.0432967875	24.2596749144
-1.6470732614	1.3520710375	24.3477180302
-1.1442567165	1.4759126624	25.2031937892
-1.7833682132	1.1268294954	25.8885239558
-2.4270747860	0.9273300604	25.1497128680
-2.7827464376	1.6557622121	24.5641496548
-2.3091200507	1.8759739810	23.7113983297
-2.1616506742	1.9687519718	22.7266927760
