1.0391680920	0.1781001641	-207.5036750506
0.3795104379	-0.3571043136	-208.0313188191
0.0581060251	0.5838776823	-207.9252429647
-0.9011982871	0.3159148909	-207.8361857979
-0.5282643616	-0.1955826995	-208.6103243528
-0.0353985823	-0.6181649752	-209.3709211868
0.0735945585	-1.4487508145	-209.9170417402
0.2957998497	-0.6432713217	-210.4664301232
0.3678592413	-0.4948659411	-211.4527278912
0.6643809978	0.2577819239	-210.8648537216
0.6509301428	0.1525508100	-209.8704969007
0.3790294996	0.3951445807	-208.9392513356
-0.4069827003	1.0116958723	-208.8939818480
-1.3841879666	0.9047358384	-208.7105985918
-1.4161265532	0.0501555155	-209.2289347746
-0.5520304465	0.2213916616	-209.7022381663
-0.9031751012	-0.6398046973	-210.0697136930
-1.4085329787	0.0739855725	-210.5546022022
-0.5126283017	-0.0928236766	-210.9663417852
-0.4866831222	-1.0920351498	-210.9963963930
-1.3634061418	-1.4175802139	-210.6423100220
-1.4054659820	-2.4140841089	-210.7144969810
-2.1300310246	-1.9960893225	-210.1665135344
-1.8948662560	-1.1121813007	-209.7622807544
-1.1670227530	-1.0251387133	-209.0820841481
-0.3788962564	-1.5872993721	-208.8314209898
-0.4331627312	-1.2504983697	-207.8914102268
-1.2741908754	-0.7096383970	-207.9033329234
-1.9368800297	-0.0292052320	-208.2161488321
-2.2280642993	-0.7156285211	-208.8825081866
-2.7065244408	0.1610385596	-208.9328144733
-2.2328813239	-0.0641765243	-209.7842487713
-3.2010773719	-0.3100572855	-209.7379987570
-2.9068202238	-1.2336585938	-209.9837086554
-3.1396424379	-0.9061842596	-210.8994348028
-2.1999504993	-0.6386439330	-210.6863591488
-2.8551966695	0.1165269042	-210.6671377243
-2.7647726011	0.9304399001	-210.0932308303
-1.7753093617	0.8764334856	-209.9588961547
-0.8929592153	1.2986178590	-209.7510053808
-0.6585181411	0.8411999145	-210.6087968512
0.1247786199	1.0773078577	-210.0337323128
0.4573268388	1.9427671710	-209.6590432963
0.5482612851	1.8040318085	-210.6451890389
-0.0786331524	1.3584269936	-211.2842819219
0.1255335999	0.5013244925	-211.7572420046
-0.8709271090	0.5251196719	-211.6766203872
-1.5859238609	1.0552854466	-211.2208749582
-2.1966063351	0.3071789840	-211.4804970610
-2.4433467673	-0.6463499982	-211.6534179657
-2.1844800709	-1.5022091635	-211.2056533817
-1.5196713999	-1.4332638602	-211.9494786140
-1.3933866620	-0.5764551644	-211.4495475949
-1.5216878593	-0.2993037013	-212.4017691391
-0.9056055127	-0.9863883431	-212.7869408375
-0.1226311654	-0.4782025103	-213.1456863334
-0.5735209640	0.3341569157	-212.7758613038
-0.4545497158	-0.3740195524	-212.0799217000
-0.3055978339	-1.3627625771	-212.0657594942
-0.7515898889	-2.0470909951	-211.4888836816
0.0955097001	-2.4936261398	-211.7770306073
-0.6388737785	-3.1355867887	-211.5566504097
-0.0622735832	-3.0593431842	-210.7431892074
-0.5563048697	-2.6613454790	-209.9701879689
-1.0376960138	-1.8069022656	-209.7747669837
-1.6439307771	-2.1288538846	-209.0475623586
-1.8463936200	-1.5760856229	-208.2391960764
-1.0715755615	-2.1907475338	-208.0913863624
-0.7992925426	-2.7426424044	-208.8795957314
0.0187198260	-3.1647189280	-208.4888180798
-0.0496271983	-2.2550006989	-208.0792555962
0.6291390744	-1.5896609891	-207.7684511279
0.5611256580	-1.2252299838	-208.6971944819
1.4793149015	-1.3743565998	-208.3301934389
1.9758840352	-1.0691863298	-209.1427758666
2.0312658129	-1.4715098013	-210.0565967916
2.5058457084	-0.5997300939	-210.1781454013
1.7696255643	0.0763547443	-210.1483260969
1.3497587748	-0.5854060221	-210.7694416796
0.9772401875	-1.4790669446	-210.5192416440
1.6724682937	-1.7609682949	-211.1804447210
1.1499050932	-2.5965410770	-211.0108987766
0.6893199829	-2.3731308940	-210.1518590532
0.1921659218	-2.3409574781	-209.2847934785
0.9730238401	-2.3338643174	-208.6601250877
1.1458522206	-1.7384521893	-209.4447362963
0.9733954721	-0.7622240114	-209.5760268688
1.3618491288	-0.0430486718	-208.9999274090
1.2987177070	0.8071874819	-208.4773253554
1.2116844198	1.0938707251	-209.4313892553
1.1573087170	1.0441294020	-210.4286701002
1.1030051287	1.1215079345	-211.4241919147
1.8417540134	0.5176735888	-211.1248022550
1.2393578718	0.0283508900	-211.7554227312
0.5556349476	-0.0355300904	-212.4823630198
0.6629797228	-1.0249101379	-212.5803641469
0.2566319237	-1.9293805635	-212.7100357138
1.0538703118	-2.0039273216	-212.1109916976
0.5115099611	-1.5188468001	-211.4250309570
-0.0613858233	-1.9818481277	-210.7487024933
