2.1169667200	-2.9028945056	-91.9988425117
2.8679721290	-2.2739798767	-92.1999824261
2.9188209880	-1.2960379114	-91.9973894694
2.0335045046	-0.8343554313	-92.0527429867
2.2107139505	-1.1243874607	-92.9932100165
1.2672155477	-0.9226853895	-92.7302898033
1.3578064686	-1.6045879104	-93.4561012369
0.5660513741	-1.8645571902	-94.0088578233
0.4393255090	-0.9850445009	-93.5501662227
0.4756745298	-0.1232472751	-94.0561151235
0.6279307140	-0.0792315661	-95.0434755803
1.4299014276	0.2087380800	-94.5201052931
2.1920176834	0.5863859516	-93.9942147173
2.1600534131	1.2191788455	-93.2205536553
1.5183447561	1.8990514660	-93.5754948046
1.3377843493	1.4477273892	-94.4493966968
0.5207373580	0.8953207387	-94.2842267647
-0.2957017904	0.5364736312	-94.7366158343
-0.5970372623	-0.1247059970	-95.4236663657
-1.4167554411	0.4218590157	-95.2524098497
-1.2325532996	0.7027609821	-94.3105161953
-1.4289080894	0.1802208635	-93.4808194911
-1.0405060169	0.9206793817	-92.9323078568
-0.2665959380	0.4541330605	-92.5040582566
0.0830456370	0.6715522970	-91.5927516976
-0.6502627716	1.3415278770	-91.7084733462
-1.1651332638	0.5197176215	-91.9524739205
-2.0797052701	0.1180646731	-91.9052197740
-1.3743836753	-0.2865438504	-92.4872965650
-1.4904098897	-0.6107266404	-91.5484443741
-2.1526841459	-0.6556628303	-90.8005315795
-2.5060224562	-0.8482341399	-91.7159922991
-1.9204858082	-1.2463663741	-92.4221350311
-0.9249055660	-1.2834936276	-92.3358706215
-0.4299447128	-0.4806049509	-92.0036304576
-0.5885359653	0.0607136058	-91.1779046951
-0.8318711606	-0.7544009374	-90.6521896924
-1.1120873409	-1.5717903737	-91.1555319236
-2.0537239890	-1.8160142551	-91.3872108365
-1.3843323941	-2.2181680716	-92.0118604987
-0.7071672222	-2.8487733967	-91.6326715566
-0.1380440156	-2.2922487319	-91.0273790048
0.7378930142	-1.8264193685	-90.9019305131
-0.0610413518	-1.4981785381	-90.3979842499
0.0806604805	-0.5326162063	-90.1797871505
0.5799031333	0.1527916401	-89.6497184213
1.2140667832	-0.4157875168	-90.1736976266
1.4691434844	-0.9654621392	-90.9691809300
0.9928461298	-1.2646582114	-91.7959956253
0.3233612899	-0.9761994934	-92.4805258417
-0.0783422727	-1.4619883361	-91.7042247093
0.2259669351	-0.6532564276	-91.2008872417
0.7943012292	-0.2329423922	-91.9082289143
1.6377418592	-0.0411929910	-91.4063922169
2.6194111552	0.0748483958	-91.5575867600
2.4689695335	-0.2308306307	-90.6174124935
2.5587310006	-1.1701049249	-90.9486324798
2.0406729794	-1.8387838317	-91.4820032760
1.6539557622	-1.9585593536	-92.3963902938
1.4148459131	-2.7696751678	-92.9301670412
0.6946843736	-2.9802436582	-93.5912481768
0.2987163039	-3.0955417797	-92.6802511236
0.7435698501	-2.5159586281	-91.9974710031
0.5917558975	-2.0061241196	-92.8442421043
-0.2647439316	-2.2866567982	-92.4109876076
-0.7959203372	-2.9032426454	-92.9920844319
-0.2356369551	-2.4084162577	-93.6563354220
-0.3955773152	-1.5376318436	-93.1914122183
-1.3074614173	-1.9446374528	-93.1383667802
-1.1777232667	-2.2847387478	-94.0697631091
-0.4347679699	-1.6428574668	-94.2595151792
-0.9349127095	-1.0929689921	-94.9284530723
-1.4971078646	-0.3900281724	-94.4927802460
-1.5811543135	-1.3482762723	-94.2194731415
-1.2518760975	-0.8008010220	-93.4501574021
-0.3855460180	-0.4292426176	-93.1163662317
0.5660590531	-0.1263073280	-93.0646168460
0.8011862471	0.6540729379	-92.4852017589
1.2714373875	0.5912564529	-93.3654960018
0.5881521456	1.3072570137	-93.2224419030
-0.3508720160	1.4379438501	-93.5404899726
-0.3916190836	0.4440644135	-93.6431707499
-0.5078806682	-0.4296541015	-94.1155045307
0.1462623492	-0.9990908150	-94.6133385814
1.1032268945	-0.9196085551	-94.3342303060
2.0783995405	-1.0535983692	-94.1579208045
1.6625776094	-0.3052901642	-93.6410775478
2.4361000727	0.0599457405	-93.1231337934
1.6451018796	0.0502448819	-92.5113922206
2.0754338746	0.9014802221	-92.2110378140
1.3418641766	1.5529774834	-92.4044979305
0.3712149836	1.5789097828	-92.1654003354
0.5327181667	1.5344897013	-91.1795283467
1.1993239285	0.8672275342	-91.5117902293
1.3639243089	0.7026669288	-90.5392541005
0.4600291068	0.3066105518	-90.7008486853
-0.3283498915	0.9210536539	-90.6705463862
-0.5309960971	0.2490096995	-89.9583024401
-1.4646296625	-0.0719741199	-90.1173551147
-1.6932854445	0.3350160839	-91.0017054454
