2.2315849477	3.4031692773	96.4084312554
1.2867076230	3.4713277986	96.0881793901
0.7492968345	4.1757282563	95.6244880708
0.5286182143	4.4696073878	96.5545074268
-0.3229687491	4.1975973467	96.1063889366
-0.1753617998	3.5094004053	95.3960389114
0.5069685755	3.7009202282	94.6905281629
0.6160307117	3.5535383322	93.7074798288
0.5753433199	2.5546717306	93.6827806694
0.4930696937	1.9507727982	94.4755840055
0.9737257150	1.5931268546	95.2762457120
0.3700289497	0.8054557629	95.3992272835
0.4975499532	0.2569899052	94.5728353688
0.8887024341	-0.6415347813	94.3737044460
1.4162195065	0.1376200585	94.0351140238
1.4376972553	0.6206418492	94.9104589021
1.1976794440	-0.2199801230	95.3959958731
1.9823676090	-0.3146063988	94.7833700887
1.7355796658	-1.1846825914	95.2100586522
0.7400916930	-1.2204093621	95.2979636791
0.0294018387	-0.5884451369	94.9888663656
-0.5361421502	-1.0787252735	95.6520295312
-1.2960436514	-0.7139234731	96.1900530948
-0.4987480243	-0.4084708433	96.7106473455
-0.1356277287	-0.7432006795	97.5801872168
0.5124087520	-1.1508099065	96.9368339408
1.2686481698	-0.7681185882	96.4061275268
0.4340110996	-0.3971886233	95.9989519844
0.5258906183	-0.1857412276	96.9720132121
0.1711707727	0.5527343943	96.3985783100
-0.8146011917	0.6412163989	96.5414928615
-0.5125938258	0.0537504962	95.7907096944
-0.8057402473	0.9352048109	95.4204348416
-0.3229480264	1.5373155398	96.0563391910
0.6073699800	1.5637564846	96.4221387035
1.0701118322	2.3807317345	96.0780145700
1.6880556238	2.5137932768	95.3031338719
1.6336423743	3.4917516620	95.1015486664
1.2721399403	2.9673109768	94.3306544079
0.7298893938	2.8211496381	95.1580607216
-0.0276782572	2.4839862565	95.7169990977
-0.4671586708	1.9904856883	94.9664565238
-1.2338719346	2.0035005410	95.6083142842
-1.9685522176	1.4099722636	95.9369007503
-1.9608836544	0.7507392017	96.6888003203
-1.5594630874	0.3152456533	95.8830665568
-1.8158270425	0.8123530124	95.0541143290
-1.3223092128	1.4327884795	94.4446063446
-0.9601750888	2.2884812763	94.0749460766
-0.2034137930	2.8991923129	94.3080648678
-0.9801198019	2.9322801493	94.9370584853
-1.8105247301	2.3969136509	94.7827524014
-1.8316405438	2.9627581091	95.6069939750
-1.3093542316	3.8149117097	95.5745710056
-0.8760483078	3.1239062457	96.1531532600
-1.5073999514	2.4714409576	96.5723001911
-1.2541796356	1.5223078356	96.7594519702
-2.2097756423	1.7976060409	96.8645574889
-1.8538176994	1.5378624443	97.7622362771
-0.9266499817	1.3469377625	98.0845835883
0.0669601960	1.3787456501	98.1928752002
0.6850101697	1.8162060969	97.5396963675
0.5158491620	2.6965781301	97.0966053648
0.2144591458	3.3591773913	96.4109478138
-0.5340720001	3.4013224330	97.0727067724
0.2525528021	3.6225312365	97.6491511200
1.0684579909	3.5992543533	97.0714341394
1.8712810848	4.1767298322	97.2197485055
1.5041271823	3.7238923867	98.0322362038
0.9204037044	2.9168409718	98.1213143438
-0.0127598410	2.5791065021	97.9982646570
-0.8693520557	2.2779093771	97.5793015683
-0.3656337977	2.3059791404	96.7158897286
-0.2325476661	1.4083259335	97.1360168542
-0.3430686769	0.4604039055	97.4347289816
0.5132582754	0.3175644157	97.9310162280
0.9241656248	0.7344480800	97.1202368741
1.8514816030	0.4975837425	96.8304432197
1.1803782202	0.5587131668	96.0916039659
1.7423801070	1.3829319241	96.0221970551
2.0687646074	2.2464665016	96.4066202482
1.6523394270	2.7784461889	97.1439042379
1.6266046344	2.1278668599	97.9029063836
1.6522587050	1.5312543727	97.1007870603
1.8388467352	0.9138627026	97.8649941218
2.6458885301	1.0868783195	97.3004153960
2.7149428114	1.2444496903	96.3153251619
2.8246962438	0.2540563625	96.3994396097
2.0955855838	-0.2526463705	95.9393852806
2.3466586692	0.6103307213	95.5009416186
2.1465548711	1.4532096529	95.0014282787
1.5181465684	1.8833012788	94.3532583948
0.9425372003	1.1095818900	94.0886224889
0.5928250582	1.4827187253	93.2292795307
-0.3112537050	1.6143170775	93.6358794123
-0.9053790706	0.8099565478	93.6314989806
0.0688192416	0.5846621404	93.6180796504
-0.1174566937	1.0642378994	94.4755808849
-0.5558857882	0.1659201764	94.5039568887
-0.1493495244	-0.5228529435	93.9036904015
