-0.3563035050	-0.3865543843	47.9312807778
0.2696690055	-1.1658188889	47.9613681144
0.0757748493	-1.0590939311	46.9861682171
-0.4895692690	-0.2676454737	46.7537991849
0.4533493247	-0.1876264348	46.4305322996
0.7534347814	-0.3432702307	47.3716612639
1.3078218455	0.4804784752	47.4903754279
1.0657505827	0.8212973171	46.5819460026
1.0030671047	0.3390714518	45.7081445398
0.5726097532	-0.0857360204	44.9117494870
-0.1976900298	0.5273786215	44.7364535079
-0.4296873613	-0.4437854899	44.7913853451
-0.9506112165	-0.3634840687	43.9415677065
-1.2913341163	0.1421949376	44.7341562808
-1.0148641388	0.9696130372	45.2229748974
-1.0526071042	1.0655929203	44.2283074502
-2.0207079383	0.8397394473	44.3368016144
-2.1506502050	1.2555419762	45.2369256416
-2.1740210775	1.3894787921	46.2276398949
-1.6393042134	1.9833059160	46.8288447037
-1.2713239353	2.3792165462	47.6701801230
-0.9080547834	1.4849827158	47.4086817866
-1.7074378718	0.9131627982	47.2242674170
-1.6683596606	1.2456609572	48.1665613561
-0.7570039458	0.8722837718	48.3398248510
-0.8656068212	0.4342827000	47.4474345347
0.1058403626	0.5325152617	47.2314698781
0.4454055335	0.2606166379	48.1318956846
0.2462540505	-0.4511991600	48.8054362972
1.1149645620	-0.5724723408	48.3251917107
1.2377075560	-1.2503124849	47.6003007558
0.5751797231	-1.8972486474	47.2227686745
-0.3498544187	-2.1924588386	46.9836812855
-0.7632617704	-2.5278050452	47.8302256040
0.1214226095	-2.2974336641	48.2355188001
0.4846815918	-1.5974105744	48.8503444547
-0.5015303778	-1.4568853866	48.7629452400
-1.2335900821	-0.8590136215	48.4363905863
-1.4902537702	-1.8081231117	48.2538668156
-2.1419642828	-1.2423129005	47.7487606755
-2.0530034396	-1.1194926516	46.7603269879
-1.8694162583	-1.0051625179	45.7839948889
-1.8813374901	-0.8552810872	44.7953627830
-1.1576268519	-1.3099033755	44.2761696714
-0.1598989898	-1.3731695624	44.2993322003
0.1252354114	-0.5034553585	43.8964729487
0.9943698192	-0.7787773595	44.3073295865
1.6184852243	-0.2715928869	44.9016728139
1.9021906615	0.6722897953	45.0707784233
1.9808312383	0.0663249795	45.8623732070
1.5481086392	-0.3339164824	46.6701837816
0.9882182466	-1.1472013736	46.5117841794
1.5695508867	-1.8864031683	46.8518328058
0.9151802570	-2.1568712109	46.1456840135
0.0629234614	-1.6398220406	46.0661949579
0.5716881109	-1.4916284583	45.2181400106
1.0438244789	-0.7118982404	45.6293674869
0.0495236736	-0.6054965035	45.6360442296
-0.8684616128	-0.2101076157	45.6671993496
-0.8768124862	-1.1760898982	45.4087259607
-1.5689484283	-1.8680783969	45.2035437114
-0.6310831637	-2.2026238980	45.1114130809
-1.0329913546	-2.2327142659	46.0265985134
-0.9532512659	-1.3303182026	46.4500638167
-1.3865579183	-1.8734034857	47.1693021084
-0.6571878936	-1.4053890163	47.6682828931
-1.2568737252	-0.6848567506	47.3201304014
-1.5855305726	-0.2508276518	46.4813196849
-1.7733007513	0.4176787637	45.7617076142
-2.4888036701	-0.0266757588	45.2226300395
-2.7125290434	-0.3760683879	46.1325046177
-3.0650404251	-0.3264479199	47.0669956743
-2.4977501509	0.4256659484	46.7315758271
-2.1157091461	-0.0670961376	47.5133879511
-1.5321268509	0.1706471940	48.2898606248
-0.7313719644	-0.0166196162	48.8588270154
0.0085300094	0.6241705868	49.0636024649
0.4552217304	1.2148554761	49.7355830212
0.3910527620	0.3910532294	50.2988167220
-0.5136708571	0.2787891294	49.8878764041
-0.0554626698	-0.6067467599	49.8112510434
0.9037976462	-0.3636834960	49.6672375167
1.1141340784	0.3288966594	48.9772438112
0.9924068191	1.2560863267	48.6229814858
0.2341948119	1.2666659298	47.9710592327
0.5993295444	1.9887435384	47.3834534513
-0.2934976239	2.1780707585	46.9747789459
-0.0114610736	1.3479820134	46.4937300300
-0.1304730126	0.5393074998	45.9176382930
-0.9564066199	0.6491716671	46.4705971895
-0.8973912988	1.6107737380	46.2025698603
-1.5127292938	2.1297719837	45.6092740042
-0.9268310170	2.1265855964	44.7988956628
-0.1934657627	1.6096337943	44.3573798216
-0.1375297641	1.4782163068	45.3471275712
0.7698750256	1.2900048190	45.7228841194
0.8700053438	0.9277361914	44.7962043685
1.1716468317	0.3119583876	44.0683100704
0.3506777366	0.8492557187	43.8751227964
-0.3784669397	0.3335521104	43.4252363335
