-1.9202733264	-0.0371492627	79.1716908546
-1.2837470035	-0.5305930507	79.7644365575
-1.4391061648	0.2871950486	80.3185901063
-1.4516464906	1.2855880476	80.3738545581
-0.4613900025	1.2742072594	80.5126442031
0.1484862405	0.5452067199	80.8234643788
-0.6900700573	0.0212627659	80.9728165415
0.1253544301	-0.5543042608	80.9111277820
0.8257152152	-0.1219421493	80.3431860814
1.3149435913	-0.5433671985	79.5796047014
0.7013853895	0.0685056153	79.0804474189
0.9341146898	0.7112554397	78.3505777483
0.7906350357	1.6002737739	77.9157674560
1.5963100281	1.9013313514	77.4056183193
1.0793966267	2.1399730154	76.5835169316
1.2093280982	3.0104258318	77.0583113157
1.2592011865	2.8430032382	78.0429342639
1.0886751403	2.3477686141	78.8947931341
0.2730633973	1.7780578982	78.7937625206
-0.1198920169	0.9116481182	78.4856714049
-1.0141191584	0.5135436450	78.6902945897
-0.4350600669	-0.2989219942	78.7580452636
0.3413118694	-0.3986720297	78.1357137226
0.7976326650	-1.1725248934	77.6964836271
1.7939432647	-1.1161561512	77.6317707699
1.5192311654	-0.4915901977	78.3628320753
1.7631400998	0.2404466280	78.9989378192
1.3789162085	0.6584434368	79.8221332208
1.4215295788	1.3196426818	79.0731341160
1.9225005601	1.2868825717	78.2082902856
1.9559732222	0.4415499295	77.6750996021
1.1948257666	-0.1556497502	77.4221033702
1.3856269278	-0.7838773431	76.6678321933
2.1802224165	-0.3201896546	77.0597655254
1.6237061775	0.2695561213	76.4745394191
1.1666692167	0.9351067244	77.0645899349
0.3463621024	0.5213839644	77.4594693039
-0.5561841230	0.1783032759	77.7196729784
-1.4802390378	-0.1280792263	77.9482605476
-2.1856618401	-0.4983054238	77.3438507258
-1.5050816972	-1.1937394328	77.5744634059
-0.6111223063	-0.9379214022	77.9424222928
-1.2669053227	-0.9807818859	78.6961540848
-0.3351863403	-1.2734742014	78.9111679127
0.6523659132	-1.4085336926	78.8305485565
0.3052742413	-2.2338777903	79.2758961641
0.3679339711	-1.4412759104	79.8824075145
-0.0363834528	-0.5335997377	79.7699291336
-0.5263847080	0.3380307128	79.7573145495
0.3122972522	0.8647732845	79.6189135634
0.3944600115	1.8098760458	79.9351888417
-0.3069011266	2.3687106243	79.4926998952
-1.2112507269	2.1244635510	79.8426929918
-2.1611705651	1.8636511473	79.6705616729
-2.3065336089	1.8276302533	78.6818392242
-1.7554451093	2.0599711054	77.8803910387
-1.2617106149	1.8057338614	78.7120097451
-0.7250408955	1.3490797737	79.4215537229
-1.6445200325	0.9559547738	79.4182596282
-2.6256577844	0.8791580445	79.2408590242
-2.3838651210	0.7588389765	80.2036983825
-2.5920984874	-0.1856580447	79.9496034357
-2.9623356227	-0.5020922915	79.0762227449
-2.3640333451	-0.8721271802	78.3655128422
-2.5337013542	0.1133740226	78.3651307541
-1.9428381169	0.9164583056	78.2880835659
-1.1540270861	1.1440570395	77.7171405092
-0.2224366608	1.4999691789	77.6432092668
0.2071789745	1.2717997933	76.7694992821
-0.7895585431	1.3230743513	76.7071675833
-1.3137509131	0.9830588653	75.9263911566
-1.8405426257	1.3489602190	76.6935982283
-2.3805182371	0.7409810382	77.2756529121
-1.5666428799	0.3634980217	76.8339364020
-1.0414040529	-0.4779680794	76.9606604139
-0.4946239672	-1.3152283813	76.9554908016
0.0863451269	-0.5214919197	77.1356500124
0.3943003425	-1.1383736691	76.4113431075
-0.4316733554	-0.6350173797	76.1575717613
-0.5426352036	0.1027266200	75.4916729257
-0.1372321240	-0.5628105419	74.8650082393
-0.4331389387	0.2741068958	74.4045645843
0.5645989766	0.2369224221	74.4605678641
0.4795431841	0.2886892727	75.4555983688
0.5398507500	0.0767752590	76.4310241467
-0.4208068110	0.3318952294	76.5408005157
-0.1842235340	0.9867219352	75.8230050445
-0.6745834689	1.3342322947	75.0237656034
-0.7633818481	2.0432028410	75.7233909404
-1.6017727971	2.2756985379	76.2163882705
-0.9410973909	2.2864709703	76.9669826765
-0.8189689640	3.0367253261	76.3172111405
0.0860194622	3.3389993044	76.6165878102
-0.5790937352	3.1631115610	77.3423204996
-0.6407016880	2.4953583849	78.0841494259
0.2432105593	2.8777027142	78.3534298616
0.3016546264	2.5253665238	77.4193830212
-0.0086047502	2.2601886780	76.5064647175
0.4737601286	1.9429427321	75.6899605023
0.9432784716	1.1636698559	76.1050343631
