-0.6865042876	-0.2524826210	255.8963354576
0.2740175192	-0.4476012606	256.0946447493
-0.2391782025	-1.2603328987	256.3705023857
0.6595549883	-1.3729115188	256.7943003399
1.0173393938	-0.4402093098	256.7489471867
1.5639545806	-0.1772021862	257.5439560486
0.9431757937	-0.8968898558	257.8548955216
1.6540007043	-1.4741808019	258.2567202471
2.3622176301	-0.7688517364	258.2873746960
1.5869786126	-0.4967654920	258.8574392023
1.1052495002	0.3211848510	258.5429645634
0.4008976802	0.3680909287	259.2512641706
0.2345986489	-0.5764301979	259.5345034221
1.0902432382	-0.9298204860	259.9126404885
0.9223815397	-1.8161897876	260.3441169205
0.8834712847	-2.3560887089	259.5032868860
1.5734709231	-1.6430659540	259.3787917057
2.5566167759	-1.5118355862	259.2515013971
2.9727979765	-0.6027266550	259.2337768483
3.0611913759	0.1951677755	258.6374958032
2.1420435211	0.3207909230	258.2641513969
2.1843941917	1.1925379745	258.7522738189
2.2551242503	0.4240583063	259.3882268505
1.3488138528	0.1094152867	259.6703637562
1.2699117589	1.0422006127	259.3186735585
1.7670636617	0.9840666328	260.1843873830
1.8661896395	1.9764587132	260.2574079239
1.1464163417	2.2709835124	260.8860425892
1.1623298563	1.3108391952	261.1650939290
1.2534166923	0.3305571526	260.9897362797
2.1234665407	-0.0121434225	260.6353783010
2.1315859419	-0.6134014905	259.8363646523
1.9923601699	-1.2273650927	260.6133233897
1.1167558837	-0.9420085922	261.0030525286
0.4497977971	-0.3633035198	261.4723790139
-0.4158029857	-0.3518702487	260.9717748137
-1.0531522756	0.3016747717	261.3800208044
-1.3398658369	0.0093555037	260.4676914892
-0.4658980350	0.2560960172	260.0490037771
-0.8722708664	1.0495801531	260.5020424598
-0.8571530286	1.7030692808	261.2588273770
-0.0574558479	1.6960284727	260.6584651146
0.1345257768	1.4698382349	261.6134420944
-0.1006313407	0.5651154926	261.9686573666
-0.3672444241	-0.3909384728	262.0906339180
-1.0144574149	-1.0199607645	261.6599991528
-1.0258778672	-1.3795788983	260.7269694796
-0.3069870401	-2.0741790019	260.7539263859
0.2356068077	-1.4477459906	261.3135455410
0.0759752845	-1.0573973179	260.4068230419
-0.6969562841	-0.9314242302	259.7849648817
-0.4104668232	-1.0222916803	258.8312002905
0.3403241839	-0.4502518190	258.5009227395
0.7566419797	-1.2443445731	258.9437502349
0.1584347667	-2.0038680777	258.6882660352
-0.0946982756	-1.8457473855	259.6426881167
-1.0081943955	-2.1714854814	259.8864493354
-1.3539144262	-1.5583605799	259.1761286222
-0.9928063791	-1.8903546023	258.3047039569
-1.8309969484	-1.5354305849	257.8906200144
-1.7068385054	-0.8012242990	258.5580972131
-1.4632247769	-0.3096200701	259.3941460355
-0.5734958770	-0.0543774461	259.0156837684
-0.5641235467	0.0210860997	258.0185792540
-0.0974795199	0.8233380965	258.3909165822
0.7837524712	1.2576774779	258.2044240101
0.1349370915	1.8889745760	258.6292799586
-0.8337172310	1.6553957343	258.5447238935
-1.5251962615	1.5940309320	257.8249384314
-0.8230615972	0.9162480984	257.6067244456
0.0129750235	1.1670169396	257.1187103504
0.4429209615	0.4545951496	256.5640918477
-0.4864065903	0.2448923938	256.8680244975
-0.0466900736	-0.5730471690	257.2390019317
0.5194650906	0.1750686261	257.5851104221
1.1758277759	0.8891985120	257.3417864992
2.1618798808	0.7267971176	257.3053580301
2.7646618362	-0.0442635509	257.5105880471
2.1791823862	-0.4869059906	256.8314109832
1.6987662751	-1.2765406101	257.2130882394
1.0392411724	-1.9085589096	257.6200028596
0.1627394473	-2.2993150007	257.3388367111
0.0387420387	-1.4386286053	257.8326419068
-0.8359344356	-0.9539257889	257.8347022578
-0.7650014955	-1.7672384752	257.2572154682
-1.6607876698	-1.7087292087	256.8165979519
-1.4176764917	-1.1317757394	256.0368405221
-1.0106701911	-0.6500441220	256.8129078646
-1.9970918685	-0.7650657428	256.9301354254
-1.5926258584	-0.1271013845	257.5854282791
-1.5648226626	0.2602963107	258.5069216367
-1.2062146689	0.7472053056	259.3033636858
-0.2850518934	1.1234407206	259.4028928446
-0.8344702509	1.8885543803	259.7386614497
-0.0154718128	2.4269863380	259.5403370052
0.4712648488	2.7899206711	260.3349224897
0.7824322953	1.8904062091	260.0282491246
0.6895773293	0.9161444204	260.2336558490
0.0895757817	0.5616927806	260.9508463243
0.5189371314	-0.1566587774	260.4034708859
