0.8052970381	-3.6236676826	-115.0327386047
0.0784421015	-3.1040730077	-115.4818524823
-0.8285031331	-2.9289652176	-115.0987237791
-0.1463640666	-3.4557543755	-114.5915951197
0.6536009742	-3.1428641634	-114.0795837443
0.7312133957	-2.6810841221	-113.1959913578
-0.0212684405	-2.0399759833	-113.3468271641
-0.5457591760	-1.1973046090	-113.2251126482
-1.0891061473	-1.3619009332	-114.0483271518
-0.8646436467	-2.3350228623	-114.0998081865
0.0088542233	-2.4405874747	-114.5750529483
0.8502017167	-2.4668104368	-115.1149110330
1.0620096451	-2.8772084885	-116.0018782481
0.7975840853	-3.7474098909	-116.4176048921
1.5309972416	-3.8867560104	-115.7522570124
2.0352135407	-3.4650715760	-114.9986336572
1.7254522723	-2.7242245401	-114.4026524277
2.4710708988	-2.0831218381	-114.2208828224
3.2341422691	-1.5354565209	-114.5640807012
2.5164405712	-0.8638912793	-114.7482121734
2.1042072909	-0.1226395407	-115.2779381238
2.7458676533	0.2152658684	-115.9664814513
1.8783564251	-0.1366033306	-116.3180669115
0.9534697876	0.0312978615	-116.6592324101
1.3441282458	-0.5248727767	-117.3927582721
1.6076362398	-1.2718588206	-116.7823687348
2.2184272167	-1.9597243763	-116.3902267200
2.3995339834	-1.0433689737	-116.0331649394
2.5306737340	-1.7193602544	-115.3080179514
2.8649491404	-2.6389228120	-115.1014637083
3.1422405639	-2.6703302398	-116.0617360862
3.5103127266	-1.7611895503	-115.8668358814
3.3033539630	-0.8305549585	-115.5650291109
3.4442828752	-0.3844147976	-114.6812316237
2.9114057363	0.4582675758	-114.6042356978
2.1486136054	0.9302579446	-115.0462461689
1.7464522880	0.8155574654	-115.9546018673
1.6575198152	0.7515411664	-116.9485802015
2.3604429628	0.1857658373	-117.3796223404
2.4391453896	-0.7988316635	-117.2235015873
3.2081903276	-1.2169722743	-116.7400470259
2.9598832563	-2.1215312965	-117.0866254062
2.0175256234	-2.1005919765	-117.4205769545
1.7087029873	-1.3375229380	-117.9883394242
1.1876797409	-2.1157297948	-118.3389515528
1.2327701891	-2.9628814666	-117.8095170466
1.7170169943	-2.9939701071	-116.9351381081
2.1892867420	-3.1384734309	-116.0656094572
1.8531001403	-2.4863494203	-115.3861149071
1.5742836032	-1.7720254580	-114.7442406082
1.5288977028	-1.0279605324	-115.4108045634
0.9301335083	-0.9167340824	-114.6176399423
0.4546570665	-1.4220584165	-115.3377576206
-0.5280012617	-1.5799459356	-115.2405252119
-1.4030398584	-1.4866614279	-115.7155046376
-1.2722731053	-0.7887954959	-115.0113148924
-1.2170127210	-0.2635373971	-114.1621681326
-0.2805871785	-0.4834403257	-113.8887638434
-0.1707060832	-0.6149305980	-114.8739726807
0.0228279724	-1.4341649844	-114.3341582779
0.8249221465	-1.9952149236	-114.1295418039
0.7226539350	-1.2111094915	-113.5173981245
1.1498679871	-1.7316280672	-112.7781088941
1.6716279773	-2.1484807397	-113.5224209000
1.8385109953	-1.2432110955	-113.9131086648
1.8280221321	-0.3049272321	-114.2588157307
1.5187150702	0.6419479701	-114.1707447772
1.1089669013	-0.0498871706	-113.5762108621
0.2608318484	0.4719490120	-113.6676107011
0.6193865253	0.1140224220	-114.5297748965
1.0994641435	0.1835646883	-115.4042400781
0.3992306562	-0.4175756771	-115.7893417847
-0.3013285948	-1.0522343832	-116.1155703282
-1.0961765210	-1.1818339462	-116.7083778243
-0.6774224232	-0.6797073277	-117.4650242837
-0.5191293325	-0.1412597592	-116.6373664357
-0.6033152880	-0.0779798964	-115.6429277076
-1.4339323278	-0.3786214840	-116.1116386729
-1.5786896350	0.1825303956	-115.2966822998
-1.2142001155	0.6108652241	-116.1235297252
-0.7574695926	1.0158046264	-115.3314304196
-0.3803372107	0.3921806792	-114.6466937264
0.2961119927	0.8601817831	-115.2153688902
0.1773152083	0.5025822304	-116.1416571196
0.0285272789	0.6029416810	-117.1254203699
0.5068305189	0.1927458056	-117.9019288080
0.5494934881	-0.7576603752	-118.2100001675
0.6958518954	-1.4369223095	-117.4908461915
0.2821923479	-0.6065840909	-117.1174506618
0.6784850705	-1.2093073085	-116.4248636268
1.2802870148	-1.8500939184	-115.9481803562
0.9857482993	-2.1995119033	-116.8376487462
0.4210306048	-2.9952343543	-117.0565544487
-0.3607451526	-3.2871562063	-116.5055478268
-0.7353754466	-2.5658891913	-117.0881506381
-0.8078940277	-2.2510871364	-116.1417676704
0.1908474439	-2.2052659737	-116.1213741960
-0.1251452945	-1.7551128496	-116.9565452887
-0.3916047499	-1.7341629910	-117.9201637101
0.1811351067	-2.5490387773	-118.0093069070
