2.1169667200	-2.9028945056	-91.9988425117
2.8679721290	-2.2739798767	-92.1999824261
2.9774784290	-1.2808075957	-92.2401967338
2.0802664846	-0.8394846203	-92.2558414861
2.2646418713	-1.1158371701	-93.1990461219
1.3211434685	-0.9141350989	-92.9361259087
1.4117343894	-1.5960376198	-93.6619373423
0.6199792949	-1.8560068996	-94.2146939287
0.4932534298	-0.9764942103	-93.7560023281
0.5296024506	-0.1146969845	-94.2619512289
0.6818586348	-0.0706812755	-95.2493116857
1.4343407894	0.2716919438	-94.6866828687
2.2459456042	0.5949362422	-94.2000508227
2.2139813339	1.2277291361	-93.4263897607
1.5722726769	1.9076017566	-93.7813309100
1.3917122701	1.4562776798	-94.6552328022
0.5746652788	0.9038710293	-94.4900628701
-0.2417738696	0.5450239219	-94.9424519397
-0.5431093415	-0.1161557064	-95.6295024710
-1.3628275203	0.4304093063	-95.4582459551
-1.1786253788	0.7113112728	-94.5163523006
-1.3749801686	0.1887711541	-93.6866555965
-0.9865780961	0.9292296723	-93.1381439622
-0.2126680173	0.4626833512	-92.7098943620
0.1369735578	0.6801025877	-91.7985878029
-0.5963348509	1.3500781676	-91.9143094516
-1.1112053431	0.5282679122	-92.1583100259
-1.9430448409	0.5043079656	-92.7128088724
-1.3204557545	-0.2779935598	-92.6931326703
-1.4364819689	-0.6021763498	-91.7542804795
-2.0987562251	-0.6471125396	-91.0063676849
-2.4520945355	-0.8396838493	-91.9218284045
-1.8665578875	-1.2378160835	-92.6279711365
-0.8709776452	-1.2749433370	-92.5417067269
-0.3760167920	-0.4720546603	-92.2094665630
-0.5346080445	0.0692638964	-91.3837408005
-0.7779432399	-0.7458506468	-90.8580257977
-1.0581594201	-1.5632400831	-91.3613680290
-1.9997960683	-1.8074639645	-91.5930469418
-1.3304044733	-2.2096177810	-92.2176966041
-0.6532393014	-2.8402231060	-91.8385076620
-0.0841160948	-2.2836984413	-91.2332151102
0.7918209350	-1.8178690778	-91.1077666185
-0.0071134310	-1.4896282475	-90.6038203553
0.1345884013	-0.5240659157	-90.3856232558
0.6338310541	0.1613419307	-89.8555545267
1.2766670226	-0.3845822188	-90.3928893762
1.5230714052	-0.9569118485	-91.1750170354
1.0467740505	-1.2561079208	-92.0018317306
0.3772892107	-0.9676492028	-92.6863619471
-0.0244143519	-1.4534380454	-91.9100608147
0.2798948559	-0.6447061370	-91.4067233471
0.8482291500	-0.2243921015	-92.1140650197
1.6916697800	-0.0326427004	-91.6122283223
2.6733390760	0.0833986865	-91.7634228653
2.5228974543	-0.2222803401	-90.8232485989
2.6126589214	-1.1615546343	-91.1544685852
2.0946009002	-1.8302335411	-91.6878393814
1.7078836830	-1.9500090630	-92.6022263991
1.4687738339	-2.7611248772	-93.1360031466
0.7486122944	-2.9716933676	-93.7970842822
0.3526442247	-3.0869914891	-92.8860872290
0.7974977708	-2.5074083375	-92.2033071085
0.6456838183	-1.9975738290	-93.0500782096
-0.2108160109	-2.2781065076	-92.6168237130
-0.7419924164	-2.8946923547	-93.1979205373
-0.1817090343	-2.3998659671	-93.8621715274
-0.3416493944	-1.5290815530	-93.3972483237
-1.2535334965	-1.9360871622	-93.3442028856
-1.1237953459	-2.2761884572	-94.2755992145
-0.3651846639	-1.8648301664	-94.7808656687
-0.8809847887	-1.0844187015	-95.1342891777
-1.4431799438	-0.3814778818	-94.6986163514
-1.5272263927	-1.3397259817	-94.4253092468
-1.1979481767	-0.7922507314	-93.6559935075
-0.3316180972	-0.4206923270	-93.3222023371
0.6199869739	-0.1177570374	-93.2704529513
0.8551141679	0.6626232285	-92.6910378642
1.3253653083	0.5998067435	-93.5713321072
0.6420800664	1.3158073043	-93.4282780083
-0.2969440952	1.4464941407	-93.7463260780
-0.3342738452	0.4510769953	-93.8343669568
-0.4505354298	-0.4226415197	-94.3067007376
0.2036075877	-0.9920782332	-94.8045347883
1.1948542098	-1.0580960967	-94.6902029211
2.0824355321	-1.1380130751	-94.2365371048
1.7199228478	-0.2982775825	-93.8322737547
2.4934453111	0.0669583223	-93.3143300003
1.7024471180	0.0572574636	-92.7025884275
2.1327791130	0.9084928039	-92.4022340209
1.3992094151	1.5599900652	-92.5956941374
0.4285602220	1.5859223646	-92.3565965423
0.5637081041	1.5751532643	-91.3658296290
1.2303138659	0.9078910972	-91.6980915117
1.3949142463	0.7433304918	-90.7255553828
0.4910190442	0.3472741148	-90.8871499676
-0.2973599542	0.9617172168	-90.8568476686
-0.5000061598	0.2896732625	-90.1446037225
-1.4336397251	-0.0313105570	-90.3036563971
-1.6622955071	0.3756796468	-91.1880067278
