3.0322193668	0.8903235051	225.4947852631
3.6968298315	0.5576730079	226.1638417457
3.0673407858	-0.0941782711	225.7409547023
3.7603540882	0.2334875402	225.0987960936
3.1225901854	-0.0982892518	224.4036836102
3.7459273892	-0.7549815618	224.8281903126
3.2046823087	-1.5958259355	224.8223164619
2.5445508597	-0.8535910516	224.9377021081
2.2419846220	-1.2273379265	224.0609085490
1.9834047976	-0.2669398232	224.1646965908
1.5408655678	0.6208150356	224.2913865302
1.0763652545	0.0934604469	223.5799537528
0.9779542611	-0.7785973466	224.0593601370
0.4732405988	-1.0413736563	224.8816816861
1.2943475180	-1.6051159133	224.9710018674
2.1833259127	-2.0309084833	224.8024251750
2.3877138698	-1.5526764616	225.6565444268
2.9661941407	-2.3460226331	225.8461820510
2.5631892593	-1.9495319876	226.6710349068
1.8343302790	-1.2667799302	226.7221643019
1.1372316322	-1.2517615984	226.0053463848
0.7214230039	-1.5375231347	226.8687371011
1.4378879749	-1.8524314055	227.4912406965
2.3080129145	-1.9324965689	227.9775247277
2.8500365477	-1.2911640251	227.4344750529
2.9769460866	-1.2451252378	228.4253203481
3.6138299436	-0.4742189433	228.4343998649
2.7341791783	-0.3304897800	227.9810165186
3.4057309248	0.3992864146	227.8527786237
3.6394796567	0.8290084067	228.7249601070
2.7156918928	0.4700446019	228.8582310863
2.3290989386	-0.4243857179	229.0830427646
1.9355812442	-1.3056820646	228.8213930491
1.7853432070	-0.9166633443	227.9124964832
1.4543858258	-0.0573201622	228.3023637777
1.1906624153	0.4193191636	227.4637548606
1.4113049418	0.9211232105	226.6273879710
0.6082340574	1.2279885996	226.1165936996
0.4225228810	1.4811976397	227.0660127540
0.5922520115	1.1604305338	227.9978391788
1.4664809681	1.3867838499	227.5683186230
2.0668478490	2.1450374738	227.3141315853
1.0819744871	2.3161682181	227.2869520106
1.4164400489	1.9467467920	226.4199683902
0.4773592311	2.2883201198	226.3818255076
0.4763233222	2.1109897331	225.3976746752
0.4875706657	1.3021491813	224.8097542223
0.2737049047	0.8714447561	223.9329673985
-0.4374334621	0.4354502216	224.4845025191
-0.2411130483	-0.4682990359	224.1041138037
-0.3943816025	-0.5049447366	225.0916186608
-0.8603706222	0.2786901680	225.5024356149
-0.5215658349	-0.1488656244	226.3405330797
-0.0170660388	-0.5699789283	227.0942860505
0.4465062691	-0.3089346514	227.9410189486
1.0369383543	-0.5959518103	227.1866907023
1.3158275963	-0.2318451162	226.2980698011
2.1218268545	-0.5580301578	225.8041381109
2.7852838303	-0.8107663624	226.5083747559
3.3893291947	-1.2651337145	225.8536385440
4.0162833592	-0.5311349125	226.1147405056
4.1297724069	-1.3198212312	226.7189706991
3.8623250986	-1.2301032071	227.6783572810
3.7553676352	-0.3665450852	227.1855820065
2.9923586873	0.1725993765	226.8290142081
2.0574753219	-0.1286661979	227.0167164900
2.2383673037	0.5707655822	227.7081449215
2.5871250809	1.4645990012	227.9899779072
3.3579568944	1.3406878143	227.3651064539
3.2014227603	1.6173666231	226.4169788772
2.3257011816	1.5200629897	225.9440690343
2.4420019563	1.1094877731	226.8484484466
2.2528330293	0.5111487515	226.0698564274
2.2455741571	0.2963102247	225.0932338205
2.1545344147	1.2650757944	224.8625716516
1.3697440830	1.5262468889	225.4246159512
1.2018502472	0.5455210241	225.5245581242
1.3757082999	-0.3249180016	225.0640048915
0.5571463927	0.0698798896	224.6467627205
0.1525229772	0.5104863347	225.4481027557
0.4296937468	-0.3837430454	225.7995713605
0.4442941215	0.3224769732	226.5074132316
-0.0270011400	0.5294882107	227.3647504605
-0.1804787686	0.5285260143	228.3529021147
-0.6981741341	-0.1571851982	227.8412463304
-1.1737550853	0.5667267906	227.3414721902
-1.4291369994	0.4932681952	226.3774265934
-0.5065178032	0.8564963600	226.5071922248
-0.3109947128	1.6527030413	225.9346316238
-0.7229313649	1.8292899339	226.8285696887
-0.4265758728	1.4464301159	227.7035507068
-0.2100630740	1.8260635215	228.6029953607
-0.7263680041	2.5748023884	228.1872799190
-0.0066360657	2.4295371548	227.5083955778
0.6181506314	2.7650870568	228.2134117807
1.1381276114	1.9514874016	228.4735646997
1.6538920176	1.0961221909	228.5219117117
1.5517583396	0.4029723127	229.2354325300
0.6340932649	0.2581072686	228.8654258681
0.5991452161	1.1806432731	229.2497511918
