-1.8691908026	-2.3574058139	106.9187483429
-1.3577906258	-3.1392723403	107.2753357711
-0.6225097559	-3.5021620881	107.8477631231
-0.8062325447	-3.0057671933	108.6961958224
0.0492224180	-3.4948930417	108.8663507842
0.4615761073	-4.0807230088	108.1686634011
1.1855542070	-3.6527147701	108.7096482980
0.7435454900	-2.7560405538	108.7342174650
-0.0905821914	-2.2224990627	108.5943443500
-0.5860780633	-2.4638630057	107.7599419962
-1.5152697302	-2.1637897369	107.9757170628
-1.5580736873	-1.3931808351	107.3398477824
-1.0488251497	-0.5612551645	107.5602238371
-0.7618008733	-1.3217834150	108.1426445140
-0.5267893890	-1.5795213661	107.2054461621
0.2670633042	-1.4960810027	107.8078045333
0.7036519506	-1.3534560911	106.9195205199
1.2800599843	-1.9310761384	107.4975420244
1.0460649551	-1.7984992322	108.4606981333
0.4306463544	-1.2173593651	108.9931794952
0.2389797688	-0.5233226207	108.2992220633
0.5781569524	0.1130454836	107.6064057284
1.5719991459	0.2230024930	107.5927254305
1.4512381653	-0.4971529491	106.9095029742
1.1214859061	-0.8354505874	107.7908758553
2.1128346835	-0.7041969978	107.7911867251
2.6663945030	-1.1045033925	108.5214786644
3.2488574776	-0.8217948111	107.7593679498
3.1304230669	0.0355110226	108.2603669496
2.6811516633	0.0778400097	107.3679749602
2.5555926607	-0.6535881808	106.6977155037
2.6184904831	-1.3420800808	105.9752040729
2.5412375330	-2.2664590710	106.3487753032
2.2972343874	-2.5994141925	107.2596009462
2.7107551330	-2.7232999406	108.1616280602
3.3212284422	-1.9565482111	107.9630981531
2.6313036799	-1.6284532317	107.3178404474
2.1185272944	-1.8905998507	108.1353608011
1.8232986323	-2.5497701266	108.8269781695
1.5309545938	-2.9031154001	107.9383375893
2.1123130579	-3.6662484151	108.2205615035
1.3754977726	-3.8575238804	107.5720887348
1.8139744509	-3.4858185281	106.7538141271
2.7289881495	-3.2961429819	106.3977619980
3.2538105489	-2.7728968416	107.0691597383
2.8188624180	-3.5883201193	107.4511348706
2.2927544519	-4.4383371381	107.4772399599
1.7946209453	-4.6110745302	106.6275195336
0.8465068143	-4.3260844285	106.7684458852
-0.0609886414	-4.0871549033	107.1139378240
-0.1323577669	-3.7950961426	106.1602040413
0.7940610396	-3.5767296320	105.8535050654
0.7211444407	-3.3146293063	106.8157870349
0.4823486185	-3.0509728081	107.7503788208
0.2769542635	-2.3092108225	107.1119414193
-0.3589377261	-3.0165681756	106.8032555717
-0.9387901882	-2.2497235583	106.5280820716
-0.5592548130	-2.7611499923	105.7571113188
-0.5442266627	-1.8298704065	105.3931161432
-0.0443933340	-1.6115276051	106.2312647366
0.4763182036	-2.4559241762	106.1053523649
1.3727480434	-2.4268636366	106.5475842354
1.7735400098	-1.5165135766	106.6506791815
1.1916744304	-1.6327233188	105.8457395916
0.8098766179	-0.7189537500	105.9845041606
-0.1649452093	-0.5255539939	105.8735134422
-0.8651520484	-0.8786733318	106.4940109166
-0.0488419704	-0.5299437029	106.9544731870
0.5434692287	0.1436558856	106.5123973589
-0.4333815419	0.3563275194	106.4893030284
-0.4652750328	0.3059542703	107.4875241167
-0.6750497334	0.0309740370	108.4258100253
-0.4309453117	-0.5412981043	109.2087005844
-0.5035492983	-0.1908578940	110.1424673220
-0.0122718127	0.6455114263	110.3856396727
-0.3197439194	0.6117685607	109.4346810392
0.2715896037	0.4791468220	108.6392339078
1.1412280307	-0.0078561813	108.5582581026
1.5529090357	-0.9033411888	108.7274483842
1.9896814900	-1.5641095302	109.3378703876
1.2526760166	-1.0441694745	109.7697097914
1.5664561050	-0.4515700888	110.5115777205
2.3806673073	0.0622251845	110.2412547004
1.7637449541	0.4552374904	110.9231257568
1.0746482438	0.5090369854	110.2004561655
1.0359504171	0.8239136112	109.2521127737
0.4738587279	1.4746424068	109.7626075998
0.7600593318	1.3953606177	110.7174916829
1.6080154808	1.4018916018	110.1874655367
2.1801309791	0.9103221996	109.5309265970
1.7701588268	1.5980048465	108.9317476492
0.7922596727	1.7465226461	108.7845888653
1.1571314256	1.0108497617	108.2139278354
2.0142578941	0.5737508802	108.4864691805
2.4241608304	-0.1374797258	109.0575476408
1.5362072852	-0.1022192924	109.5161271905
0.5422202613	-0.1942943395	109.5753891680
0.1622459285	-1.0165092319	109.9991605415
0.4713011865	-0.3019344132	110.6267493209
0.4488048049	0.3740269655	111.3633429179
