0.8393399520	-2.4066519119	55.8601113481
0.7669745428	-2.0608327851	56.7956178307
0.2796855206	-1.4601409283	56.1618050019
-0.1298697068	-0.5553016174	56.0454850242
-0.7747554263	-1.2864678426	56.2680122360
-0.4586377803	-2.2312736513	56.3541029887
-1.4559791036	-2.3017881849	56.3724873666
-2.1858285996	-2.1265625707	57.0332563863
-1.9678903668	-1.3043185266	56.5075020154
-1.8356106172	-0.9857386419	55.5688812587
-1.4720387375	-1.8948928143	55.3657700109
-0.4749734466	-1.8201114396	55.3821575598
-0.7811119051	-0.8747460816	55.2700701646
-1.1467849731	-0.2499435092	55.9599288116
-1.7191069729	-0.2369434906	56.7798547400
-2.4645938861	-0.2982436945	56.1161593677
-2.9820236962	-0.8928764718	56.7315277546
-3.5092250967	-0.0472435102	56.8149758079
-3.2752551078	0.3417226061	55.9239295663
-2.5202225666	0.7537364365	55.4138604874
-1.8620770294	0.0632683894	55.1136966525
-1.4317464144	-0.6111916675	54.5137639951
-0.4832702158	-0.4321077700	54.2523794921
-1.0476229060	0.3878251517	54.3483797266
-1.1122461154	1.0933826481	55.0540797054
-0.1543617994	1.2337408742	55.3045935880
0.2006311806	0.4994857415	55.8832553062
-0.4932654301	0.1881768132	55.2339524148
0.0047157474	0.5362001582	54.4396637405
0.8074893025	0.4083416656	55.0220783910
0.9377498700	-0.2908270494	55.7250686417
0.2887410597	-0.6007493919	55.0302767983
0.1517671477	-1.4506329885	54.5214192351
0.8122049802	-1.5276927447	55.2683353371
1.4023559091	-1.3942384577	56.0645211410
1.8440187543	-0.7454260183	56.6841793933
1.5921748000	-1.4658986021	57.3303170556
0.8500705714	-0.9391444685	56.9158156724
0.5939026714	0.0206317834	56.8008915528
1.2418950057	-0.1556770219	57.5418511602
0.5440130490	0.2213688955	58.1507823144
0.1774208842	-0.5203497124	57.5891207693
0.9175542002	-1.0121354424	58.0477594837
0.7426241514	-1.9838718429	57.8892418316
-0.0619128839	-1.8413270364	58.4657842298
-0.0785850511	-0.8482863351	58.5823698395
-0.8600888993	-1.1495978020	58.0360520426
-1.2382399408	-1.6345529392	57.2474962078
-0.2419344759	-1.5514959964	57.2693357335
-0.7170503566	-0.6927928966	57.0772579202
-0.7074193605	0.1480753474	57.6184120943
-0.4711002622	0.2030404166	56.6482924496
0.0530980974	0.7438489606	57.3061238860
0.3716822087	1.2597204667	58.1013475987
1.1713782250	1.0168707680	57.5522480583
0.9052271149	0.9800005928	56.5890221363
0.0377354441	1.4504109654	56.4272436383
-0.8239871646	1.9577759544	56.4233818230
-0.9150277965	1.0118303061	56.1120966903
-0.9818355696	1.0751012438	57.1078544469
-1.8278812237	0.6592605560	57.4414459242
-1.9935756693	1.5808609744	57.7924416786
-2.2488159237	0.9563968095	58.5306130132
-1.3271216075	0.5802738045	58.4356863438
-1.0398888657	-0.3357201670	58.7157798928
-1.6174664251	-0.3897397309	57.9012333628
-2.2799150174	-1.0428364141	57.5343184068
-2.5693236898	-0.0857386757	57.5199469228
-2.9199633212	0.8316956854	57.7080055357
-2.7055188094	0.7126396599	56.7385524868
-1.8746397249	0.6179658004	56.1902124396
-1.8683571950	1.4932902906	56.6737075964
-1.6442017318	1.7067752793	55.7228245921
-0.8141956852	2.0404498466	55.2758891989
-1.0058048237	2.8835226406	55.7783971114
-0.2328646701	3.4505228026	56.0631326645
0.0382415382	3.6900191142	56.9954110245
-0.1101059641	2.7080861395	56.8779348495
-0.0076625955	2.3968616634	55.9331360975
0.8252502113	1.8544171672	55.8235449262
1.5885605908	1.9234074470	56.4658825368
0.7567489828	1.9432585369	57.0205855051
0.8494772614	2.7708309350	56.4669381513
0.8612618493	3.6228873397	55.9436208416
0.5219167026	3.0403514323	55.2050432979
0.4366243293	2.1017943736	54.8706246104
1.4065819546	2.2997398602	55.0120452218
1.6796527891	2.8218997977	55.8199940562
1.7849751856	3.3148970679	56.6836264342
1.5881063534	2.5779013640	57.3302174916
0.8223937692	3.1986414845	57.4986394058
0.4180326465	2.3999425846	57.9442537566
-0.5083391583	2.7716564227	57.8837219319
-1.2394451570	2.3420900025	58.4137754286
-0.8408010454	1.4644359291	58.1476810851
-0.2654552782	1.7814417489	57.3937019353
-1.1994821085	2.1335072256	57.3333382019
-1.5072412115	3.0204020700	57.6778695786
-1.0510602355	3.1379155448	56.7957757625
-1.8113425468	2.5842316177	56.4560627720
