-0.0624653235	-1.2425006813	22.8744334466
-0.5591926899	-1.0187189992	23.7129939288
-0.6651079883	-0.1617131559	24.2172983351
-1.4346564550	0.3826226219	23.8833915841
-1.9643560663	0.9822881759	23.2835419819
-2.4747396566	0.7100134778	24.0992472470
-3.0816379366	-0.0480495097	24.3380253547
-2.1228423530	-0.2794522194	24.5028398411
-2.0242291439	-0.0589488655	25.4732282715
-1.3639381488	0.4748139773	24.9449167825
-0.6028889310	0.9146629109	24.4681180788
0.0608069868	0.5305941755	23.8262466468
-0.7217834363	0.9573063774	23.3729598430
-0.0963686346	1.5026496296	22.8148764594
0.2046231982	0.5490736378	22.8247123345
-0.5063874971	-0.0948585763	23.1072279883
-1.4340427253	0.1343079717	22.8123746843
-1.8600011594	0.7183428309	22.1213879292
-0.8885631820	0.8306267514	22.3304347597
-1.2368345257	1.7092924889	22.0038561430
-1.5864730535	1.3125937783	21.1551023313
-0.7191865844	0.8612026685	21.3650076589
-0.1019215319	1.5884815418	21.6650898067
-0.4549687437	2.3596285736	22.1948915825
0.5122482910	2.4516062099	21.9581822200
0.6586271856	2.1595676715	22.9033206815
1.0552630988	3.0614590238	23.0744111285
1.9316273542	2.5806695736	23.0456501046
1.3167658443	2.1501362748	23.7063969564
1.6967732980	1.2509761282	23.9234346622
1.7298617359	1.2810270536	22.9244341131
1.8580739737	1.1988089495	21.9361012717
1.1101829644	1.1411270208	21.2747905782
0.8224555898	1.3015030579	22.2189793753
0.3486066344	0.5607980156	21.7427197741
1.1843518339	0.0277151141	21.6109905760
1.1767487911	0.3639102593	22.5527522327
1.4618477817	-0.4079680210	23.1210149237
1.6640986780	-0.3896845933	24.1001779802
1.2180717651	-0.8051355488	24.8929329844
0.4953875899	-0.3801922464	24.3478176088
0.3976256130	-0.4445912314	23.3546935649
0.4204296978	-0.4467681832	22.3549559820
-0.1189444304	-0.9835491961	21.7061557862
-1.0995138999	-1.1456385021	21.5956543276
-1.9230194229	-1.4132473316	22.0958784453
-1.1590720565	-1.8687844458	22.5529018135
-1.0022856240	-0.8813694143	22.5736278867
-0.6105112263	-0.1329591134	22.0384691786
-1.2544184018	0.0239253242	21.2896228508
-1.8579401332	-0.3685806618	21.9836693700
-2.6773492710	-0.4686755204	22.5480714289
-2.7382711099	0.5050485522	22.7675024202
-2.3374844462	-0.0670257109	23.4831148067
-1.6263585918	-0.7645061329	23.5715516766
-1.3406010167	-1.1933687217	24.4285344584
-0.4526692107	-1.0254991345	24.8567831123
-1.1803366599	-0.7593366013	25.4889678868
-0.5504834205	-0.0176816945	25.2582453349
-0.9702153024	0.3987340648	26.0647334394
-0.3104078975	0.4603226430	26.8136399993
0.1285434008	0.5045167122	27.7110633342
-0.5193928247	-0.2560512949	27.6696513275
0.2670753744	-0.5638576914	27.1341861147
-0.2942442633	-0.4748048210	26.3113921851
0.4818819260	0.1553323803	26.2878285306
0.3478512523	-0.3842974052	25.4566634007
0.3144775518	0.5151092644	25.0208264601
1.2512980780	0.3847314676	24.6962206502
1.1203809279	0.3738721028	23.7048868144
0.7644518675	1.2449208843	23.3663775469
0.0301541989	1.6090658721	23.9392696501
0.8282351314	1.3269809624	24.4717120684
1.2580795764	2.1463194064	24.8510776801
0.5191465154	2.5555743155	25.3863237456
0.0179882208	1.7673146630	25.0292704107
0.6958200224	1.3717503504	25.6490065831
-0.2274764211	1.0178072629	25.7981641112
-0.7960588628	1.5799778641	26.3987290304
-1.3361055020	0.9746826623	26.9835087720
-0.5042817278	1.3724762157	27.3705869263
0.3024546360	1.4242569978	26.7819485059
0.0221488101	2.1776006395	26.1870518750
-0.7334611907	2.3450230533	25.5537879001
-1.6255982862	2.1278806328	25.9499451568
-1.9277169305	2.1940610313	24.9989748735
-1.2307696026	2.8881740789	24.8187763742
-0.2517777728	2.7311369444	24.6887212488
0.3303154308	2.7149469753	23.8757603720
-0.3899674357	2.4608165270	23.2303068047
-1.1886870370	1.8615075353	23.1766809633
-1.4916305509	2.6598288584	23.6971694766
-0.9284785329	2.0158708472	24.2150284193
-1.6457339771	1.3246450971	24.3030715351
-1.1429174322	1.4484867221	25.1585472941
-1.7557387726	1.1010571822	25.8682956436
-2.3994453454	0.9015577471	25.1294845557
-2.7551169969	1.6299898988	24.5439213425
-2.3279144154	1.9606812050	23.7024100744
-2.2624218828	1.7738047015	22.7222121859
