-1.8665230461	1.5182205180	-235.8230458245
-1.2055292420	2.2525099905	-235.9776619991
-0.3196358808	2.7040615618	-235.8713881494
-0.2739709376	1.9306482006	-236.5036432289
0.6418099129	1.5293387191	-236.5208517715
0.4274651234	2.1198496985	-237.2988961754
-0.1605192199	1.3111368799	-237.2828341327
-1.0881015071	1.5194270169	-236.9726626975
-0.7444730742	0.8766587373	-236.2879960349
-0.7431033964	0.4143884818	-237.1747340655
-1.6354341934	0.4303277387	-236.7236335348
-1.9084128205	0.4510665349	-235.7618370015
-1.3723089872	-0.3704996395	-235.9558001452
-0.9231957314	-1.2514692135	-235.8068374214
-0.3953425930	-0.4192370156	-235.6372478198
-1.1189638217	-0.4724137293	-234.9491020835
-0.2923158367	-0.8872453956	-234.5688813613
0.3872552040	-0.2888732320	-234.1444594551
0.4964117893	-0.1478671092	-235.1284320732
0.4936638859	-0.3877207426	-236.0992372460
0.1945752051	0.4739702665	-236.5091574406
-0.0556691067	0.6107156281	-235.5506802679
0.4960027895	1.0299779866	-234.8296551686
-0.3031350825	0.5227129036	-234.5070706104
-1.0161770802	0.5420302742	-235.2079257658
-0.7455867983	1.4979032011	-235.0935236373
0.1080300609	1.7378462999	-235.5558715226
1.0811523648	1.5168249522	-235.6205441261
1.5818652365	2.2970167497	-235.9954939617
1.9563208022	1.3881338866	-236.1791103293
2.2226902849	0.4334263085	-236.3117027086
1.8945229550	0.2442388711	-235.3862221215
1.0421398237	0.5286557469	-235.8250273610
1.2772952222	0.7158764683	-236.7787832732
1.3905229521	-0.2748388305	-236.7035325073
0.5755122074	-0.6987477031	-237.0985752312
1.0417631638	-1.5478255721	-237.3469234100
1.2453464034	-1.4010945369	-236.3789234783
1.3639308519	-0.7706962948	-235.6117626184
0.5232340504	-1.2859957842	-235.4453434963
0.0303227377	-1.2607565710	-236.3150569088
-0.3962414426	-0.4335293095	-236.6807590525
-0.3923222328	-0.3710171267	-237.6787955582
-0.4451048710	-1.2673044346	-237.2384740225
-1.3339178599	-0.8090382651	-237.2365796770
-1.2799510264	-0.7601301840	-238.2339239408
-1.2357047286	0.2369607434	-238.1718598797
-2.0639440266	0.4098954038	-238.7048826451
-1.5570734879	-0.2765706055	-239.2262718231
-1.9224414267	0.0096035928	-240.1120543006
-1.2694908986	-0.7432005536	-240.1953701150
-0.8059048386	-1.1761569844	-239.4223004583
-0.3204480596	-1.1764380820	-238.5480398355
-0.4824226724	-0.2604293266	-238.9150441742
-0.7773721508	0.1232752121	-239.7901302456
-0.4163358514	0.4522742352	-240.6627197443
-0.8004417503	1.1907929296	-240.1085962956
-1.6579808488	0.9569648401	-239.6503920627
-0.9280941373	0.9289220933	-238.9673993887
-1.0826030845	1.9152304274	-239.0250436027
-1.8877255029	1.5540611090	-238.5545814736
-1.9028721431	1.0862053864	-237.6709064191
-0.9535260201	1.2040271118	-237.9622137822
-0.1974677383	0.5983830968	-238.2103492325
0.3847549785	0.3351130933	-237.4411251993
1.3342328711	0.3217856219	-237.7546760087
0.8944971864	1.2170315634	-237.6827925476
1.3975276844	1.8506967106	-237.0950606365
2.2994262364	2.2789433020	-237.1514863299
2.8322667364	1.5096420957	-236.7989857547
2.1401496182	0.9804970156	-237.2898822599
2.3403646708	0.0158017029	-237.4609871585
1.6967972052	-0.6855215303	-237.7675269435
1.5559561269	-0.2347028108	-238.6489611571
1.0342964784	-1.0788576258	-238.5253737008
0.4631683163	-0.2791626384	-238.3401696250
0.4584030797	-0.4381959266	-239.3274313460
-0.1065387057	-0.7268192088	-240.1004367664
0.5413939215	0.0117202880	-240.2868307636
1.0898347047	0.4139101719	-239.5537168539
1.1110747665	1.4135365719	-239.5365145265
0.8878478950	2.3785257637	-239.6742302615
0.0177342756	2.5394514260	-239.2083920702
-0.6975762733	2.7807562636	-238.5525698428
-0.8453377814	3.2158383424	-237.6643862348
-0.6620957581	2.2342403106	-237.6106492371
-0.2009567787	1.7241459809	-238.3367033786
0.7601917194	1.9263095665	-238.5246487148
0.2416352518	2.7160214345	-238.1968464033
0.2593233369	3.5835884274	-237.6998407246
-0.0947226221	3.0003317227	-236.9687709090
0.6327924110	2.7357904133	-236.3357308058
1.0917779963	3.0168390269	-237.1785498310
1.3372720721	2.7047894634	-238.0963503151
1.8148990002	1.8265403982	-238.1198257696
1.6649364063	0.9389939757	-238.5554547038
0.6847299653	0.7544768115	-238.6272094893
0.0862994135	0.5072607326	-239.3892889373
-0.0294676308	1.4994262046	-239.4362534723
0.4475401803	1.1323022800	-240.2348043926
