-1.3826093224	-0.8377776510	163.6861048189
-0.7754117125	-0.8935815718	162.8935160322
-1.5892421104	-0.4219740211	162.5540069725
-1.8642956657	-0.8711701353	161.7039667425
-0.9744321704	-1.3102402459	161.8279038142
-1.4593157323	-1.9679442179	161.2514374956
-2.0795525485	-1.6064387592	160.5552908908
-1.4566462522	-1.1895766373	159.8933137633
-0.4769011002	-1.2494097192	160.0844143635
-0.5574480944	-0.2531867712	160.0519795118
-0.8685092739	0.3369305435	159.3069946143
-1.6961054615	-0.1645466257	159.5591953260
-1.2109570532	-0.7119714615	158.8773177189
-0.6032076945	-0.1073423220	158.3624737420
-0.1748046029	-0.5792730670	159.1330268960
0.5660375321	-0.4351446586	159.7890603805
1.3319782766	0.1971409315	159.9054635958
1.6838144364	1.0945879851	160.1715464825
0.6921243175	1.2050977099	160.2374123230
1.1730849600	1.0734069766	161.1042078071
1.8481392506	0.3465393216	160.9778546641
1.9404274336	0.4534722612	161.9678285212
2.0488200108	1.4261498708	162.1731315096
1.1303930579	1.0305592865	162.1732788149
0.4418823001	0.4485121860	161.7406425829
0.5168851502	-0.4762438932	162.1137387721
1.4622627266	-0.4519860506	161.7886652494
1.1676716626	-0.4405187987	160.8331106423
0.4799875412	0.2665538981	160.6683722112
0.0142089681	-0.5546781971	160.9979600851
-0.4725715788	-0.2991637720	161.8332786337
-0.5300283776	0.1579573275	162.7208252616
-1.2143826006	0.2245075734	163.4469315639
-1.9926576054	0.6886777245	163.8698193596
-1.1871092416	1.2416195263	164.0827681733
-0.8184117108	1.1696284037	163.1560107028
-0.2563873954	1.8724290734	163.5921298237
-0.5338168835	2.0504285799	162.6480169836
0.2094115282	2.5801080883	162.2392980750
0.6045327059	1.8484374499	161.6838367066
0.8801999295	2.0098108546	162.6314474949
0.9370951681	1.3157290602	163.3490918319
0.3830422605	1.1242047775	164.1592423270
-0.1964402856	0.4751148382	163.6664114946
-0.3983939565	-0.4766256019	163.8975063875
0.2941499739	-0.4710555662	163.1761521894
0.5966809618	0.4475599703	162.9219465689
0.1002237944	1.2330289867	162.5523945358
-0.6255562082	0.9296692554	161.9349674055
-1.3410342539	1.5890173337	162.1659463608
-1.5102920273	0.6633103488	162.5042042272
-2.3701896214	0.3842216611	162.9316216250
-3.2447816376	0.8615365941	163.0168229161
-3.1220161515	0.6621405541	162.0446244514
-2.2904835994	0.1278202251	161.8927844016
-1.4003696527	0.0725027469	161.4404160356
-1.1121365900	-0.7286250396	160.9159010489
-2.0577360383	-0.5216895362	160.6648644362
-2.4762269427	0.3673900430	160.8503445288
-1.5753244158	0.5077307744	160.4396388969
-1.7574595070	1.0015639380	159.5893709302
-2.1403563062	1.4314910414	160.4070216667
-2.0132147641	2.4010955971	160.1979713526
-1.2029451923	1.8517129801	159.9939077321
-0.8443772888	1.4362417523	159.1579575437
-0.1607728725	0.9173275656	158.6447197150
0.5034372781	0.1713801739	158.6935803803
0.1744074524	0.4806441145	159.5858220454
-0.5069761586	0.9476894952	160.1493688376
-0.5433483482	0.3885379492	160.9776360725
0.0053109593	1.2227757728	161.0325925815
-0.5594699116	1.8811831400	161.5301087186
0.1459771280	2.3396543276	160.9896009531
-0.1679488005	2.0824689441	160.0756500847
0.2411576643	1.5981117255	159.3023261000
1.1309567616	1.1537780916	159.1982819356
2.0448364021	1.5585214574	159.1665516563
1.9906643405	2.1754831970	159.9516781426
1.0095629280	2.1631447371	159.7585777002
1.2090337107	2.0130500324	160.7269180260
2.0903925104	1.6331798284	161.0078188879
2.0351852092	2.6304652254	161.0565425058
1.5503609818	2.4387640073	161.9098865815
0.8788447371	2.9299883734	161.3551212660
0.1615567646	3.4763786119	160.9227375571
0.0849600860	3.5873895553	161.9136005745
-0.8322986699	3.8319128220	162.2279964186
-1.2878619844	3.9087053638	161.3411114361
-1.8152102734	3.1031387536	161.0709888370
-0.9208611652	2.7315981737	160.8217955984
-0.7680939584	2.8452205228	161.8035043853
-1.7230813066	2.6574389795	162.0331503232
-1.7181844572	2.1128430084	161.1944660863
-1.2119612100	1.2775302162	160.9800119813
-2.0539267276	1.0829921036	161.4832504833
-2.9661706282	1.2231946129	161.0983422835
-2.7428810634	2.0553381917	161.6059630421
-2.4210348023	1.4726167954	162.3521873774
-1.8651887532	1.4947397606	163.1831781981
-1.4833253599	2.2307423461	163.7421777894
