-3.0894425988	0.5968921127	-69.6941152433
-2.7165932015	0.1989494976	-70.5323425406
-2.2409177377	-0.5074555544	-71.0564844638
-2.6473644564	-0.9281240649	-70.2454116747
-2.0279159795	-1.4061823494	-69.6227208516
-1.1493809001	-1.0406832625	-69.3151716169
-0.3128142734	-0.5143736479	-69.1630056921
0.5417763751	-0.0477697525	-69.3909434648
0.7949086285	-0.9723384086	-69.6757185731
1.1794219906	-1.6377600278	-70.3155338145
0.4622619686	-2.3101573665	-70.1323308623
0.9019879545	-1.9882676276	-69.2938631806
0.0092176257	-2.3857091497	-69.0817279018
-0.4826674357	-1.7195085107	-68.5211694347
0.3784074222	-1.2553490297	-68.7287894369
0.6539516392	-0.3453367297	-68.4190266270
1.4100502802	-0.0537801096	-67.8331003668
1.2374465769	0.9222515858	-67.7005481462
0.3354358470	0.6361962794	-68.0238885319
-0.5769196902	0.6524780652	-67.6148136277
-0.8725659402	1.6074986917	-67.6378114080
0.1244585789	1.5332322421	-67.6171570422
0.6687094906	1.8048557199	-68.4108897626
1.6118214383	1.4910006887	-68.5205933338
2.1354955110	0.6391527277	-68.5096153098
1.1764136792	0.4615672005	-68.7301270338
0.3422858437	0.9378731922	-69.0082697244
-0.4177840264	1.4054064275	-68.5569311969
-0.6947490379	2.3588863176	-68.4379081676
-0.9104164522	2.2118614649	-69.4032429588
0.0473256650	2.4658122354	-69.2681909576
0.6048860780	1.7603051997	-69.7056680524
1.1754261283	0.9395793699	-69.6757822141
2.1281091954	1.1791815005	-69.4887373191
1.8366303126	1.2125984406	-70.4447307129
0.9682256098	1.6586494855	-70.6613218888
1.2699456376	1.0333159161	-71.3809905291
0.3510051078	1.2250218223	-71.7256601508
0.4089936652	0.3892636103	-71.1796331017
1.2242978301	-0.0898187795	-71.5048394707
0.5220373033	0.1522361078	-72.1743464416
-0.0263154362	0.5190790273	-72.9258353274
-0.5574568522	-0.2084928672	-73.3600333635
-0.1633278675	-0.5692734297	-72.5147525053
0.6473164258	-0.9180600656	-72.0444295181
1.3219546769	-1.2971964351	-71.4110900802
0.6401944067	-2.0106127724	-71.2491022300
-0.2663326565	-2.4210131238	-71.1502071582
-0.3102933895	-1.5123530055	-71.5654230578
-0.1480630914	-0.5368324449	-71.4169610553
0.6425307070	-0.6912907878	-70.8244207054
0.0601813975	-1.4566495948	-70.5503857107
-0.2799109918	-1.5379749257	-69.6135167992
-1.0262734463	-1.6499321066	-70.2695721903
-1.0709316648	-0.8499269391	-70.8679010092
-1.5283986723	-0.3306294097	-70.1460602975
-1.9765915738	0.4876235756	-69.7860808883
-2.2537066642	1.2463219662	-70.3756434199
-1.9186104097	1.4885544240	-71.2861564273
-1.0702493853	0.9796263758	-71.4320187397
-0.4459852064	0.4553057803	-72.0111406162
-1.1417945005	-0.0735795367	-71.5252087817
-1.6795409659	0.4103787749	-70.8348370764
-1.1733639492	1.1290021428	-70.3580087184
-0.3070263691	1.2732161163	-70.8361943802
-0.2753170914	2.1341435906	-70.3284558593
-0.9738898831	2.2657550263	-71.0317868515
-1.6708974265	2.1850937948	-70.3192742198
-1.9725833394	1.9695340519	-69.3905548827
-2.2189004840	1.1380158895	-68.8926538786
-1.4915034028	1.7097141690	-68.5131086725
-1.4968147137	0.7774375758	-68.1514014100
-1.3449530429	-0.0569935735	-67.6216253347
-1.2184290135	-0.8955401769	-68.1515604853
-2.1100446021	-0.9011578022	-68.6043187921
-2.3939927628	-0.3420221840	-69.3832544779
-2.2765868407	0.1264106472	-68.5075909968
-1.4011758511	0.0072891870	-68.9760626362
-0.5019523758	0.3106861523	-68.6608683738
-0.3114133262	-0.4337153722	-68.0208986550
-0.4712439425	-0.8523938649	-67.1269397668
-0.5185138800	0.0467809865	-66.6919108716
0.2591822865	0.6285789396	-66.9300281000
0.4911380226	-0.3274949907	-66.7508098636
0.6303883981	-0.9781304300	-67.4973236666
0.1855510230	-1.8344097959	-67.2348253671
0.7903711367	-2.1738868624	-67.9552057884
1.6041017506	-1.8309122898	-67.4859394135
1.3857000753	-1.3888524609	-68.3559301123
1.5491395401	-0.5933490178	-68.9394211691
2.4522982715	-0.1648310297	-68.9654334683
1.7579882560	0.0965688403	-69.6359584196
1.5678413555	-0.6372428705	-70.2881581814
1.0343873001	0.2045117955	-70.3710789449
0.2509040406	0.7555899894	-70.0839086013
-0.4310651037	1.3327787676	-69.6347191083
-1.2971741554	0.9975831725	-69.2639105006
-0.7334690371	0.3066547975	-69.7165190735
-0.5803223505	0.2431058144	-70.7026770827
-0.1714111445	-0.5262186798	-70.2118293992
