0.9206383791	0.6488421407	-205.0406854794
0.0040235732	0.5876620452	-204.6456230874
-0.8916968517	0.9387441424	-204.9184348931
-1.4061918088	0.1020762364	-204.7306005138
-2.3208711845	0.3281199648	-205.0656615120
-1.6114348445	0.6624623850	-205.6860768773
-0.8714463912	1.2997598766	-205.9011791695
0.0199130332	0.9213251073	-205.6516486064
0.5655525921	0.1199862072	-205.8968698108
0.4081980314	-0.4001303977	-205.0573948203
0.2095967898	-1.2802465481	-204.6261720141
0.6920399095	-2.1491049634	-204.5151148655
1.1870909286	-1.4861658826	-205.0767519935
1.2071993730	-0.7156996722	-205.7139156060
0.3553846341	-1.2192006612	-205.8584784111
0.2007342209	-0.6059151847	-206.6330519544
-0.5300812006	-0.0176459327	-206.2868611012
-0.5698464164	0.0781945164	-205.2922590019
-1.4109702433	-0.3586086080	-205.6111849155
-0.6717368140	-1.0198040504	-205.7390697229
-0.8394276986	-0.7989137934	-204.7782954198
-1.7457123978	-1.1595130757	-204.5578045999
-2.2411285077	-0.4417018420	-204.0686114777
-2.7571731242	0.3559412583	-203.7564201288
-2.3024934871	1.0733993928	-204.2841703092
-1.3409816357	1.2009393256	-204.0408011962
-0.4982858832	1.3903038595	-203.5368121666
0.4129616905	1.3350565051	-203.1286754380
0.5668155994	1.3374048443	-202.1405846223
-0.0946467093	0.6315953035	-202.3941600671
-0.5603460226	-0.0212118305	-202.9916272172
-1.0329694419	0.8540461593	-202.8889113240
-0.6317278170	1.5987885270	-202.3556534463
-0.4554748840	1.5737847937	-201.3716261514
-1.3638565473	1.2154394333	-201.5871055160
-2.3316905646	1.2483080029	-201.8365388178
-1.8187392500	1.9991703548	-202.2525756881
-1.5535584076	1.8173491380	-203.1994759816
-2.1843621489	1.0777431782	-202.9648067161
-1.8587032251	0.3051106823	-202.4198431472
-2.3897551999	-0.2660485348	-203.0457512464
-2.6452132792	-1.1652985324	-203.4008436453
-1.9852315685	-1.8892608109	-203.6015991203
-1.2489300876	-2.2003479675	-204.2025025321
-1.2028189215	-1.8874531299	-205.1511703249
-0.3221518456	-2.2216140243	-204.8153697919
-0.2583297215	-2.3886957665	-203.8314945824
-0.9773069769	-2.7774286635	-203.2553362352
-0.9590093186	-1.7841590570	-203.1409654155
-0.3258560862	-1.0311922609	-202.9616389300
0.4267852006	-0.3895426205	-203.1093441508
-0.0882145519	-0.4870432152	-203.9609713515
-0.6353260916	-1.3237550973	-203.9850999548
-1.2041401507	-0.5652512191	-203.6671024188
-1.6624060608	0.3157290857	-203.5493481904
-0.7548640624	0.3220556677	-203.9692618666
0.1575519434	0.4759734944	-203.5900438093
1.1135724851	0.2526678745	-203.7801998612
1.0424141536	-0.6595588646	-204.1836584940
1.3444398177	-0.9261965249	-203.2684072408
1.5398136674	-1.8448222815	-202.9249603335
1.2426803297	-2.6413295867	-202.3983790080
1.3977427673	-1.9644208714	-201.6788303776
0.4222726665	-2.1579556153	-201.7837226328
0.1316626216	-1.3469258446	-201.2760056713
0.9613273922	-1.5552189675	-200.7580574660
1.1656768104	-0.7229231954	-201.2733487071
0.6133473622	-0.4360540205	-200.4906365907
0.2837511695	0.4697776469	-200.2244874970
-0.6420650215	0.5525375389	-199.8556851369
-1.0476504458	0.5862746369	-200.7691194650
-0.1538971170	0.5372580005	-201.2149920438
0.6340601559	0.1881082440	-201.7221584697
0.9384163028	0.4575272503	-202.6358218295
1.2555268412	-0.4416502170	-202.3342910868
0.5565284830	-1.1431035048	-202.1951344118
-0.1941329268	-0.5024721837	-202.0335826920
-0.5966131161	-1.4178973036	-202.0310239845
-1.0271659227	-2.3060465010	-202.1916953380
-1.4928343926	-1.6706982153	-201.5756714488
-1.7884658089	-1.6016975839	-202.5284783435
-1.3293872280	-0.7149589740	-202.5827138881
-2.1242388354	-0.7347859193	-201.9762340332
-1.9727915701	-0.8923245515	-201.0004034612
-1.2900496793	-0.3375576884	-200.5249066283
-1.7147427486	0.2630022283	-199.8474381174
-2.4002453800	0.3248764962	-200.5728743429
-1.8355000338	0.1701384550	-201.3835030079
-0.9785226176	0.2170192122	-201.8967202160
-1.1233456914	-0.6987352479	-201.5219935874
-0.3365730278	-0.4722985529	-200.9477852637
-0.3543513496	-0.6273952489	-199.9600459529
0.0847530852	-1.4832730827	-200.2332865590
-0.7767410546	-1.3796579964	-200.7303698125
-0.5227029062	-2.2074918154	-201.2305255755
-0.2533380751	-3.0225929917	-201.7434121713
0.2144852515	-3.0854913176	-202.6249932144
-0.0053216930	-2.1284934965	-202.8143079723
0.7466670654	-2.3897042488	-203.4195202078
0.4966589232	-1.4422576064	-203.6191217824
