-1.1073094632	-1.1250151656	-80.9856707291
-1.8725750915	-0.9715525709	-81.6108249102
-2.5928537253	-0.3056399633	-81.4165079300
-2.7528503381	-0.4928629304	-82.3857079323
-2.5196146460	-0.4522640797	-83.3572802895
-1.9524453157	-1.1871607489	-82.9854660396
-1.1547856097	-1.0407422037	-82.4004014253
-1.7248691987	-0.2326302272	-82.5485895997
-2.0659631828	0.4461676816	-81.8982909813
-1.1409274471	0.5919648297	-82.2490787794
-1.5183992098	1.5100276515	-82.3702221804
-1.0606814584	1.1392424470	-83.1783142495
-0.3873486834	0.4347840411	-83.4027275482
-0.9305862565	0.5557863613	-84.2335412323
-1.5348154724	0.2874382095	-83.4832770627
-0.9536252847	-0.5100591944	-83.3213639489
-0.3905491227	-0.3813361424	-84.1376822763
0.2681128538	-0.4348919863	-83.3871516826
0.3604814306	-1.0960657457	-82.6426267966
0.2401939557	-0.6434441402	-81.7590745312
-0.4150669061	-0.2929434105	-82.4282400126
-0.9943655364	-0.2959499785	-81.6131301687
-0.5463234414	0.0086441067	-80.7726060915
-0.4043069701	0.3445713076	-79.8414862079
-1.3605010006	0.4881520076	-80.0965892431
-1.7302889886	-0.1426364144	-80.7787643016
-2.2847361363	0.6888159040	-80.8144770791
-2.2639394589	1.4483913745	-81.4645636909
-2.5915790055	1.2632374692	-82.3910464802
-2.4892560793	0.4715451687	-82.9933365433
-3.3458186892	0.4334989092	-82.4786978570
-3.0545857357	0.5913934078	-81.5351658257
-3.4311990537	1.5032574898	-81.6984640340
-3.4784065425	2.3875943214	-81.2340075546
-3.0685030309	1.6204946431	-80.7405126765
-2.1355237868	1.6275730610	-80.3806521117
-2.1123157723	2.5249433889	-79.9399845697
-1.1860277332	2.7224926387	-80.2608657978
-0.9289625582	2.9078169209	-81.2093237074
-1.0418278745	3.8497600810	-81.5255585941
-0.4629449045	3.2766522077	-82.1055946902
-0.8964170932	2.3781312649	-82.1746017690
-1.8300234647	2.4461261108	-81.8228122806
-1.5602543536	3.3101115099	-82.2479638500
-1.4637356959	3.3913062940	-83.2399777389
-0.7132259188	3.5648080217	-83.8776549495
0.0830555348	3.4905937536	-83.2772983146
-0.5420556627	2.7266851622	-83.1170495866
-1.4005157876	2.2174066098	-83.1777255283
-2.2528573082	2.6258551899	-82.8511008360
-2.8113757160	2.2695452651	-82.1020344667
-2.7541298057	3.2095977263	-81.7658436341
-3.0679842603	3.3366555864	-80.8249123499
-2.4357899109	2.5739316321	-80.9612298985
-1.9277694001	3.4014259302	-81.2003289307
-1.5894905085	3.8149617287	-80.3550150630
-0.6119544516	3.7024221293	-80.5332230762
-0.0105848291	2.9266636414	-80.3420337836
-0.3782749727	2.3513387188	-79.6114140523
-0.1344118457	1.3815583888	-79.6038717142
-1.0625846263	1.2342605737	-79.2621135495
-1.1177680841	1.6629060710	-80.1638994574
-1.3174227810	1.9040950525	-81.1136182985
-0.6826293725	1.3529596835	-81.6551782062
-1.2779876019	0.7663768416	-81.1061161439
-0.4313947733	1.0649695290	-80.6655222384
-0.3012528479	2.0412808315	-80.8383785947
0.3574156335	1.4724822745	-81.3309474053
0.6987614388	1.2899550543	-82.2529923365
1.5180975659	0.7932130631	-82.5392364720
2.4667036964	1.0386004933	-82.7390649441
2.0696104370	1.8282409498	-82.2713204702
1.2112322987	2.1518776090	-81.8732673524
1.5283954052	1.4384705242	-81.2484010505
1.2323402286	0.5235086837	-81.5226202380
2.1931522378	0.4127008417	-81.7767105862
2.2428732918	-0.2078507859	-82.5592982773
1.3190241256	-0.4386472334	-82.2539530336
1.3623397331	-0.0503066355	-83.1744503656
1.8995988085	0.6719645219	-83.6099696661
1.3154017971	1.4321639701	-83.8942418083
1.1730264489	1.9055931536	-83.0249926677
0.5088920158	2.5037875849	-83.4734220122
0.4510469338	2.0463669072	-84.3607890558
-0.4078041608	2.5177107622	-84.1602653227
-0.6865857137	1.5758597663	-84.3478754163
0.0913823862	0.9480330329	-84.3233962753
0.7518591407	0.2611688165	-84.0201010314
0.5916588557	0.9555627330	-83.3185648902
-0.1121745867	1.6514858959	-83.4610760707
-0.0705109566	1.9398106270	-82.5044502340
-0.2394809516	0.9552713440	-82.5506188490
0.4902973942	0.2719565000	-82.5281602227
0.0811304537	0.5029111529	-81.6454131677
0.4707610717	0.4491987938	-80.7260095762
0.6670500358	1.3435388023	-80.3239814780
0.7419681863	2.2547114254	-80.7291378945
0.2533918605	2.5923453839	-81.5336852728
0.5110328846	2.8546898505	-82.4636296171
1.3440889937	2.9805936074	-83.0022999829
