-0.9091859324	2.6004932775	31.7024327123
-0.8119843015	2.1303867975	30.8251917304
-1.0556660721	1.4368664024	31.5031656652
-1.7192744013	0.7016845629	31.3648484636
-1.4116476456	0.4943448946	30.4362064222
-1.5513120842	1.4817697794	30.5102735642
-1.9619904570	1.4285877647	29.6000455996
-1.0069284640	1.1333351112	29.6261695374
-1.2463529724	0.2338532599	29.2606448406
-0.2723250606	0.4528139458	29.2029747011
0.5189272290	0.2377274507	28.6305608527
1.1983912233	0.6467772939	29.2396642153
0.6558367616	1.2150326473	29.8583083047
1.1760851564	1.9289908097	30.3269289936
1.7689712482	1.3137393091	29.8073602559
2.7008318951	1.3311251884	29.4449606617
2.0515176868	0.9968435242	28.7618451312
1.2541345283	0.9330909429	28.1617487165
1.5117834708	-0.0070735588	28.3847010256
2.3365098157	-0.0057742002	28.9502315444
2.5357700209	-0.3745191104	28.0423094322
2.0461448092	-1.1023389803	28.5224608552
1.7255320358	-1.4454505523	29.4053435760
2.6420916787	-1.0517546884	29.3351866962
2.3968905831	-0.7306644834	30.2499421296
3.2128584095	-0.3279434595	29.8351984939
3.3316849174	0.5090276518	29.3010078726
3.0216096928	0.7616621203	28.3844768145
2.2626299218	0.6697683972	27.7398798466
2.0306701311	1.6280330782	27.9069829783
1.8827197209	2.1724246062	28.7326636312
1.9378542855	2.4224871059	29.6993222710
1.5446332596	2.9217109715	30.4714315617
1.9683552700	2.1916848615	31.0076419089
2.6997819736	1.6425593490	30.6033200706
2.9764143758	1.3391218280	31.5151315560
3.8677863033	1.1906207256	31.0868751966
3.3472340995	0.8440673970	30.3065379660
2.8397505727	0.2764090299	30.9547851783
1.9126075749	-0.0926870565	30.8901791358
1.9007348972	0.9054398721	30.8301651875
1.6173018057	1.4408542980	31.6257763206
2.2094305845	0.6531487898	31.7957867371
1.4919440901	0.7030061015	32.4905725881
0.7149198737	1.2764988109	32.2310740729
-0.0609087098	1.6328728421	31.7104133782
0.7703774914	2.1617446822	31.5393641794
0.2288982003	2.1957627471	30.6993386151
0.6480184235	2.7806765841	30.0049222834
1.1761330543	3.0149119110	29.1886939156
0.8708398521	2.0651043512	29.2569702669
0.9547502364	1.9667251375	28.2653652156
0.2900753896	1.3327823253	28.6607433371
-0.7040007322	1.4351548143	28.6972472745
-0.2597197306	2.3276509645	28.7751254702
-0.3377611888	2.8331550477	29.6344130546
-1.0819320878	2.1797846478	29.7733979229
-0.1342261316	1.8606533252	29.7763338165
-0.3904565287	1.2260445724	30.5054550098
0.2395968609	0.4519709521	30.5674449823
0.7524871484	1.1590572402	31.0542432302
1.1336429119	0.3416263394	31.4861309545
1.6611536240	-0.3284510093	32.0083653801
0.8397488227	-0.6740020736	31.5546158739
0.7030480975	-0.1078809764	32.3675241191
0.0257787108	0.5414627673	32.7134415662
0.1446683930	0.5495622033	31.7205671318
-0.7060370116	0.2460751194	31.2913866285
-1.0598401410	0.5824004081	32.1641458426
-0.5862463204	-0.2486451979	32.4558170511
-0.2779680308	-0.6711979670	31.6035180112
0.1424796029	-0.6171634766	30.6978116233
1.1239682843	-0.6592067023	30.5109631942
1.6104872622	-0.4011597302	29.6762710088
2.2145558103	0.3555415292	29.9262797950
1.2583640325	0.3772971303	30.2182112559
0.5233040207	-0.0709893223	29.7095600635
-0.1899858816	-0.7473886945	29.5259806408
-0.5646891348	-0.0892574299	30.1790202342
-1.0313115865	-0.7638213469	30.7510578287
-1.1290456457	-1.3763742542	29.9666937618
-0.3195502071	-1.5104125066	30.5383150365
0.5974550514	-1.5626187857	30.9337589140
1.4005910220	-1.7698530209	30.3751655159
0.6112210513	-1.4312031223	29.8630998019
0.8180290656	-1.7933001548	28.9541904641
0.1227213261	-1.2473212683	28.4867996182
0.8613620254	-0.7577907055	28.9502321867
1.1329283482	-1.0201797789	28.0242712229
0.3811738905	-0.3866156109	27.8413458822
0.3622711147	0.6018827465	27.6913002812
-0.5057741449	0.5298946631	28.1825386583
-0.6269766210	-0.4048850294	28.5164501530
-0.9656229032	-1.2550721240	28.9195637843
-0.2666999370	-1.8541897545	29.3101591659
-0.0251275232	-2.4400222821	30.0837501551
0.0571121659	-2.4635402052	31.0800852096
-0.1892797448	-1.7611887174	31.7479125929
0.2145741432	-1.1117606959	32.3922302801
0.1241235417	-0.5174792102	33.1913849613
