2.7065969898	0.3357279207	14.1305406577
1.9507800256	-0.2507750455	13.8394135595
2.3539145036	-0.6667848022	13.0242948718
2.2588369821	0.3286323692	13.0140518284
2.2719289915	1.3063020810	13.2237910327
1.7798333327	2.1761691172	13.1895389959
0.8522382850	1.8120927214	13.2732994004
1.3749827221	1.8490565502	14.1249870948
2.0929480287	1.1588016594	14.2148425578
1.7230760200	0.3820030979	14.7245274527
1.5482554036	-0.5895938397	14.8840177122
1.1995251585	-0.0071530717	15.6182860336
0.4600801527	0.3401375470	15.0415622612
0.8651145232	1.0051017082	14.4140514461
1.1761133241	1.6311829026	15.1291053489
0.4279253859	1.3142587563	15.7120066224
-0.0954969776	1.3452472325	14.8604969374
0.0880554689	1.6604712625	13.9293995685
0.4943707359	2.2940367299	14.5878087894
-0.3223917361	2.6903297877	14.1684630173
0.1876339837	2.6105445696	13.3120121523
-0.6656170246	2.2284044893	12.9571436192
-0.4475188749	1.2584115988	13.0646005380
0.4547071637	0.8351112642	13.1470929746
1.3870935869	0.7412547921	13.4961581841
1.2096600981	-0.1445861792	13.0674355109
1.1253137830	-0.8572571125	12.3710262633
0.6126101194	-0.0255094111	12.1581161540
0.3554558078	-0.5057049264	11.3194959020
1.2726741615	-0.2906463251	10.9841449074
0.5689781675	-0.1259382980	10.2929986031
-0.1642049401	-0.8015680192	10.3702450301
-0.4927292151	0.1378667366	10.2726021071
-0.7932607863	-0.2314051182	11.1519877290
-0.6176239260	-1.1775914224	11.4238023182
0.1543206366	-1.1778974744	12.0594920999
-0.4003453574	-0.3536837554	12.1735858356
0.2122240285	-0.5443500955	12.9406615126
-0.4921774286	0.1486191874	13.0943240008
-1.3230802043	-0.3860482590	12.9402743364
-1.4818716968	-0.3693074874	11.9531041340
-1.2455061906	0.5682454014	12.2083019558
-0.2661440915	0.7702623892	12.2145481843
0.0437723126	0.5610247113	11.2870939177
1.0079344050	0.7833907844	11.1423707712
0.7841954020	1.0184534575	12.0882494094
1.6027780005	0.4533277586	12.1909892452
2.4725918658	0.9440415926	12.1397664672
1.7010690792	1.5569287965	12.3104177639
1.1555533720	2.3950292787	12.3108592332
1.2247638305	1.9351149161	11.4255972994
0.2445368938	1.7390180989	11.4520773086
0.2183336186	1.8745961204	12.4424974157
-0.1955015508	2.7318165697	12.1360442320
-1.1918475056	2.7968789747	12.0807123077
-1.0972843351	1.8041040220	12.0068495968
-1.4353118399	1.5372452674	12.9093593258
-2.2233265446	0.9367865917	12.7734100559
-1.4837021593	0.6198342776	13.3671246331
-1.0554163383	0.0383730599	14.0588428618
-0.2661806175	-0.5402303887	13.8531123917
0.0299043628	-1.4884177808	13.9683267742
0.0402396452	-2.4676785793	14.1706667615
-0.0434442811	-1.8737778536	14.9708410728
0.8329116834	-1.5488054041	14.6153229571
0.2826673531	-0.7346760244	14.8008614439
0.7190682212	-1.0655709918	15.6375590015
0.3453490128	-0.3941897428	16.2775442918
-0.4107637287	-0.7250091654	15.7128744486
-1.0229629926	0.0424396175	15.9032278750
-0.1502611198	0.5150623873	16.0257805525
-0.7332224757	1.2406221123	15.6601042705
-1.4120502276	0.8100622099	15.0652840845
-2.3268273507	0.5849438826	15.4007010693
-2.2308304472	1.5158180851	15.0481988513
-3.0836459525	1.0993719488	14.7331142126
-2.8950327950	0.7874435435	13.8019183434
-2.0995882536	0.4664245490	14.3159366182
-2.0365731479	1.3795401225	13.9131351213
-1.4554033505	2.1824259027	13.7804095004
-1.1924439978	1.8738202236	14.6945292484
-0.8833815714	1.1788286150	14.0453242880
-0.0858835025	0.5759503503	14.0222022633
0.7069888450	-0.0285094859	13.9448605082
0.8936611488	-0.9667902810	13.6536859892
0.3759806852	-1.5399140250	13.0184410666
-0.5636787891	-1.2255182074	12.8835509548
-1.0512953295	-1.2274181928	13.7566067946
-0.8402728551	-1.0551047288	14.7187801602
-0.9965321960	-2.0229162369	14.5214887434
-1.0340531436	-2.5934850693	15.3418809581
-0.9062447177	-1.6554281111	15.6639277707
-1.7471050072	-1.1321760811	15.5255034714
-1.9371079402	-1.2953411480	14.5573732909
-1.8356952309	-0.5192023288	13.9350196971
-2.4202030188	0.0039858472	13.3148384507
-2.9711783128	-0.3763789553	14.0576364330
-2.4779990436	-0.3983879410	14.9272856800
-1.4970223285	-0.2189058454	15.0012509551
-0.5105976393	-0.0639681137	14.9468392666
