1.2327931201	-0.3210654803	95.4927500201
1.2154909807	0.4693094945	94.8803710238
0.2684717893	0.6027716461	94.5882366279
-0.0107808510	0.5517689547	95.5470988121
0.1493172859	1.5335038248	95.4443115012
0.1888078810	2.5034619823	95.6843566337
-0.3351663200	2.0426716580	96.4006828957
-1.3201683521	1.9573151805	96.5506337824
-1.0106751954	2.7560472222	97.0666193554
-1.5627515623	2.7833431269	97.8999659932
-1.3877066635	2.1725677403	98.6721788594
-0.8545851581	1.3265782003	98.6812979962
-0.2965483051	0.4968295777	98.6918854436
0.5308183146	0.2595336488	98.1828126407
0.0510363806	-0.6017653271	98.3500650545
0.7404050488	-1.0411001809	98.9260474549
0.5920238322	-1.8640586992	98.3776659347
-0.2900459552	-1.5533800948	98.7318293080
-0.2360673377	-1.3670074472	97.7508341270
0.2901011622	-1.5638734387	96.9235551589
-0.1386782493	-0.9123565500	96.2977165535
0.1341605910	-0.5009831680	95.4280436795
-0.7403182924	-0.2324713831	95.8320091531
-0.4554027352	0.2527419740	96.6586838916
-0.5105177050	0.2560622001	97.6571583861
-0.9191230778	-0.2875292286	98.3903364054
-0.4467867925	-0.3430435915	99.2700048594
0.3520408124	-0.4747254297	99.8569753452
1.3108472582	-0.2933046985	99.6383964856
0.6199600913	0.2464368937	99.1574038285
1.4660547017	0.7752469589	99.0904424578
2.2261592678	0.1260545643	99.0623304786
2.5218912328	0.8163324325	99.7226781670
1.6417008680	0.6050349206	100.1476702647
0.7111153761	0.3672299332	100.4259856080
0.5449021486	1.1131303766	99.7810005760
-0.4090932452	1.3931562976	99.6738638776
-0.2558082040	0.4411409096	99.9387608332
-0.4757490990	-0.1228869054	100.7346871028
-1.2187301992	-0.1022896701	100.0656917077
-1.1862271597	0.8571470329	100.3457359279
-1.4133147885	0.6292717315	99.3988969469
-1.9106267437	1.3198670875	98.8737694638
-1.3771434247	1.6782041883	99.6399222361
-0.7564288004	2.4540525013	99.7529388292
-0.6407448288	1.9785794807	100.6250297794
-0.0444607051	1.1799619729	100.7066099238
0.8980194518	1.4957467337	100.8162052643
1.4119922385	2.1386459910	100.2483034071
0.4149870255	2.1939050171	100.1942012341
0.7334869541	2.1341703895	99.2481623502
0.4203868501	3.0232555810	98.9142524114
-0.5298048005	3.1029133308	98.6129378414
-0.2697139669	2.1507584574	98.7734179188
-0.5816059440	2.1931212098	97.8242452308
-0.0968253910	3.0333971689	97.5815023051
0.3390180420	2.8376183398	96.7030313881
1.1324781657	2.9519061462	96.1052359973
0.9259590602	2.0020862615	96.3401658714
1.1293410858	2.0877168475	95.3648181619
1.8330255115	1.4913573627	95.7510610828
2.0306767598	1.9520164777	96.6163513022
1.4088768870	1.1811454758	96.7546365746
2.2899132549	0.7477690372	96.9442672179
1.7843225172	0.1866634149	96.2888753607
1.0346842388	0.6710067118	95.8378165815
0.5970802748	-0.0730389931	96.3426915757
1.2202011204	-0.8517131977	96.4160870443
1.7580458264	-1.2711205643	97.1474012948
0.9275991295	-0.8973354551	97.5604908442
0.0560266148	-0.5365108518	97.2285767630
-0.9212513792	-0.7307445026	97.1437179901
-1.7100328277	-0.6262291655	97.7494410050
-1.5446424346	0.2195559071	97.2421998111
-1.5359284855	0.4684969562	98.2106792487
-1.3585296611	1.3361768349	97.7462857892
-0.6389434551	1.2339102764	97.0594544831
-0.1474848538	1.2286169995	97.9303393345
0.4117912390	1.2374139526	98.7592741121
1.3171468700	1.6375149081	98.6169701873
0.6203499909	2.1225454790	98.0885579858
0.3605932868	1.7663286201	97.1909857023
0.2716307162	1.1027677492	96.4481717070
0.3733292354	0.4579244033	97.2056903341
1.2913805113	0.0653063418	97.2607622189
2.1264081588	-0.3735981100	97.5925629275
1.4752242515	-0.2222418641	98.3362367846
1.8845945940	0.6165084663	97.9771910970
1.0449933654	1.1024148782	97.7343645419
1.7601649274	1.7930595550	97.6269421636
2.3825003336	2.5567172119	97.4551119416
1.4350676661	2.7405686618	97.1932532299
1.4298300769	2.7415187896	98.1932390622
2.2846899653	2.3758512814	98.5613448144
1.6566885986	2.7175583618	99.2605232998
2.3661897917	2.4327003024	99.9050882251
1.9400795703	1.6269095897	99.4938323357
2.4530806732	1.2348023667	98.7302344087
2.9091927316	0.9886134343	97.8750427344
3.0998763489	1.9659667455	97.9668047267
