-2.9603616844	-2.6850038687	-112.0849829857
-2.9976638622	-1.7967899234	-112.5428962250
-2.5788723964	-1.8919877048	-113.4459748986
-2.3710674991	-2.8218169200	-113.1422731450
-1.5261489958	-3.2196852811	-112.7847630192
-0.9247475307	-3.6173099991	-113.4777355016
-0.4474456225	-2.7497677491	-113.3379022689
-1.3591126556	-2.4117743441	-113.5716193608
-1.6354392966	-1.4520743953	-113.5204373758
-2.0026557716	-0.7383342198	-114.1168659318
-1.9862986089	0.1473468983	-113.6528601126
-1.2035557483	0.7498351583	-113.4969065597
-0.3826986756	0.3366778800	-113.1025783594
-0.5239601782	0.0415966709	-112.1576062604
-1.0600116938	-0.6655465617	-111.6965235983
-1.5612415285	0.1997428947	-111.7030664890
-1.5912734612	0.7309706113	-112.5497631266
-0.6978009939	1.1667032821	-112.4409330301
0.2384269459	0.8159211864	-112.4202167086
0.2223908614	1.2275606441	-113.3314223939
0.7681531627	0.4554698499	-113.6570284687
0.5245074618	-0.2679822148	-113.0110765491
-0.1675262919	-0.8584610484	-112.5958368221
0.1046718061	-1.5305880960	-111.9072488268
-0.2407386388	-1.8617858561	-111.0291829590
0.3971084354	-1.3069139187	-110.4950778729
0.8643256087	-1.8902656903	-111.1594639230
1.1373098107	-2.2121174920	-112.0660459895
0.9882388168	-1.2905765670	-112.4245709710
1.5356315000	-0.4560750349	-112.3615753895
1.7904966619	-1.0522529793	-113.1229002925
1.4310683232	-1.9847467492	-113.1584901575
1.3935744395	-2.8727605222	-113.6167758191
0.5214119697	-2.4353915975	-113.8359585053
-0.3697135060	-2.1892885170	-114.2171784685
0.3239708798	-1.5125306124	-114.4637564713
0.8799587889	-2.2189515723	-114.9017597501
-0.0432432095	-2.4303798948	-115.2226898585
-0.9883848334	-2.7483429716	-115.2975683773
-0.4792062013	-3.2403196970	-114.5913842495
-1.4334331601	-3.0601348013	-114.3526703735
-1.6801442563	-2.1051499447	-114.5174051867
-1.7435686849	-1.2302370280	-114.9975142680
-0.7936051104	-1.3778608543	-115.2727894269
-0.8839380359	-1.2829291079	-114.2814126438
-0.5435978503	-1.5968946559	-113.3950751275
-1.0356660640	-1.3223896310	-112.5689299439
-0.8402482011	-2.2924004734	-112.4243933592
-0.6236704059	-3.2148180307	-112.1046435998
0.1283420934	-2.5891353813	-111.8972829888
0.5488402535	-3.0662039808	-112.6690257236
0.2503509513	-2.1257459981	-112.8316385132
0.5065554635	-1.3289748126	-113.3789180815
0.9653008736	-0.6654824844	-113.9699600251
1.3454145871	-1.5502269365	-114.2396650850
2.0398909672	-0.9025732838	-114.5531093440
1.1549186291	-0.8090100849	-115.0092561279
0.3884637638	-1.2778526984	-115.4482704137
-0.1287542205	-0.5613361777	-114.9802002989
0.5627711189	0.0935994439	-114.6754839773
1.5482618740	0.2484477353	-114.6059859324
1.7964830139	-0.0581522986	-113.6870829533
2.2161354746	0.2933487576	-112.8502204677
1.3794837567	0.8410802044	-112.8481795777
1.0421342347	1.4816867382	-112.1583835434
1.3516744048	0.6059646768	-111.7878491263
2.0274272593	-0.0330132553	-111.4203368382
1.5265737285	0.3979250919	-110.6697118443
1.0079458309	0.5280308919	-109.8246688959
0.7346163445	1.0796178122	-110.6127316226
0.0824368677	0.9047811614	-111.3503589509
-0.5374248540	0.1463530672	-111.1489681075
-0.0315289146	-0.7019311729	-111.3054390203
0.5302417763	0.0038892140	-110.8738938055
0.5549927400	-0.0355662737	-111.8728085437
0.9813406895	-0.8291306301	-111.4386622110
1.2852820364	-0.6986853576	-110.4949441977
0.5773662901	-0.5258764645	-109.8101140124
-0.3039468815	-0.4077732033	-109.3525785349
-0.3074756407	-0.4298608782	-110.3523283449
-0.1206245253	0.4961993289	-110.0244577095
-0.8286918027	0.9857204991	-110.5333877191
-1.6605060168	0.4480518817	-110.6712193960
-1.4680602050	-0.4727825336	-110.3320607472
-1.0370588220	-1.2777146922	-110.7398867246
-1.2320680400	-1.8453260387	-111.5397546914
-1.7410160388	-2.6634461487	-111.8074325202
-1.8994407511	-2.0491274626	-112.5804229228
-2.0056017078	-1.2324556541	-112.0131690039
-2.4617932381	-1.9066078063	-111.4323005479
-2.1658014935	-1.3645744009	-110.6457964636
-2.1890772368	-0.5643348643	-111.2450250709
-2.9670164372	-1.0255499763	-111.6717465504
-2.6119869831	-0.3002938083	-112.2616258410
-2.3345451092	-0.8463231977	-113.0521180373
-1.6136449537	-0.2336312981	-112.7282174322
-0.9812380180	-0.5923033564	-113.4148147104
-0.0988383388	-0.5581081329	-113.8840710293
-0.4444178614	0.3088750926	-114.2431182133
-1.1872253170	-0.2727692048	-114.5746706152
