-2.4023988964	-1.6920173801	57.3210964750
-1.4656115956	-1.9743156429	57.1143665936
-1.2803130575	-2.0855000053	56.1379944876
-0.4111484688	-1.7398926951	55.7842876813
-0.3336706446	-1.8238906896	56.7777369873
0.3502467367	-1.1621197366	56.4706275259
1.1700749752	-0.5912654462	56.4258275433
1.3187033722	-0.8873077198	57.3693679885
1.8901364423	-0.6436477174	58.1530095199
1.1707892696	-1.2874979306	58.4137709973
0.4037783929	-1.7317623963	58.8767217501
0.5587253235	-0.7943501063	59.1885705071
0.8045542845	-0.2985743675	58.3556392141
0.5170128110	0.2580753213	59.1350370746
0.6877043420	1.1285810080	59.5966475715
0.0353387042	1.3258049403	58.8648540247
-0.3219557691	0.4010730424	58.7336611271
-0.2450064132	-0.5345578657	58.3891707784
-0.7640461541	0.0667788088	57.7817237016
-0.6102609100	1.0548819021	57.7832650373
0.2457073063	1.5603643555	57.6746100695
1.1926636689	1.8221531116	57.4882225847
0.5711878797	2.1441678147	56.7740276713
0.7632700322	1.1631350309	56.8000876764
1.1063313740	1.4661993549	55.9110089784
0.5602385099	0.9786314975	55.2297893602
1.4500680188	0.7640625612	54.8270939212
1.4257778606	0.2939276152	55.7093541554
2.1364765472	0.0597521724	56.3727313021
2.0694797434	-0.0317979823	57.3662754619
1.6963036156	0.8826148933	57.5230832127
1.8213859877	0.4641026137	58.4226396989
0.9810741501	0.9914228659	58.2969043930
0.2628033829	0.4415690505	57.8705853967
1.0059098810	0.1464459028	57.2700064591
0.2701866699	-0.5146504657	57.4171898418
0.1649108723	-1.4208753708	57.8266693014
-0.6556008627	-1.9903529670	57.7771136753
-0.7868983544	-1.0207994424	57.5704087366
-1.6207083590	-1.3334526393	58.0253909943
-2.1168072171	-2.1232838202	58.3860190972
-1.8041625073	-1.6039659646	59.1813569187
-2.4375707331	-0.9779341174	58.7265183255
-2.0224170760	-0.3164385382	59.3510750002
-2.1369644207	0.6747993662	59.4168497870
-2.0561618077	0.1295544324	60.2512231446
-2.0173272845	-0.8598879415	60.3908500348
-1.1418469168	-1.1264359735	60.7939458948
-1.1258459502	-0.9387507029	59.8118470158
-0.3829129161	-0.3316289802	59.5299716522
-0.2111886673	0.4557370281	60.1220574158
0.3631580678	0.4219101772	60.9399703525
-0.5281085960	0.1827503977	61.3252576919
-0.9868915530	-0.1743017709	60.5116042354
-1.2866397754	0.7529902335	60.7358374659
-1.0765537334	1.2271768260	59.8808456937
-1.1460733255	0.2793815292	59.5696365973
-1.3831546598	0.5122360251	58.6264657619
-1.9745751672	0.9252858013	57.9339257517
-1.5096092356	1.7536373278	57.6214510631
-1.4009459277	1.6752094517	58.6124310598
-0.5366968036	2.0104556700	58.2373531684
-0.3320434729	2.7032211282	57.5458381403
-0.5584733444	2.5630977163	56.5819424287
-0.5444716506	1.6268199623	56.9329237956
0.0071110365	1.4541808148	56.1168648125
-0.6564261479	2.0096763836	55.6157230382
-1.0414329310	1.1535794583	55.9604951825
-1.5932162121	0.5680368388	55.3666306766
-2.1378443576	0.4076908372	56.1898374203
-1.2216097716	0.0091272928	56.1490785618
-0.5015886198	-0.2621896364	56.7877934159
-1.0042122288	-1.0907534114	56.5411122885
-1.4777328713	-0.4232117706	57.1157133319
-2.1052936755	-0.7929036259	56.4305160106
-1.9668415358	-0.5326014194	55.4749670760
-1.0573897646	-0.9471459140	55.5073759900
-0.1902892332	-0.5602550430	55.8211468021
0.5090354058	-0.1018469330	55.2726880033
0.5539693806	0.2196675971	54.3268500970
-0.4136286467	0.3307585357	54.1001060539
-0.0112108175	-0.5531078399	53.8616943913
-0.0203345588	-0.8829988197	54.8056693374
-0.6013777233	-0.0977436803	55.0195927048
-0.6960982569	0.8972166408	54.9866992405
-0.2874111662	0.4752212458	55.7959549162
0.4846286202	0.2383248399	56.3857300098
-0.2478144558	0.6733776132	56.9094247919
-1.2405619556	0.7733466130	56.9761975468
-2.1774917993	1.1195784994	56.9283859501
-2.2925477843	0.1887657063	57.2753004419
-2.5512925698	-0.7271890085	57.5820219709
-1.8034696858	-0.3196065914	58.1060806578
-1.1542556395	-0.5810371880	58.8203461304
-0.7880582121	-1.5059501643	58.9225000846
-0.8155030415	-2.0374192047	59.7691330868
-0.1131261570	-1.3382932817	59.9028853054
0.0172781573	-0.6206936125	60.5870237633
0.7310803046	-0.0995397034	60.1191721869
1.4445972842	-0.2571713374	59.4364967238
