-0.1860484447	-2.2538426130	-51.7153420990
-0.9258330161	-1.8779627636	-52.2734040371
-1.3370340435	-1.4167701889	-53.0596706103
-1.2282327117	-0.5165426648	-53.4812778624
-1.1270189314	-1.3220284242	-54.0651857850
-0.3303682426	-1.2977714772	-53.4612327400
-0.3658529653	-0.4275858000	-52.9697882145
-0.9429330643	0.3789032037	-52.8411256855
-0.5229990398	0.3643881629	-53.7485642392
0.1799637900	0.4771655804	-54.4507924884
0.4774612542	0.9790990147	-53.6386606725
-0.3385804695	1.3358433475	-53.1838976725
-0.6413870316	1.3896138522	-54.1354316544
-1.4471054481	1.2007164366	-54.6968010512
-1.5266696547	0.9320001526	-53.7368733999
-1.5073314186	1.5869614214	-52.9814584352
-1.0193839429	1.1894189053	-52.2043695028
-0.6319013315	1.6988833144	-51.4360575598
0.3226094059	1.5371545850	-51.1855519305
1.1026084685	1.7120040720	-50.5846949432
0.9392525393	2.4639611459	-51.2233461778
1.0322588088	1.7950085646	-51.9608095856
1.0229325963	1.2948746825	-52.8267074559
0.7850983327	2.2598433725	-52.9374787991
0.1417309941	2.3928246685	-52.1835594118
0.1064336537	1.3934480165	-52.1841959416
0.0864384148	0.4994863978	-52.6318931771
0.4760200825	-0.3430836420	-52.2600036070
0.5121666694	-0.2240564114	-51.2677708003
-0.0913957505	0.5364798050	-51.5071388618
-0.5443295800	-0.2459567106	-51.9345076079
-1.2844068238	-0.8724018667	-52.1791545770
-0.7706819341	-1.2281434507	-51.3984275677
-1.1439746156	-2.1209390892	-51.1462995808
-0.2960783904	-1.9177044703	-50.6566387993
-0.6483365334	-1.9709328804	-49.7222507980
-0.6543082796	-0.9857260866	-49.5509851805
0.2394578249	-0.5383115021	-49.5193254273
0.2907809528	0.3836607565	-49.1354854986
-0.5590469145	0.0094519576	-48.7643246563
-1.4715845027	0.2419237997	-49.1008242739
-1.7040963968	1.2133797464	-49.1478515270
-2.3071036935	0.7729866793	-49.8130102649
-2.3109174555	1.5472315066	-50.4458849781
-1.9682649807	1.2907223495	-51.3496506191
-2.0894021209	1.0319522070	-52.3079636194
-2.0601383812	0.1365513930	-52.7522619604
-1.4373224414	0.1428004611	-51.9699185228
-1.1069764849	0.6760740181	-51.1911432905
-1.4896241589	0.3923757987	-50.3118844675
-1.5961826676	-0.4612193790	-49.8019623588
-2.1023596595	-1.2952899145	-50.0213050009
-1.2045457669	-1.2620489120	-50.4604237207
-1.5040432579	-0.5083836193	-51.0454791705
-2.1763347710	0.1840582045	-51.3072967446
-2.3047789896	-0.6176185224	-51.8910916643
-1.8981156147	-1.4040037683	-51.4260936595
-2.7018593246	-1.0659945615	-50.9364551961
-2.4921751836	-0.2767920885	-50.3592273228
-3.2427604026	-0.2071454922	-51.0163203000
-2.9049554075	0.6685526105	-50.6712976658
-2.9736982356	0.8095376768	-51.6589198783
-2.7657870336	1.7757518549	-51.8112454971
-1.8565314546	2.0690427895	-52.1066007403
-0.9038054496	2.2842791399	-52.3210453086
-0.3876920679	2.4317724887	-53.1647707908
-1.1624112493	2.5449243861	-53.7868695274
-1.7119026787	2.6716761039	-52.9610407491
-2.4669350326	2.0174059560	-53.0041304004
-2.2820024229	1.7017017353	-53.9347918721
-2.5361785945	0.9533337007	-53.3221420876
-2.2918580428	0.2244082059	-53.9616536912
-1.3710896492	0.0816527369	-54.3247052596
-0.7157996942	0.2399361778	-55.0633130224
-0.2923450827	-0.4352325941	-54.4592986836
0.3926830486	-0.4209570420	-53.7309219487
0.7010457033	-1.0681799089	-53.0337741641
-0.0706989088	-1.2747397665	-52.4323231861
0.2949715852	-1.2671419545	-51.5016098237
0.2124608907	-0.8984493484	-50.5757276781
-0.4974862474	-0.2193307567	-50.7622028760
-0.5603942625	0.1263693278	-49.8259689132
-0.6684307718	1.0158906671	-49.3820320938
0.2583549672	1.2744799248	-49.6544284771
-0.4372360516	1.9757049466	-49.4981063633
-0.1590259823	2.0769265910	-50.4532782515
-0.1625552968	2.6777373723	-51.2526617321
-1.0603148967	3.0249697186	-51.5236919861
-1.2481820245	2.4701331649	-50.7132215418
-1.5795362203	2.2004258964	-49.8090852765
-1.2350250019	1.3822959662	-50.2694931802
-0.3740792038	0.9205343825	-50.4829142957
0.4547900855	0.3833175632	-50.3267932200
1.2065785272	0.6358871479	-50.9359095832
0.9646365124	0.6174665736	-51.9060254237
1.7596265095	0.0133739146	-51.8506813730
1.8005029258	0.6214763744	-52.6434868453
1.1530288585	-0.0371996301	-53.0267925370
1.1876503768	0.3052989462	-53.9656727614
0.9547074541	-0.4755766833	-54.5453026830
