1.8774284909	1.4606374200	51.1375356646
1.1175827623	0.9699629924	50.7110698691
0.1991973999	1.3648102319	50.7368377484
0.0362729424	1.3298056974	49.7508203532
0.9869816112	1.5762979564	49.9389548620
0.8316216779	1.1701474420	49.0384521964
0.4405516370	0.2985634639	48.7428078284
0.9778784065	-0.2396231466	49.3921421915
1.5078935591	0.5286522307	49.7510807416
2.1175100292	0.5707148529	50.5426604881
2.8598861824	0.2365239230	51.1233446274
2.1329773628	-0.4241939730	50.9361136736
1.8138819987	-0.7113910719	50.0329547867
1.1429211191	-0.1973686108	50.5673632518
0.4355331983	0.3358398806	50.1033686029
-0.4527871884	0.4612108753	50.5451479643
-0.4997814049	0.3060793509	49.5583725321
-0.0076768146	-0.5234809045	49.2944353142
-0.1197075292	-0.5269773339	50.2881339073
0.6844994337	-1.0453252238	49.9973304931
1.2376253310	-1.2022143547	50.8155221225
1.9253899015	-1.4220480858	51.5073696679
1.8063584112	-1.0792089950	52.4391920019
1.3645337828	-0.7530118160	53.2748871606
0.7278529596	-1.0092366059	52.5475726574
0.4456385303	-0.2322144481	53.1102373732
0.5395788892	-0.0300501608	52.1354015871
1.2682546360	-0.5022548166	51.6393628597
1.5702050329	0.4452874265	51.5345313023
2.4375387977	0.7741727972	51.9081173746
2.3317510787	-0.2140367765	52.0188006929
1.5337039183	0.0425286422	52.5640482657
0.8318919255	0.7166065463	52.7944368636
1.5487243747	1.2673485756	52.3668454034
0.9096570769	1.3925561909	51.6079540793
-0.0162714363	1.1872407856	51.9249745404
-0.2002531709	0.4953234753	52.6231157561
-0.3449378927	-0.4674975614	52.3949886369
-0.4631641166	-1.2838137495	51.8296122658
0.4612686273	-1.5194737721	51.5297982306
0.3204678836	-0.5658555660	51.2637390875
0.4281616234	0.4266698995	51.2063347427
-0.4766537909	0.3195871609	51.6184540861
-0.7988309530	-0.4851926747	51.1199249572
-1.1498369615	-0.3684745709	50.1908546335
-1.8512441821	-0.8201770295	50.7422100541
-1.1172176068	-1.4958096725	50.6734676483
-0.6936602851	-1.3203359238	49.7847561322
-0.0641513169	-1.6236473392	50.5001026527
0.5557794486	-2.3237293373	50.1457426070
0.2021801896	-1.8160642763	49.3600939897
1.2016840062	-1.7968158311	49.3850262598
0.8484675444	-1.1261614751	48.7327526470
0.2386655434	-0.5982614008	48.1415986645
-0.5272728748	0.0226420561	48.3083836659
-1.0683951438	-0.7297977900	47.9328560796
-1.7548172731	-1.3031974722	47.4856005991
-1.0746264758	-1.8649829792	47.9564907385
-0.2348512202	-1.4490253242	47.6075541404
0.6458055422	-1.7813026454	47.9452454916
-0.1603373285	-2.2066896930	48.3565598869
-0.2592301023	-2.5824595094	47.4351385585
-0.8339998638	-2.9661960208	48.1579013211
-0.0632998286	-3.5172430011	48.4778523818
0.6387934314	-2.8247730135	48.6438354251
-0.1763911088	-2.8178220179	49.2229950309
-0.7387657301	-2.3929019855	49.9323452628
-1.0531797397	-2.0548731374	49.0452825094
-0.5422577335	-1.2654125021	48.7051198880
-1.0928489581	-0.5153027010	49.0714320360
-1.6588236742	-1.2040589527	48.6183454587
-2.4525509815	-0.6636479139	48.8975458719
-1.9492518464	-0.0747274622	49.5298928354
-1.7879163608	-1.0482832192	49.6916335203
-2.4471964608	-1.6453268188	49.2345900981
-3.3480432251	-1.2616275349	49.4376909764
-2.7734469390	-0.6153083363	49.9397971419
-2.5911181478	-1.5058491327	50.3565624257
-2.5191336419	-1.4668898168	51.3532069976
-3.2266792317	-2.1548559729	51.1917083709
-3.6014169033	-1.9574160155	50.2858446170
-3.1544752837	-2.4397501224	49.5324542812
-2.6336831252	-2.5633496241	50.3771427983
-1.8749804509	-2.1854915732	50.9077966830
-1.7157055595	-2.0361501251	49.9319234122
-1.7157164786	-3.0217798331	50.1008437444
-2.2208194679	-2.7553501800	49.2799380188
-2.0482960712	-2.2016746352	48.4652730149
-1.7434182033	-2.6267958508	47.6130280749
-1.8165694412	-3.3033530287	48.3457758360
-1.2028038091	-3.0834896780	49.1040316345
-0.7280830093	-3.5589677693	49.8446805033
-1.0261516346	-4.1321563210	49.0813915811
-1.9029490624	-3.7793611303	49.4081358602
-2.2691251216	-4.5570113387	49.9191889367
-1.4267530193	-4.2125972647	50.3336623217
-2.2291654449	-3.7224327840	50.6740636747
-2.9767753271	-3.2455760320	51.1363266974
-3.6175048943	-3.0540484509	50.3928330475
-2.8935535201	-3.4366441604	49.8187991366
