1.9769362800	0.6223602916	132.0759761780
0.9937426503	0.7975797778	132.1272442798
0.3195675119	1.1513906417	132.7755542020
-0.2576362620	0.4536501084	133.1998111426
-0.8126307532	0.0060044085	133.9009491048
-1.1409715059	0.8495519071	133.4759550253
-0.4251296768	1.5475947956	133.4584449858
0.3893643946	1.1630769656	133.8928934246
1.2009613125	0.9023790165	133.3700674285
1.4904924035	1.7191486975	132.8710092801
0.6509897200	2.0972674709	133.2612161963
-0.1409675735	2.2372108607	132.6668934784
-0.6999598067	1.4755986088	132.3390605014
-0.8084520717	1.0111193845	131.4601472642
-0.2582774408	0.5155312496	132.1322337735
-1.1017755990	0.2293020679	132.5867485837
-2.0165686483	0.5011170299	132.8855299475
-1.7405800996	0.9181141853	132.0195370530
-1.7638132428	1.0641165813	131.0305256671
-1.0181687568	1.2460081822	130.3894876448
-1.0615849658	1.9389322563	129.6697854423
-0.5645519612	2.2520811084	130.4790418843
-0.3756528440	2.1862683175	131.4588305350
0.1759801431	1.3907851458	131.7096443524
0.8322653192	1.9839839677	132.1759113632
1.6712445466	1.6766481437	131.7268472839
2.1702930370	1.0441451617	131.1344871046
1.2067902633	0.7809745129	131.0854604315
0.8444892474	0.5884672209	130.1734961140
1.8292124199	0.4143504330	130.1753981521
1.5923973837	1.3840528557	130.2353635599
0.8940279955	1.8491062170	130.7794274979
0.4193613180	2.5624886054	130.2638917443
-0.2875325779	3.0510366984	129.7524019783
-0.1073095116	2.1198637254	129.4354847326
0.1972235810	1.6043228052	128.6345620428
-0.7565849404	1.7262089437	128.3599840506
-1.6830211196	1.6059770716	128.7167196711
-1.4424203085	0.6358456934	128.6857946186
-2.3424607066	0.9077219183	129.0263979073
-2.3161414771	0.1041429187	128.4317819896
-1.5887537196	0.1851027639	127.7503478008
-1.2882488668	-0.4739945060	128.4397588699
-1.6494094917	-0.1649423220	129.3195598420
-1.4154205222	0.7605392503	129.6174407269
-1.9611914277	1.4804528414	130.0462280169
-2.3757797045	0.5713529050	130.0055602582
-2.4976335972	0.1500936563	130.9042772738
-2.2855050260	0.0893391957	131.8796286796
-1.3685330471	-0.0036344408	131.4916618090
-1.3187432208	0.2204394937	130.5183623458
-0.7187305237	-0.5089673473	130.1898042480
-1.6662734577	-0.8269129030	130.2225611069
-1.0049567193	-1.5729095238	130.3009780264
-0.9848043613	-1.0595925155	131.1589404566
-0.4645109036	-0.2057324071	131.1441880661
0.0714038928	0.6325149007	131.0435064790
0.5086953061	-0.0867200781	131.5833928237
1.3888125397	-0.3354139807	131.9877997943
1.9064066652	-0.0660332731	131.1756850515
2.3377084099	-0.7662479333	130.6067577849
2.0805140615	-1.2011495235	131.4697245711
1.2693883570	-1.4645244050	131.9919398172
0.8237451200	-1.0015157423	132.7581154391
1.5184468025	-0.3437617984	133.0492328065
0.7673701167	-0.0709699639	133.6504552504
0.5870044313	0.0136993105	132.6705066122
-0.0835361849	-0.5084425411	133.1975200549
-1.0463735793	-0.7764440468	133.1640634433
-1.3375695435	-0.8099012368	132.2079852421
-0.3702327878	-0.5996768504	132.0663331740
0.3712757224	-1.1415057091	131.6706229047
1.0971547825	-0.9174470677	131.0203173493
0.4614391310	-0.2758576594	130.5910987085
-0.0036162354	-1.1588394445	130.6548691818
0.7835255003	-1.3687212291	130.0749057999
1.3043432350	-0.5346545285	129.8930222487
2.2513196026	-0.3521926425	129.6285540665
2.1645700512	0.4118845339	128.9892884065
1.2120359803	0.1392116677	129.1246706504
0.2709919063	0.4750000419	129.1656855080
-0.4945825289	1.1071241691	129.2853302819
-0.3320912852	0.5207757582	130.0789247229
0.0466805092	1.4256000804	130.2734109018
0.7247390748	1.3932294286	129.5391161908
1.2336440794	1.1414083262	128.7159504550
1.5371756320	0.4665195897	128.0433482026
1.5283666321	-0.4849973738	128.3508183148
0.7565870112	-0.9592036898	128.7744745275
0.3141458699	-0.5924303767	129.5928406884
0.0584686031	-1.5497622473	129.4581379607
-0.7142025227	-0.9761088666	129.1862903376
-0.1995586156	-0.5115825829	128.4656260742
0.5690530504	0.0741237985	128.2083632868
0.5643076146	1.0032512134	127.8386340243
0.4227725998	0.3139871109	127.1280829448
-0.5125619687	0.0886187635	127.4007702251
-0.9416669561	0.9724380683	127.5871363867
-0.4936314007	0.5021845795	128.3474822274
-0.6495869959	0.0426038674	129.2218182162
