-1.3096881381	-0.3358055593	-190.8899349370
-2.0684148170	-0.3729277287	-190.2395844383
-2.3181198895	-0.7847374347	-189.3631940328
-2.2949916615	-0.2644197587	-188.5095344981
-2.4429846120	0.3445250573	-189.2888189761
-1.5183546113	-0.0262427966	-189.3759427975
-1.2045337152	0.7905605524	-189.8600385879
-1.4753926383	0.9843468812	-188.9171269788
-0.7097962061	1.3573250519	-188.3929615592
0.1921518564	1.4685327198	-187.9756816206
1.0806997577	1.7501022632	-188.3378987092
1.0549185835	0.8024136336	-188.0197452992
0.4228356021	0.5650138374	-187.2821055217
-0.2916051625	0.4655631525	-187.9746977215
-0.8295647289	0.0057308620	-187.2681895690
-1.1586420771	0.9259554948	-187.4800733204
-1.9987004706	0.5437951570	-187.8651127622
-1.3091845715	-0.1015133640	-188.1939664341
-1.3399334530	-0.9060348012	-188.7870935396
-1.7103564607	-1.6985698493	-189.2715261902
-1.4555677715	-1.9308602513	-188.3328441924
-2.0183189328	-1.1573618943	-188.0412770095
-1.7111848784	-0.6657601913	-187.2264172435
-0.9707342414	-1.0634558574	-187.7682391804
-0.3944602799	-0.5950967087	-188.4379764642
-0.5522566014	0.2037842285	-189.0183983530
0.2482091541	0.7658504549	-188.8102250321
-0.3646428815	1.2297941943	-189.4498879035
0.3789800951	1.8175481387	-189.1311871513
0.1581000532	1.8512989318	-190.1059039774
-0.2836159888	1.1061630129	-190.6055632618
-0.4713365370	0.2443138561	-191.0767076417
0.5195087248	0.3133354160	-190.9606831122
0.8900852698	1.0803163639	-190.4368384312
0.2577979127	0.5599921405	-189.8628389534
0.3785235080	-0.3701404511	-190.2096511398
-0.5721602590	-0.1415379117	-190.0000294465
-1.2063534287	-0.9103899817	-189.9183868229
-0.6156349429	-1.1730262668	-190.6813244693
0.1388942785	-1.3957169755	-190.0639959487
-0.4739754682	-1.2654254694	-189.2846277450
-0.6842553071	-1.9927256955	-189.9379398990
-1.4792135200	-2.5860967173	-189.8116376020
-1.6645588392	-1.8033504525	-190.4057380965
-1.3283857017	-1.5871112335	-191.3223777322
-0.7238565958	-2.2884684652	-190.9446971876
-1.5715208507	-2.8127202867	-190.8633010040
-1.4906183661	-3.6167994106	-190.2743090257
-1.2636384687	-3.5405379431	-189.3034000110
-1.7658828252	-2.9683504008	-188.6550544066
-1.9468501505	-2.6670786131	-187.7188460232
-1.4571881682	-3.4813184901	-187.4070054135
-0.8603280111	-3.0566898492	-188.0877759110
-0.8248482583	-2.5262086306	-188.9347297846
-0.2538796762	-1.8535054781	-188.4641287361
0.5116516119	-1.2484735005	-188.2452722695
0.6773813001	-1.5105634993	-189.1959785875
1.3307787486	-1.8553216605	-188.5220248913
2.0557984334	-2.1461497783	-187.8977129000
2.2574716130	-1.3642735696	-188.4876260486
1.5573262138	-0.7351660134	-188.1499574199
1.4023278262	-1.4206588830	-187.4385679165
0.7407948313	-1.2201559494	-186.7159527559
1.0680910268	-0.4033351935	-187.1910117556
0.1068957507	-0.5190646345	-187.4414320777
0.5562711875	-0.1275046257	-188.2443906548
0.3917297265	-0.3848019070	-189.1966113312
1.2999875891	-0.0407839696	-188.9584531615
2.2490651132	-0.3269752039	-188.8267473127
2.1537787651	0.4372392506	-188.1888626999
2.0015097559	1.2584762301	-188.7387572101
1.3303022451	0.9308664075	-189.4037025324
1.3721811722	0.1392484213	-190.0132819935
1.4281453514	-0.8346935872	-189.7934980659
1.1786205494	-0.7189266479	-190.7549216921
0.2640032967	-0.7935674632	-191.1522930924
0.2282188977	-1.7884262666	-191.0575543036
0.5189493784	-2.4566343440	-190.3727377202
1.1723090001	-1.7074818806	-190.2636882298
1.7651853280	-2.0238375452	-189.5231365751
2.1681433302	-2.6206070087	-188.8292410095
1.8771593801	-3.4958468094	-189.2156134101
1.6166511928	-3.0277309237	-190.0600084609
0.7734263454	-3.4922250469	-189.7894219383
0.2360473288	-3.4123233540	-190.6289691449
-0.5523515504	-3.0500271024	-190.1318085739
-0.5684421701	-4.0498230119	-190.1440246034
0.0456376119	-4.3507696372	-189.4144102189
-0.2335114586	-3.4148688792	-189.1995484786
0.5829183826	-3.7489341777	-188.7285466837
-0.1818592359	-3.9117355499	-188.1051600401
0.6322206681	-3.5467361652	-187.6534418104
1.2884628795	-2.9818064089	-188.1536423005
1.0963738611	-2.7631472867	-189.1103501960
0.1753241076	-2.4391519248	-189.3264389672
0.2377824921	-2.7939718681	-188.3935929145
0.6512897874	-2.1939547770	-187.7087635875
-0.0435064083	-1.5874995351	-187.3221497156
-0.8658487604	-2.1208666832	-187.5203227244
-0.1221413162	-2.7771746535	-187.3932043322
