-1.7001510746	1.6284669410	-202.4230008962
-1.1326165933	1.4448650104	-201.6203833387
-0.6075291139	0.6062848929	-201.7655264598
0.3812552112	0.7277993048	-201.8523585168
0.5912076401	1.1164267322	-202.7495144121
0.4659226644	1.9029491510	-203.3542343138
1.3040865022	1.4518185678	-203.6607674734
1.9974740164	2.1336998941	-203.4278477190
2.7621610477	1.7181899500	-203.9203974428
2.1213244280	2.2981263754	-204.4233906529
1.1257221454	2.3598223211	-204.3528945164
0.5666455680	1.5508158724	-204.5343936803
0.1532825035	2.2658081476	-205.0982349907
-0.4831690548	1.5215324088	-204.8957923111
-1.1807113299	1.5142806806	-204.1792853769
-1.0679864703	2.4842446869	-203.9637327556
-1.8289826331	2.1229615198	-203.4248827640
-2.0128586003	1.1404891803	-203.4555051538
-1.3240051339	0.4706534526	-203.7326350871
-0.5840044482	-0.1552194974	-203.4862978477
-0.4199416800	0.3501996003	-204.3334312160
-1.1019320787	-0.3150789621	-204.6372297190
-1.4125139238	0.6008918295	-204.8912699251
-0.6718803942	0.3422059501	-205.5113857132
-0.4084402324	-0.3403811889	-206.1930557792
0.4473367943	0.1572428047	-206.0515777189
1.0388386692	0.0370459013	-205.2542833966
0.2202710106	0.5971617910	-205.1269367104
0.2831218274	1.4096310495	-205.7065430241
1.1975482893	1.0390603047	-205.5437499995
1.3812059872	1.9976030854	-205.3258840139
1.7193662251	1.3599254575	-204.6337749933
2.0805081437	0.7519236490	-203.9267316315
2.9722142062	0.3059405866	-204.0039288210
2.7928535203	0.9097792781	-204.7805938576
2.1319188636	0.1642562004	-204.8663884972
1.9220319993	-0.4211203867	-205.6495115753
1.9974148077	-1.3944779476	-205.8660583157
1.6916280105	-1.8405404092	-205.0249146211
0.9094125076	-2.2836871124	-205.4628186134
0.9342601480	-1.7295720483	-206.2948877755
0.9373561945	-1.0246764809	-205.5855834307
1.4393698718	-0.8004933592	-204.7502845645
1.1606219104	-1.1839280449	-203.8697861739
0.4368440871	-0.6709717141	-203.4082436891
1.2709721466	-0.6918652154	-202.8570687242
1.2599215210	-1.1257094278	-201.9561485929
1.3289537036	-0.1281279562	-201.9642581719
0.5502659724	0.0469972991	-202.5667335342
0.2826957366	-0.4877694545	-201.7652157938
-0.4259716536	-1.1916972674	-201.8129249583
-1.3094477051	-0.7425115165	-201.9459746767
-1.2972603635	-1.6818145570	-202.2888467617
-1.8875730210	-1.1882287975	-202.9275204377
-1.5617782927	-0.2430409900	-202.9493791567
-1.3056974966	0.6685731211	-202.6278479165
-1.7909121580	0.2078547265	-201.8846754645
-1.7080983787	-0.2760002555	-201.0134543478
-1.0826099299	-1.0074435733	-200.7418758632
-0.6132490520	-0.3097574332	-201.2831100235
-0.0779130646	-0.6957721278	-200.5318390763
0.2451413309	-1.6059634608	-200.7910447759
0.5312057137	-1.8877290441	-201.7068915562
-0.3457970762	-2.3679095577	-201.6897807205
-0.1151548378	-2.0473842251	-202.6085122749
0.3512308990	-1.1660864712	-202.5323636470
0.9153769039	-1.8104336145	-203.0486543054
0.1021740527	-1.7233719042	-203.6240857795
-0.2876340328	-0.9410256229	-204.1098675749
-1.2359100891	-0.9990683334	-203.7977721330
-0.6152102850	-1.1565291845	-203.0296980261
-0.4622354694	-0.3301273944	-202.4877950947
-0.2817847975	0.6197815428	-202.7429628162
-0.3435535205	1.5453362821	-202.3694215876
-0.8806776553	1.4723986642	-203.2097654265
-0.1373705929	1.2142690703	-203.8269070016
0.3753790853	0.3934971022	-203.5750714524
0.9794019857	0.6523940274	-204.3288145903
0.4962956643	-0.2166748687	-204.4352454890
0.0109104704	-0.5604712970	-205.2391144021
-0.0800634375	-1.3054756995	-205.8999412995
-0.9349346534	-1.1112189136	-205.4188389140
-0.3378703508	-1.7967616630	-205.0022511596
0.5187000283	-1.3816807845	-204.6956650381
0.9346509329	-2.1887066110	-204.2765061656
1.7677257350	-2.1120504282	-203.7286830155
2.0283412406	-1.3891828834	-203.0887282743
2.2378938608	-0.6269609564	-202.4762697587
2.4589914278	0.2116633895	-202.9740900801
2.3934959470	1.2078015679	-202.9156172544
1.5466902141	1.6610279164	-202.6372183899
1.5298653724	0.8354373952	-202.0731995817
1.3743895104	0.4856580665	-202.9970403026
1.2888884567	-0.1802559511	-203.7381530410
2.2325137290	-0.4920422578	-203.8493314762
2.5785730595	-0.7951093916	-204.7372465916
3.2403494770	-0.1186144694	-205.0603666832
2.7014313053	0.3217553524	-205.7784485896
1.8577848064	0.4262847706	-206.3050738698
1.2905871247	-0.3851707787	-206.4458811191
