1.0000027576	-0.9112096075	226.6379111902
0.1028174303	-0.5692874053	226.9174602845
0.3569450029	0.3978453393	226.9088910842
-0.5732949138	0.1997206781	227.2177605000
-0.5539436216	-0.0539617564	226.2506665284
-0.5416132779	0.0783140700	225.2595302773
0.4059600990	0.2169356598	224.9716262132
-0.0674105623	-0.5068450071	224.4695686834
0.2570054331	-0.8243694929	225.3605975622
0.5839006576	-0.1533457395	226.0260798193
1.2499768389	0.5623697538	226.2360651838
1.5138765275	0.0579301882	225.4139352190
1.7659364235	0.9534296401	225.0471293570
1.0456171905	0.8060757642	224.3693188836
0.7774935022	1.2731499284	225.2119050293
0.9305069826	2.1811350903	225.6019688967
0.0990019589	2.5977506603	225.9694343540
-0.1878477850	1.6820743651	225.6879132238
-0.1381439793	1.2160044267	224.8045625888
-0.0556404685	0.5573152917	224.0566843941
0.7333139204	-0.0298028528	223.8754573082
1.1101766818	-0.5318752149	224.6538516827
1.8936135466	0.0523120756	224.4418330788
2.5884039285	0.1410055848	225.1555555646
2.2404491252	-0.7955304040	225.1128028288
1.4024329362	-0.9927878979	225.6215447558
2.0648240661	-1.3289005228	226.2910716742
1.9035325343	-0.3448864262	226.3665786234
2.2411415253	0.4346669422	226.8941359331
2.2927317380	0.8084331716	225.9680488661
2.5977531557	1.3935331300	226.7194608525
2.0794566416	1.8003940894	227.4716794931
2.3656962710	0.8898100556	227.7698465468
1.4817722582	0.5901329689	228.1288339884
0.5430406920	0.8545137365	227.9077325271
0.2643642952	1.3607301863	228.7238724488
0.4906014424	0.4360907809	229.0302361594
0.6985928252	-0.1851576078	228.2747296907
0.8222712281	-0.9954643357	227.7019237381
1.5147764146	-0.8567329685	228.4098715995
1.5411161348	-0.0187331843	228.9549060763
2.0379843443	0.0740213600	229.8177609754
1.2567251940	0.6760507273	229.9826693774
1.6663731744	1.0412537695	229.1467176622
2.1697818874	1.6194501972	228.5046362354
2.7416092790	1.2443935543	229.2342566497
2.4765995366	0.4361352288	228.7084350872
2.2455823169	-0.2280715468	227.9974777020
1.8945235782	-0.8848114360	227.3300569352
1.3511041538	-0.0455963958	227.3097235774
1.3171303079	0.9448732798	227.1762484875
1.6067801805	1.5545033174	226.4383771109
0.6243075263	1.3840777435	226.3628614998
0.0683283700	0.7459407457	225.8302562521
-0.5000549734	1.1058754325	226.5701125869
-1.2997027551	1.5343744768	226.9907692097
-1.4219557260	0.5829300497	226.7082666199
-1.4907749384	0.1858941301	225.7930473049
-0.9739494172	0.9853857989	225.4869354754
-1.2876683116	1.8023306116	225.9708586389
-0.9106713870	2.4912681414	226.5899211551
-0.3562584284	2.9376495378	227.2923241165
0.4858876631	3.3143975710	227.6781360915
1.3673796215	2.8422196860	227.6736670544
1.5406006369	2.8360240430	228.6585305444
1.1036167298	2.0054059858	229.0036663265
1.2383332697	1.6316722851	228.0859656265
0.3809435431	2.1331823822	227.9703348379
0.9459525778	1.9539082063	227.1649619053
-0.0121723516	2.0237636179	226.8872627135
-0.3234335632	1.3796812461	227.5860290238
-0.9055638996	2.1726093866	227.7659991197
-1.4855560893	2.4603935674	228.5280944715
-2.0763577423	1.9140234829	227.9344336781
-1.8195844382	1.3076754331	228.6870355070
-1.4467251004	0.8240967010	229.4789493432
-0.5904686099	0.3473183460	229.2801851043
-1.3336380334	0.0856039332	228.6643890551
-1.2929152362	0.7307520730	227.9014175408
-0.7559713429	1.2935320477	228.5298838929
-0.3328266275	0.4262988360	228.2674813272
-0.3361339813	-0.5490620065	228.0468905560
-0.0989056426	-0.4933266245	229.0167442989
-0.3972205691	-0.3707199439	229.9633042846
0.5689551190	-0.1728594269	229.7979085306
0.5232404797	0.0201918092	230.7780316820
-0.0597635229	0.6256802416	230.2362844243
-0.2617692167	1.3686424585	229.5981615177
-1.0917482658	1.8840205006	229.3848067619
-0.7162951329	2.7807243724	229.6192360927
0.0928960413	3.3014754754	229.8913168387
-0.3565284258	3.6494134128	229.0685429694
-0.5743519787	3.1281526273	228.2434126201
-0.3067824428	2.3229133560	228.7725593476
0.4702401978	2.9382223244	228.9053399541
0.1762541920	2.3051956521	229.6214750395
0.7999100768	1.5762259726	229.9037099483
0.3333623095	1.5209569324	230.7864774795
-0.3934883508	2.1208175585	230.4520296556
-0.9478870099	1.2941204569	230.3560399209
