-1.7301480408	0.2031440137	165.9646689447
-2.6238256253	0.0452176558	166.3846685166
-2.1026653329	0.4242093856	167.1493627158
-2.3888160218	1.2517746306	166.6663994164
-1.9295959112	1.9377496951	166.1019925588
-1.3503499463	1.8200495698	165.2953818765
-0.6046708458	1.1575024353	165.2247138244
-0.1314589152	1.6296786452	165.9684342662
-0.9477235761	2.1339705998	166.2502172110
-0.4410336562	2.0349543007	167.1066406445
-1.0869752467	2.2041548125	167.8510401666
-1.7691699786	2.1654563969	167.1208944411
-1.2717299252	1.3066664451	166.9982844411
-0.9619565547	0.9000112036	166.1388241608
-1.1635191561	0.2095588341	166.8335529159
-0.9688973185	0.4036330013	167.7950400754
-0.3803947046	0.3633866091	168.6025330484
-0.8090748588	0.8726234558	169.3487978536
-1.8023336624	0.8426035716	169.2368346643
-1.4772940135	1.4406919601	169.9693914924
-1.3679231613	0.5796883272	170.4660913624
-0.5445375626	1.1350374986	170.3493718108
0.3382262733	0.6825948808	170.4759565162
0.3197116810	0.7596449337	169.4791012112
1.2631152162	0.9486068420	169.2065518266
1.1825220214	0.1456959486	169.7971776255
0.9517969891	-0.0060174020	168.8360589967
0.2092023149	-0.4876001769	169.3014955453
-0.3761647046	-1.0556208845	169.8800263813
-0.8942697504	-1.2852558700	170.7039407792
-1.1338697490	-1.9624385877	170.0082286206
-0.2076303132	-2.3369061671	169.9651642571
-0.4998684471	-2.3199764049	169.0089685364
-0.2835481392	-1.3516966166	168.8839094468
0.4548613988	-1.7860553763	169.3997425807
1.0124702537	-1.0308112781	169.7442403557
0.4254760029	-0.4560005675	170.3143547272
0.2485835041	-1.2945165021	170.8297187456
0.1408744698	-0.5626023672	171.5025489345
-0.5260936076	-0.1828843629	170.8614812150
-0.5228569060	0.0568130476	169.8906389646
-1.3548948341	-0.4971939910	169.9187296605
-1.3482136559	-0.1719011886	168.9731399215
-0.8288601299	-0.7001336276	168.3013941322
-1.4428732704	-0.5937228637	167.5193042316
-1.8629643660	-0.7413201288	166.6239057065
-2.5035950565	-0.5622263526	167.3705768106
-3.1944958946	-1.2343375187	167.6368898077
-3.2531891041	-0.4251059566	168.2214403924
-2.8393595186	-1.2059279186	168.6894811362
-2.3044548652	-0.9541058465	169.4959937870
-2.4902363849	-0.1016639965	169.0072933478
-2.0120752852	-0.0326373864	168.1317379299
-2.8391351974	0.4480888113	167.8404061181
-2.0796829863	1.0906789986	167.9419452249
-1.2299038723	1.2599034032	168.4411832025
-1.8197014379	2.0139907636	168.7301314412
-0.9718533370	2.1189770574	169.2498731808
-0.0392197876	1.7974817146	169.0860580191
0.5926661238	1.2647303728	168.5231226741
1.3384405972	0.7529939174	168.0965711119
1.3706642845	-0.2324901188	167.9298892343
0.8446687036	-0.9567022966	167.4839684225
0.7163890757	-1.8856240318	167.8313137075
-0.1492003819	-1.3954307413	167.7290130285
-0.3876399600	-0.5046386559	167.3421848649
0.3557491320	-0.3785853006	166.6853110494
1.3502510687	-0.4265476855	166.5922223408
0.9792301565	-1.3060994169	166.2943427771
0.0298514471	-1.3925563121	166.5963448819
-0.1160823269	-2.3182374564	166.9453688822
-0.3915930205	-2.4810234645	167.8927835608
-1.3166762926	-2.6582725127	168.2286462033
-1.1514478908	-1.6751353714	168.1502820745
-1.8970217561	-1.0572271659	168.3998999043
-1.3021156363	-1.2369573711	169.1833434326
-1.8463927029	-2.0724768246	169.1080459049
-2.2276228697	-2.1212725741	168.1848544109
-2.0570979572	-1.4540126045	167.4598127658
-1.5197075378	-2.2629666063	167.2214748543
-1.0137431127	-1.4621217212	166.9010884150
-0.7459436224	-0.6349564941	166.4070427491
-0.2132191077	-0.9232316906	165.6113656773
0.5409997763	-0.2695340916	165.6732795206
0.3608241635	0.4373319757	164.9892640884
0.2241712651	-0.4480153522	164.5448700128
-0.5795104753	0.1446710675	164.5979592580
-0.5371916275	0.0523544870	165.5927892757
0.1530139716	0.5637878761	166.1046995408
0.8173721057	1.2315195401	166.4405011110
1.0639615446	0.4418319298	167.0022725296
1.8193955639	1.0881741122	167.1097956705
1.3724826135	1.9820792592	167.0751199860
0.6659892694	1.4109115407	167.4930130249
0.1941226169	2.1259928845	168.0087654208
-0.3161441765	1.2714952905	167.9114943498
-0.2135538031	0.8357452820	167.0172923897
0.3443586134	0.4071739910	167.7279683947
0.2455185763	-0.4675101476	168.2024768822
0.9134632521	-1.0703264263	168.6388969140
