-1.1704999600	-1.4592673291	-21.0950618910
-1.0303704944	-0.4756208014	-21.2082133001
-0.6565814506	0.4243259390	-21.4326628830
-1.5146724493	0.9170370399	-21.2880405849
-1.0291868314	1.1881019681	-22.1192009301
-0.3929532020	0.5029866688	-22.4739174301
0.4040919749	0.3314704720	-21.8948654633
-0.1772261210	-0.4734391814	-22.0139860801
0.0764470219	-0.5551566633	-21.0501540462
0.9128446914	-0.0443665559	-20.8513264707
1.1194188695	-0.9558473945	-20.4956162097
0.6626333680	-1.7556427492	-20.1061622376
-0.1671919402	-2.3099399680	-20.0417840504
-0.7352528671	-1.7690675454	-19.4214907279
-0.2744520832	-1.2289313231	-20.1257034081
0.3569983421	-0.4722933311	-19.9560882274
0.9603608095	0.3176556543	-19.8468438535
-0.0012648689	0.4887056496	-19.6323258969
0.0497131647	0.5868422617	-20.6261923092
-0.5778195816	-0.1257942279	-20.3125812667
-0.9856984241	0.7825336464	-20.4051843038
-0.3707181086	1.4041596936	-19.9200242591
0.6029121923	1.3847856768	-19.6927167916
0.2768692449	2.3063064838	-19.9036561164
0.2663454492	1.7528370773	-20.7364591339
0.9216622065	1.5736212332	-21.4702449533
1.0548394702	0.9692853602	-20.6847247631
1.9495830068	0.6630887899	-20.3596437518
1.9291759554	0.3706504707	-19.4035771319
1.5880314805	-0.1141159234	-18.5982064158
1.1023726690	-0.9463822762	-18.3308709769
1.1289735696	-0.7846667831	-19.3173498116
0.5858480048	-0.0603123161	-18.8927026322
1.0012575537	0.8431023009	-18.7865097110
1.6341566895	1.5115053835	-19.1772474786
1.4175822019	1.7933058035	-20.1119581368
1.0810213296	2.4150043402	-20.8192188446
0.1942263116	2.8745561012	-20.7701599504
0.2725610644	2.4529686457	-21.6735578051
-0.1314118854	1.5396228059	-21.7245992845
-0.7607561370	1.6341265347	-20.9532401864
-0.7974380197	2.4683692658	-21.5034160721
-0.5916154260	3.4296960426	-21.3204191104
-1.4141163407	3.3098723941	-20.7644204247
-1.6436922137	2.3367905347	-20.7442557659
-2.3769526941	1.7204996438	-21.0315093223
-2.4074309400	1.9424497649	-20.0569277607
-2.9898660916	1.1543428182	-19.8577877730
-2.1277403223	0.8959723774	-20.2936591682
-1.7241450292	0.0021254828	-20.4889757534
-1.4787135409	0.0505608546	-19.5207725726
-0.9647623280	0.8658384547	-19.2539831698
-1.5396197356	0.6137313226	-18.4755353842
-1.4522790555	0.4516937323	-17.4926236765
-2.3765242602	0.4073216146	-17.8718359083
-2.8906690624	0.6439039538	-18.6962653590
-2.4995037437	0.2002758607	-19.5026051190
-2.8635361781	0.0188077633	-20.4161420457
-2.9032348454	0.7755110051	-21.0686941276
-2.4135571689	1.1302002089	-21.8651935575
-2.2567255507	0.1462819040	-21.7797031331
-1.4091614272	-0.0451507363	-22.2746663648
-1.8069915634	-0.9002128729	-21.9421006943
-2.0724610440	-0.8938796142	-20.9780022321
-2.3236763755	-0.7977959016	-20.0148517883
-1.3438035815	-0.9974187316	-20.0146694056
-1.3704603979	-1.0392791672	-19.0159016057
-1.5439334345	-1.9388421203	-18.6150355445
-0.6943951600	-1.5009933850	-18.3208022950
-1.5380458539	-1.2762852444	-17.8331961442
-1.9745653075	-0.5188382052	-18.3187110763
-1.0373627876	-0.3817048650	-17.9980151400
-0.4739700612	0.1384899502	-17.3561537920
-0.5199388223	-0.1538926370	-16.4009578458
0.2660841143	0.4494303291	-16.5357515461
-0.4365435852	1.1321843023	-16.7361544604
-0.2418410717	2.0406426532	-17.1060116705
-0.1884533416	2.1128865460	-18.1019687832
-1.0688365212	1.8220037469	-18.4765520907
-0.5074978017	2.1566374313	-19.2334663125
-0.0172944902	1.3935847420	-18.8122166161
0.5835771612	2.1818810674	-18.9446634427
0.0692194031	3.0316721970	-18.8293762676
-0.6871070731	3.1737488575	-19.4679563204
-1.5215309440	2.6320377731	-19.5693757706
-0.7782131508	2.4672477462	-20.2176989195
-1.3800476481	1.6965230283	-20.0084654444
-1.9056963484	1.4302961627	-19.2004947148
-2.2411377653	1.4229842761	-18.2584620231
-1.5787056564	1.4411329916	-17.5095599433
-0.6864880990	1.1334644061	-17.8401471056
-0.3872037309	0.3710559890	-18.4138737588
-0.5001819133	-0.3154619716	-19.1321557508
0.1225172005	-1.0935983914	-19.0500002526
0.1201416860	-0.7637526792	-18.1059683871
-0.3022803028	-0.9319115906	-17.2153044528
0.6327563113	-0.6047449829	-17.0786715833
0.5221021600	0.1283804538	-17.7497026949
0.3331511258	1.0948323155	-17.5757248062
1.1504663532	1.5444006814	-17.9361191784
