0.4807777184	-0.1166708343	35.8187600364
0.1710175663	0.8004011009	35.5677068271
-0.7851968047	1.0808388034	35.4839884201
-0.1854505157	1.7045283322	35.9853024540
0.3984795996	1.7512676212	35.1748451390
1.0347748846	2.3106962937	34.6436503812
1.6146159607	2.9343424147	35.1679116159
0.8171202497	2.6122950072	35.6780939934
1.5198270609	1.9188782292	35.5187945600
1.1806585795	0.9894013651	35.3737514624
0.8149851858	1.4468428924	36.1843254677
1.5110879153	2.0199723630	36.6167183444
1.5627727548	3.0056128451	36.4559653744
0.9569204974	3.1773462593	37.2327862524
0.4993384907	2.5068177442	36.6488254509
0.5980970063	3.4470136264	36.3228216797
0.5092154728	3.5323983296	35.3304459819
-0.0601197652	2.9317731548	34.7691022493
-0.6274895323	2.3199852539	35.3202892517
-0.3087704663	3.0873010304	35.8767464882
-0.4335540939	3.8771137048	36.4772670838
-1.2095642868	3.2486200289	36.4243154088
-1.6243727170	2.5455651492	35.8466928657
-1.4261633058	1.6682083115	36.2836802896
-1.6274031542	2.3617544595	36.9754145333
-0.6654879056	2.2954276857	36.7102357003
-0.2478910722	3.0683503834	37.1879420831
0.2330806904	2.9608078818	38.0580574628
0.7609781751	3.1211789606	38.8920870562
1.3587831796	2.8413495991	38.1408715711
1.7035698684	1.9982265638	37.7282389420
0.7172498762	2.0776387624	37.5837862658
1.1387490754	1.2225463426	37.2818667753
1.2124784360	0.4000530841	36.7178908706
0.2165455030	0.4751253641	36.7677079942
0.1227232609	1.4450473256	36.9923160427
-0.7024541875	0.9582392892	36.7057848673
-0.5395335876	0.1841788979	36.0939945530
-1.3025155757	-0.2643706000	36.5594640297
-1.5584697036	0.5703208647	36.0718395399
-2.4326019342	0.9769911042	36.3373807980
-2.4643274554	1.9748659951	36.2804668859
-2.3865117440	1.5829467144	37.1971696690
-1.7005069050	0.8622622683	37.0971132350
-1.1211552173	1.6076887584	37.4267963704
-0.2641827336	1.8529370650	37.8800638746
-0.9088667187	2.6171835626	37.8976664388
-0.7454575994	3.4509627054	38.4250276060
-1.1184396471	3.6597381888	37.5209827014
-0.2145039467	4.0874051742	37.5198877119
0.6550484558	4.2299371128	37.0470629391
1.4450091485	3.9324652257	37.5832276343
0.6604076862	4.0149749120	38.1977133517
1.5423741139	3.9037755950	38.6557198280
1.8819401022	3.0401475190	39.0283342211
1.3541088445	2.5307875325	39.7080007331
0.3556519486	2.5822848021	39.6872195364
-0.2366251461	3.3377734321	39.4071395957
-0.6406225465	2.6864686080	40.0494698274
-0.4081960990	1.7572966470	39.7620373776
-1.3797509196	1.7857972499	39.5269438937
-1.3492835745	2.5502843489	38.8830252526
-0.3579435864	2.4190184297	38.8792455022
0.5673795346	2.1425544086	38.6197367995
1.5402175449	1.9844374971	38.7888085236
1.0511757434	1.2471793424	38.3226663461
0.8438682746	1.1870443590	39.2990921739
-0.0327076153	1.2597541894	38.8233527602
0.0117825090	0.8301325051	37.9214404378
0.5534804530	0.3239213297	38.5924945215
-0.4221105274	0.3021516710	38.8110084135
-0.2388512007	0.4694067255	39.7797404538
-1.1216209250	0.7200851306	40.1770790389
-1.2864641288	0.7910693107	39.1933168907
-1.0270394273	1.4914372893	38.5283480803
-1.0567355155	0.6789282970	37.9461562909
-0.5269772216	0.0982084114	37.3279972785
-0.2193926761	-0.6096996015	36.6921844188
0.4238439468	-0.3603377912	37.4161079883
0.1126987129	-0.5809544109	38.3405088486
0.3679960236	-0.3717932223	39.2844764753
-0.5915597166	-0.6349342115	39.3845244700
-0.6373551362	-1.3523903778	38.6894277653
-0.4931221452	-1.1306057308	37.7250583264
-0.9142014671	-0.4067332245	38.2715935945
-1.5945220866	-0.1888149833	37.5718254223
-1.9534499278	0.2712965601	38.3839018795
-1.9666939450	1.2337111406	38.1126404351
-1.8933982000	2.2217328836	37.9768436413
-2.8339746998	1.9056894689	38.1010708854
-2.3180596924	1.7266835876	38.9387991228
-2.5033875473	0.7666805742	39.1486748011
-2.0940343663	-0.0725155378	39.5066969497
-2.7765632848	-0.3631508864	38.8361111092
-3.3056474326	0.2950394796	38.3005222681
-2.7114918163	0.5628696824	37.5420724767
-2.4083866205	-0.1307826922	36.8886402894
-2.5985411403	-0.5693003086	37.7670158119
-1.8551976540	-0.9660816763	38.3055369420
-1.5422771096	-1.2054943911	37.3864274356
