3.0322193668	0.8903235051	225.4947852631
3.7689645715	0.5107326302	226.0543540892
3.0765626180	-0.1440005516	225.7511973716
3.6846809857	-0.4097541769	225.0031552193
3.0499318006	0.0441949374	224.3778363618
3.3483981802	-0.8654668145	224.0889881018
3.1271784222	-1.5074079616	224.8231361675
2.5480427769	-0.6933701638	224.8672311577
1.9216242094	-1.0905198305	224.1965062361
1.9341561292	-0.0906009265	224.1987725793
1.3554038488	0.6830210305	224.4567548764
0.7874351801	0.2811720073	223.7384729303
0.8094706746	-0.7062264145	223.8951853856
0.4621089931	-1.1788716138	224.7050905515
1.3413642288	-1.4520833707	225.0953027584
2.1509095599	-1.9920042828	224.8648211635
2.3448047976	-1.5315650811	225.7310776949
2.8483362785	-1.9290026527	226.4982148563
1.8764811808	-2.1564363987	226.4368018263
1.8810059417	-1.2121347915	226.7658519761
1.1361086401	-1.1483779128	226.1017261820
0.9015395186	-1.7125955401	226.8933294893
1.2368027759	-1.8696728073	227.8222672054
2.1816592804	-1.9882146854	227.5169902671
2.9851775153	-1.3932285748	227.5356978697
3.0032891102	-1.2769349171	228.5287475942
3.5144457692	-0.4285100331	228.6662033550
2.8600558610	-0.4351284362	227.9100750295
3.3439651680	0.4399449609	227.9012244717
3.6207910025	0.9364225536	228.7239500986
2.7304639820	0.5015326379	228.8588150605
2.3731201418	-0.4058473804	229.0800996786
1.8536530015	-1.1959586338	228.7547105311
1.7719369186	-0.8825973014	227.8085989324
1.5898813579	0.0029852774	228.2359152893
1.2224330560	0.3444503997	227.3708237822
1.3874306600	0.9476802415	226.5905100321
0.5795867003	1.2734780527	226.0993441507
0.4856230250	1.5248089813	227.0626735814
0.6507735581	1.0764287602	227.9411270399
1.5199387668	1.3524359178	227.5307956020
2.1177059770	2.1345454199	227.3547868261
1.1819270200	2.4589028492	227.2165478960
1.5042177830	2.1382437763	226.3258703881
0.5185314545	2.3011000724	226.3694626878
0.4764118063	2.0934185801	225.3921734097
0.5525835103	1.2864225343	224.8065495940
-0.4285356877	1.3694880117	224.9812071041
-0.3790512559	0.4704062305	224.5462321143
-0.3189065076	-0.4070731373	224.0704038173
-0.3380150060	-0.5309806558	225.0625135855
-0.8202146945	0.2264240605	225.5027652818
-0.4721856507	-0.1732334987	226.3507921800
-0.1998475926	-0.5042900556	227.2542486196
0.4699192293	-0.2455499228	227.9502845008
0.9429688605	-0.6500926855	227.1676165000
1.4099068181	-0.1696544440	226.4252230465
2.1677629968	-0.5785239852	225.9168140470
2.8232717955	-0.8392707875	226.6255589376
3.3860256633	-1.2339725803	225.8992541950
4.0198942828	-0.5327962775	226.2256931106
3.8237872955	-1.2826065885	226.8576160071
4.0312847273	-1.1243515832	227.8229657723
3.7414556191	-0.3247419947	227.2970155902
3.0159270939	0.2070706143	226.8602276462
2.1014759174	-0.0827303542	227.1427067504
2.3128298835	0.6396397755	227.8011221942
2.6833020497	1.5255341825	228.0803021968
3.4517083186	1.4168550310	227.4496353688
3.3142797659	1.4667415636	226.4603807369
2.4271257919	1.4857638553	225.9992994222
2.4864579683	1.1163417353	226.9266650405
2.2813530271	0.5245868120	226.1470766403
2.1885962991	0.2979896034	225.1775149380
2.1400687906	1.2552488560	224.8923837325
1.3639113624	1.5174703625	225.4658116077
1.1950851278	0.5395311107	225.5888259251
1.3742676457	-0.3500025653	225.1685599801
0.5019713335	-0.0585181447	224.7759584310
0.1789174140	0.5458418811	225.5042338763
0.4296636594	-0.3760774918	225.7995150818
0.4764718827	0.1900327726	226.6225145707
-0.0403012624	0.5603223913	227.3944155455
-0.2024811191	0.5036517119	228.3795480889
-1.1135844975	0.7224479422	228.0302361316
-1.0094411562	0.4169687911	227.0837496538
-1.3911402022	1.0219989330	226.3850048036
-0.3926628852	0.9907066469	226.3395752958
-0.4280473598	1.9114883180	225.9511051512
-0.7362460391	1.8802554872	226.9019143247
-0.4483082110	1.5071199926	227.7838790121
-0.3820639890	1.7344069546	228.7554511092
-0.7750948448	2.4035970199	228.1248074674
0.0337080370	2.5570616167	227.5571046262
0.5903342853	2.0605028454	228.2231351108
1.5814888966	2.0353244634	228.3534370123
1.5728296837	1.0635032379	228.5889970338
1.6199339978	0.3736583507	229.3114201890
0.7496187672	0.3348801045	228.8204541545
0.6418307990	1.2721054773	229.1521020922
