1.1622599424	-0.5798090126	-237.8094438634
1.3358215502	0.4025803200	-237.7402516125
0.6142845652	0.3037155987	-238.4255326834
0.1610204762	-0.5544939281	-238.1846425138
0.2823719191	-1.3649951679	-237.6116140961
-0.0459124168	-1.7495678352	-236.7488665905
-0.1768418044	-2.1858505867	-235.8586335557
-0.3074435544	-1.2615038803	-235.5001278385
0.2080787096	-1.7912730016	-234.8266432630
-0.2356891621	-1.6940062808	-233.9357957670
0.5208605486	-1.0816361522	-233.7063717906
1.4129135510	-0.6549196039	-233.5575281532
1.5488765225	-0.3548096230	-234.5016934299
1.0244908653	-1.1900891584	-234.6670045922
0.8943964233	-1.2731469412	-235.6550212119
0.8675025798	-1.1454725464	-236.6464726580
0.2693197606	-0.4603350200	-237.0621214094
0.2168893488	0.5327437714	-236.9570235216
-0.0018058236	1.0674215816	-237.7732906720
-0.5576100843	0.4305818864	-238.3076284177
-1.0638021472	1.1155908130	-237.7836700550
-0.6693394356	1.0148979889	-236.8702916425
-0.6853704612	0.1001971781	-237.2741052542
-0.7969404115	-0.8874159245	-237.3844343333
-1.6434671321	-0.4202859114	-237.1291265541
-1.9495595704	-0.1921847033	-236.2048553504
-2.3026664785	0.6593599821	-235.8173154684
-1.5169695556	0.6840940971	-236.4354324224
-1.4763979130	1.6748986941	-236.3063580548
-0.9225857977	2.4980512234	-236.4317057891
-0.6901264848	2.0501770180	-237.2950547128
0.2614922581	1.8081708444	-237.1057011280
0.9018118257	1.2307073365	-236.5992164310
1.6076144464	1.0486420070	-235.9146034919
2.3145565989	1.3468264026	-235.2732620389
1.5600821286	1.6887245973	-234.7130175404
0.7467121875	2.2515535973	-234.8601666338
0.6900700678	1.3914819414	-235.3671857823
1.3143808250	2.1043156312	-235.6867232749
0.6526681389	2.4710830999	-236.3406483050
-0.0477360875	2.5456506780	-235.6308077623
-0.0489500913	1.6439462516	-236.0631590704
-0.7622434793	1.0222567654	-235.7395625231
0.1351311679	0.5821326492	-235.7713352322
-0.5812429219	0.0892123500	-236.2651345255
-0.4857433693	-0.2112701409	-235.3161402642
-0.0960412388	-0.7487109465	-234.5682835734
-0.9917131521	-1.1933410744	-234.5769940878
-1.4238963839	-0.6885190753	-235.3242372901
-1.4895379748	0.3087013079	-235.3594890812
-2.3394471429	-0.1718672730	-235.1433681774
-2.0060680610	0.3788171574	-234.3781198218
-1.1386828466	-0.0978378902	-234.2351413079
-1.4124690899	0.2800991296	-233.3507179353
-1.2156411332	-0.5590826077	-232.8437339442
-1.2792753011	-1.1296878840	-233.6624892870
-1.4293463062	-1.9898700261	-234.1498960738
-0.8117026520	-2.1108080162	-234.9269998757
-1.2375009546	-1.7478681948	-235.7558367062
-1.0023648940	-0.9567785497	-236.3205385801
-1.6307168183	-1.5245710510	-236.8523144115
-2.1633597000	-1.3471558428	-236.0247786694
-2.0550588123	-1.4975992507	-235.0421100077
-2.0382628895	-0.8113012453	-234.3149835092
-2.1574245403	-0.5201930349	-233.3657435444
-2.5323008246	0.3719180554	-233.1135420894
-2.3135681208	1.3448875847	-233.1876116469
-2.2449145617	1.5378302456	-234.1664169485
-2.6455093125	1.6073858629	-235.0800283877
-1.7000071182	1.2868784701	-235.1374793389
-1.0447584248	0.9427038851	-234.4650263630
-0.1601108911	0.4838630735	-234.5478747232
-0.3376193396	0.5103470737	-233.5641118714
-0.3575772268	-0.4893720611	-233.5768920980
-0.2541639282	-1.2210294409	-232.9031093673
-0.2067099901	-0.5302405223	-232.1816117625
-0.4878301598	0.3737436504	-232.5037671065
-0.6058245601	1.3496973136	-232.6870476802
-1.1710846921	1.3167201708	-233.5113009734
-1.1642508354	1.9656878180	-234.2720862856
-1.0610291940	2.8905403737	-234.6381368873
-1.1208491158	3.1181475857	-235.6100507384
-1.8726387828	2.4591735854	-235.5862691551
-0.9704946150	2.0621620667	-235.4173971487
-0.3131165481	1.5824042004	-234.8362891838
-0.1317548598	2.3750162471	-234.2541602622
-0.1679052476	1.5018884767	-233.7680110608
0.6090319213	1.0805908034	-234.2358538827
0.5794167405	0.9654741542	-233.2429434647
1.3761280401	0.4503198063	-232.9269258971
0.5948339683	0.5595952251	-232.3124029470
0.4992189220	-0.1730800477	-232.9862313432
0.7077962196	0.0339521071	-233.9420729607
1.4999270246	0.6428363723	-233.9843664509
1.1987783852	0.5847670532	-234.9361739163
0.5753009083	-0.1682289229	-235.1465851705
0.2660060315	-0.5281715773	-236.0267998970
1.0124049427	0.0943511443	-236.2620744737
1.5656397040	-0.2896428641	-235.5228316852
2.2494811790	0.2875322023	-235.0764800527
