-0.5401521348	-0.0550238153	39.5304695329
0.4532552332	-0.1685470623	39.5145235729
0.2660353244	0.7846056822	39.7521126117
0.4726127737	0.1930968748	40.5314989654
0.0655553039	0.5488796509	41.3727616072
-0.4833258177	0.3429229068	42.1828920497
-1.4751501531	0.3236010709	42.3090314741
-1.7385974345	0.1353120634	41.3629116193
-2.4331448716	-0.5624002550	41.1874084045
-2.0385217761	-0.5183366075	42.1051943313
-2.2030125423	-1.4964671085	41.9779013195
-1.5715779671	-1.9842589447	42.5806861085
-0.6564394762	-1.9730871599	42.9836708895
-1.0447354400	-1.0636249334	42.8349943845
-1.0283140449	-0.7738582856	41.8780379448
-0.3663112419	-1.4905506542	42.0973649555
0.4119020272	-1.5872769062	42.7178713132
0.6708290511	-0.9364948592	43.4316216362
-0.1091058496	-1.2519168893	43.9721866125
-0.4652025329	-0.4459379955	43.4993302126
-0.1222893030	-0.6037699781	42.5733174794
-0.0108831918	-0.4965118169	41.5853476594
-0.6251311667	-0.0929511738	40.9072339280
-0.5696991260	0.7563684735	40.3822735243
-1.3370677174	0.1540876500	40.1622661276
-2.0467730247	0.5382029739	39.5716953913
-2.4312257464	0.2360147485	40.4439788206
-2.1230140155	-0.6640847258	40.1360397598
-2.6516392807	-0.8766565983	39.3142316752
-2.2026712242	-1.4771809946	38.6525685179
-1.2245214596	-1.6692265698	38.5729347627
-0.2374977475	-1.5814521834	38.4384734343
0.7096159682	-1.2963806646	38.2911308443
1.6313664455	-1.5415231157	38.5915992058
1.6518919007	-0.7947104788	39.2563168835
1.5778975712	0.1607484424	39.5420144318
1.3285622347	0.7820495572	40.2848581669
1.1358814951	0.6481300878	41.2569382605
1.8199715211	0.0245138405	40.8786214455
1.8613401780	-0.4932421179	41.7331490353
1.0175550023	-0.7551507863	42.2015830505
1.5261085118	-1.4743327027	42.6750286113
1.6410613477	-0.5958029137	43.1386785391
1.1662237685	0.2668843577	43.3127473333
0.4239887430	0.2582171885	43.9828309453
0.0158628527	0.5187076607	43.1078578191
0.5483349867	0.2209827058	42.3154985080
1.1108926390	1.0446894060	42.3864644146
0.5055468496	1.4293576995	41.6896238451
0.3930022290	1.2759036944	40.7078980296
-0.4278827256	1.8210467742	40.8780947214
-0.8140064088	1.1274896367	41.4862780805
-1.5940764858	1.0516699573	40.8651967241
-1.2687636289	1.4720581006	40.0181752639
-0.8855645884	0.9159890904	39.2806484839
-1.4391915974	0.4475565829	38.5921224344
-1.3329833329	-0.5207636674	38.3661231038
-1.3051720154	-0.7335385067	39.3428284833
-0.8150050423	-0.9746439151	40.1804468454
-1.4193387041	-0.8173506185	40.9614971920
-2.0281701053	-1.6101110284	40.9322524075
-2.8338783854	-2.1951750215	40.8398711792
-2.9619089450	-1.3077674954	40.3970212517
-2.6774671527	-1.9444289852	39.6802541946
-1.8519254568	-2.3617251240	39.3003267792
-1.7230539372	-1.5566571198	39.8793411488
-0.8360949699	-1.8513113966	39.5236971591
-0.7610274929	-2.6708194872	38.9555674527
-0.8287572052	-2.8235315834	39.9415145617
-0.9487578801	-2.0695394037	40.5873439750
-1.7267936117	-2.6896737559	40.6878118087
-1.9806446041	-2.5357904169	41.6427356756
-1.2096268514	-1.8989798666	41.6447226697
-0.8450849677	-2.7283462800	42.0681144117
0.1077581781	-2.4743011883	42.2340994437
-0.1134714696	-2.2850018393	41.2774264591
-0.4776192438	-3.1367488785	40.9006992638
0.2682073477	-3.3024615972	41.5458984503
0.8226636217	-2.6322012526	41.0526142414
0.4367633799	-2.6396355849	40.1301036810
0.2332472689	-2.2729907900	39.2222750700
0.8973415759	-1.5524758083	39.4218669347
1.7289433067	-2.0900373183	39.5613882031
2.3050311223	-1.3528832944	39.9145549820
2.0847371544	-1.1621355771	40.8711561925
1.5997286321	-1.6431835981	41.6014708746
1.7876297916	-2.1730109421	40.7744423746
1.0109210460	-1.6379614540	40.4421088527
1.1453882599	-0.6889453385	40.1570001350
0.9653351002	-0.5933692448	41.1360027243
0.5152468488	-1.4571791856	41.3623938728
-0.4221300243	-1.3065194841	41.0483457042
0.1918779319	-0.7619643207	40.4769842566
-0.0148175508	-1.7052361280	40.2171472402
-0.0667112134	-1.1778458192	39.3691103837
-0.1957604805	-0.4769022232	38.6676659014
-0.4546639790	0.3047114529	38.1001722540
0.3385969751	0.4796365884	38.6833859848
1.0740350713	-0.1642218794	38.4722531356
2.0701412785	-0.2329864767	38.5274242704
