0.8561922020	1.0778900252	-231.7434725856
-0.1127164339	1.3148315650	-231.6722352210
-0.4695174632	0.3810060560	-231.6464875180
-1.1520606242	0.8146047515	-231.0581619238
-0.3473259188	0.4405723198	-230.5971827551
0.4815886488	0.2253463091	-231.1134950675
-0.0994571471	-0.5579160212	-230.8923934957
0.7888946151	-0.8354082054	-231.2582202776
1.1649781559	-0.2894522546	-232.0068812623
0.8618418478	-1.1715978998	-232.3673357521
0.6863031731	-1.8092131431	-233.1174243970
0.7521399586	-1.5682585120	-234.0857251682
1.2458377227	-0.9514250229	-233.4727170405
0.6432452780	-0.2805852609	-233.9049858913
0.3206720356	-0.4173822837	-232.9683786749
0.4285163328	0.4174647020	-232.4285637824
0.4714664281	1.3429702722	-232.8048545327
-0.5183992176	1.2790297751	-232.6780569921
-1.1905171569	1.4095415493	-231.9492057367
-0.9554894925	2.2680888692	-232.4049013548
-0.2208979634	2.3077272737	-233.0822521371
0.3411303611	2.2131072127	-232.2605641145
-0.0940622941	2.4348994818	-231.3879728343
-0.9057360631	1.9635485415	-231.0429888004
-1.1252477705	2.8796228631	-231.3785814817
-1.5837208539	3.4522959794	-232.0581754293
-1.7592642733	3.0059772739	-232.9356628201
-2.1171138457	3.2121260755	-233.8464022752
-1.9845640780	2.2266746501	-233.7400253637
-1.0134978858	2.4557516426	-233.8075100426
-1.2852523988	1.6516263215	-233.2788022285
-1.1551527230	0.6614836745	-233.3306829838
-1.9303720561	0.9927870297	-232.7928418620
-2.2845581041	1.1974931824	-231.8803465828
-2.0716608005	0.3396505254	-231.4126065760
-1.3975684864	0.3508321915	-232.1511690463
-0.5523600603	0.1684975025	-232.6535402014
-0.0269304319	0.5532719963	-233.4124027018
-0.2894452189	1.4462628169	-233.7779890542
-0.5065750268	0.6464649696	-234.3376121863
-1.2427676051	1.3228463106	-234.3146172044
-2.1100920542	1.1007154994	-233.8691890926
-2.7808956336	0.4800899267	-233.4631762156
-2.2020761402	-0.0810503180	-232.8714924997
-1.7516931839	-0.1609925918	-233.7607418604
-1.3540159177	0.1998113311	-234.6043491868
-1.0919380201	0.8944718189	-235.2742461805
-2.0323628938	0.9367690498	-234.9368858372
-2.2896800668	0.4552481276	-235.7746957643
-1.4215181808	-0.0270849661	-235.6578637204
-2.1394272188	-0.6464121612	-235.3399951335
-1.2209056639	-0.8282376820	-234.9889144690
-0.3908656623	-0.4132820465	-234.6162948017
0.4833424286	-0.8480462292	-234.8324898971
-0.1964074564	-1.5367200787	-234.5801638724
-0.0827905075	-1.1638460707	-233.6592642237
-0.2132211030	-2.1496914334	-233.5539229664
-0.3684230835	-2.2264148636	-232.5690240576
-0.2251736957	-1.2385957806	-232.5082534044
-0.0545632950	-1.3924913858	-231.5350071694
0.1263417930	-0.5022074334	-231.9529399790
-0.8641650963	-0.6072781258	-231.8643044793
-1.1464081343	-1.5254859821	-232.1422130976
-1.0668377687	-1.6444873132	-233.1319136786
-1.1663767041	-1.1088992729	-233.9705062206
-0.7204588652	-0.3107846338	-233.5653268729
-1.2846219923	-0.6080384146	-232.7950281284
-2.0589817537	-0.9456385998	-232.2598710721
-2.0441128340	-1.1592142998	-233.2366844297
-2.8757736142	-0.7038406981	-233.5544504280
-2.2246893168	-0.9771792973	-234.2625289885
-2.3978749732	-0.0180167097	-234.4861667739
-3.3699531016	-0.1366203514	-234.2836889022
-3.7969083995	0.6995463989	-233.9394007391
-2.9812834846	0.9410609605	-234.4651637226
-3.5271713838	1.7088875541	-234.8004974724
-2.8055366214	1.4583882415	-235.4458604432
-2.4834840873	1.8899237016	-234.6032102714
-2.9736838850	2.6676679955	-234.2097411220
-3.9256814005	2.3993794247	-234.0623573605
-3.9197757716	1.6325159622	-233.4205742558
-2.9319595626	1.7540539515	-233.5177733017
-2.3196132555	2.0024321780	-232.7672133396
-1.8757913825	2.2973179985	-231.9210073966
-1.9404767501	2.2192060100	-230.9261635292
-2.3215452552	3.0670686378	-231.2948310744
-2.6509798831	2.9236594267	-232.2280548547
-3.0072240552	2.8397893644	-233.1586761002
-3.3109455809	2.1195490389	-232.5349717565
-3.2642713235	1.1383907446	-232.7224548632
-2.8776527501	0.3520336996	-232.2406160142
-3.1578950589	-0.6008975257	-232.3563153150
-3.5815653288	-0.0492834380	-233.0748035895
-4.0896333432	0.4001685740	-232.3400520794
-3.6234880137	0.2235878071	-231.4731450691
-4.4043931883	0.8174758622	-231.2795369951
-4.3108183308	1.4170264744	-232.0743846593
-3.4101331606	1.2298146302	-231.6823158522
-2.8589352787	2.0509656132	-231.5343565398
-2.5618738422	1.3258532033	-230.9130945211
