-1.9202733264	-0.0371492627	79.1716908546
-1.2918996475	-0.5294252335	79.7740287069
-1.5077005645	0.3344367831	80.2291906347
-1.4635760968	1.3050729502	80.4656614839
-0.4744761680	1.1694755993	80.5230608686
0.2371023045	0.4696157531	80.5851275523
-0.6013903436	-0.0576733600	80.7225912577
0.2134653647	-0.5243810405	81.0663849686
1.0084531454	-0.3515666466	80.4848958339
1.3135246152	-0.6748048570	79.5891009592
0.6289269666	-0.0882601474	79.1563292375
0.8982361265	0.5599728857	78.4441027909
0.7751194730	1.4545320622	78.0144445903
1.5794735923	1.7603288102	77.5050304171
0.9265737653	2.0228550012	76.7945363531
1.0869576379	2.9177444685	77.2110094672
1.2061492827	2.4965451088	78.1101114922
1.0574468742	2.2166955850	79.0585691021
0.2120881978	1.7138384509	78.8782820782
-0.2118417984	0.8676637736	78.5553706758
-1.0676311255	0.4088288524	78.7943165749
-0.3942475143	-0.3143968806	78.9476105775
0.2716518046	-0.5285574617	78.2329684694
0.7592031931	-1.3985350624	78.1592621744
1.6929060617	-1.4643996272	78.5112008228
1.3150947644	-0.5452372469	78.6225522581
1.6828547984	0.2512655496	79.1024854332
1.1752076359	0.5321078140	79.9169926345
1.3493961278	1.2303761162	79.2226730053
1.8698454292	1.2063393149	78.3691188144
1.9443483240	0.2950401709	77.9641704364
1.1081033880	-0.1668154398	77.6685629233
1.8856106128	-0.7937467421	77.7179558122
1.4978482491	-0.5495843324	76.8291222693
1.6537656274	0.3664678603	76.4596115773
1.0722583878	0.7934347659	77.1521060480
0.2404876797	0.4768915586	77.6081300463
-0.6357206428	0.0845358141	77.8879799083
-1.5809025814	-0.1770149722	78.0834851234
-2.0690113792	-0.5533239339	77.2959945730
-1.6193724401	-1.2759519728	77.8210027080
-0.6721580609	-1.0303053949	78.0270189180
-1.2557152367	-0.9569416347	78.8357702897
-0.4244195511	-1.3463919457	79.2323505948
0.5659007451	-1.2732918772	79.1143586845
1.1978481628	-1.9093272416	79.5571921480
0.7150581318	-1.3000999481	80.1862834696
0.1298574012	-0.5341973311	79.9199504334
-0.5422452178	0.1774962356	79.7155725076
0.2352214411	0.7850053747	79.5528511503
0.3826882918	1.6633948162	80.0074779390
-0.3343407661	2.2167137891	79.5835587907
-1.3244143468	2.0775400697	79.6031797128
-1.3197210273	2.7125874373	78.8307207731
-2.1304635556	2.1362204150	78.9331786106
-1.7861665093	2.1208741430	77.9944432720
-1.2677529510	1.5996370956	78.6723513211
-0.7499749189	1.2092062959	79.4335803932
-1.7203425301	0.9697735649	79.4661175479
-2.4840334601	0.4831648220	79.8903675860
-2.9846752834	0.7369811977	79.0627595797
-3.0204853654	-0.2293720143	79.3174733558
-2.3418643992	-0.9543699060	79.4351663515
-2.3803843793	-0.8405041930	78.4424172339
-2.6461447182	0.1190009043	78.3490287412
-1.9492885445	0.8361194563	78.3605376764
-1.2327799191	1.1724004444	77.7493662710
-0.2762463149	1.4634774510	77.7315438059
0.1556547496	1.2607198190	76.8527088879
-0.8420320886	1.2043682604	76.8146894901
-1.3774086986	0.8489970923	76.0484759309
-2.2531252741	1.1252868623	76.4444360835
-2.3261199156	0.8020856256	77.3879469435
-1.4517000889	0.3641806425	77.1790709216
-1.0899611120	-0.5673509631	77.1417375536
-0.5385022901	-1.3935169380	77.0262258671
-0.0303725400	-0.5613465963	77.2482544226
0.4838794992	-0.7811940991	76.4192719646
-0.4858585537	-0.6925219312	76.1917959097
-1.4038244400	-0.3241480149	76.0446929209
-0.6427207372	-0.0777673738	75.4446781434
-0.4907953357	0.2262013543	74.5041880133
0.3144702422	0.7281280715	74.8198094948
0.5033310923	0.0869265334	75.5635783883
0.4884025277	0.2305251142	76.5531018016
-0.4993743350	0.2437570220	76.7084137011
-0.2259018171	0.7608117375	75.8973235684
-0.7822670483	1.1357842189	75.1558025858
-0.8334841059	1.7317161233	75.9572025972
-1.5993388326	1.9726181775	76.5533843966
-0.9632705698	2.2252530932	77.2824884801
-0.8229554534	3.0285682609	76.7036997368
0.1080325533	3.3035130004	76.9438386997
-0.4906660979	3.1090046752	77.7208370500
-0.5277629406	2.3049253746	78.3142006002
0.2872310915	2.8598257101	78.4811447383
0.2535898017	2.4307640545	77.5784962135
-0.1148264015	2.2364995072	76.6693588274
0.3127203287	1.8381746832	75.8578533572
0.9218254480	1.0516423156	75.9596265774
