-2.2654233267	-0.0115990942	-202.1913670146
-2.0557956119	-0.9892575757	-202.2068626507
-1.6626635507	-1.9084674035	-202.2292339462
-0.6971444419	-2.0592915910	-202.4414246977
-1.0188241369	-1.1133290418	-202.4823762456
-1.5236183949	-0.4597311326	-203.0462845097
-1.3896493691	0.4818751076	-202.7373670634
-0.5465682127	-0.0198498253	-202.9309807395
0.2007062135	-0.5343204899	-203.3515765872
0.7202440832	-1.3559051993	-203.5862656732
0.4633807492	-2.0320414477	-202.8957144432
1.3036053183	-2.1644749509	-202.3698969456
0.5553066149	-1.8750487803	-201.7730037037
-0.3629979280	-1.5647589299	-201.5271643754
0.2412252018	-1.5485552891	-200.7305139807
-0.2570323560	-1.4654125980	-199.8674805520
0.2577890013	-2.2279766991	-199.4757472731
0.7323005730	-2.4107215144	-200.3368181766
0.9482010496	-2.6931412793	-201.2714978333
-0.0226226156	-2.5723250252	-201.0643629884
-0.6358271249	-2.4485196617	-200.2842011708
-1.1173625322	-2.2969987462	-201.1474306094
-2.0330037849	-1.8990806794	-201.0903139884
-1.9647392184	-2.6999696560	-200.4954049229
-2.9437974684	-2.4995624992	-200.5312087581
-3.1130446632	-1.5791238227	-200.8835552208
-3.1746703798	-0.9641729787	-200.0974014632
-2.9500492281	-0.0053669411	-200.2712874042
-2.6414626077	0.9375028790	-200.3968692497
-2.3490773368	0.2664285379	-201.0781695374
-3.0303916978	-0.4340209566	-201.2907283460
-2.1636792546	-0.7992099745	-200.9509541240
-1.3284762988	-1.1199652866	-201.3976666181
-1.2051843416	-1.4712214333	-200.4695404345
-1.2570939450	-0.4733392352	-200.5087387992
-1.9064534794	0.1832092879	-200.1249729436
-2.1044775146	-0.7465713664	-199.8146595272
-2.1711166033	-1.7221962759	-200.0237414913
-1.4274621124	-2.2197759467	-199.5772076523
-0.6862853216	-2.6616308619	-199.0718155286
-1.1449383697	-3.2575819632	-199.7309662445
-1.6737267515	-3.1169496332	-198.8939445034
-2.4243100469	-2.8706874848	-199.5071163154
-2.6421050120	-2.4436452069	-198.6295057833
-3.0100185570	-2.0322985602	-199.4634323746
-2.8757654510	-1.1222158214	-199.0713539230
-1.9681135947	-1.5343292791	-198.9917888199
-1.1768810456	-1.0670754903	-199.3862821027
-1.3475466422	-0.0950493071	-199.2249180632
-0.4343007404	-0.3773113319	-198.9311323042
-0.3130825023	-0.4393669101	-199.9218165344
-0.8344824484	0.4063679154	-200.0352832749
-1.4405292543	0.9813461051	-200.5849262048
-1.5947059069	0.8482372724	-201.5639622606
-1.3486459298	-0.1164908090	-201.6575262310
-0.4264078338	-0.3584924119	-201.9590425962
0.0117616523	-1.1456333185	-202.3931125153
0.9982551761	-1.0627348698	-202.5343866271
1.7532133012	-1.2521128352	-201.9065536752
1.2234415423	-1.3967903890	-201.0708442228
0.5219977099	-0.8741775724	-201.5554599405
-0.2394956411	-0.6031005322	-200.9666941852
-0.5185186876	0.3484912493	-201.0956097425
-0.6608666568	0.6805085204	-202.0280804324
0.1656574590	0.7500920639	-202.5866643711
0.5420651816	-0.1525411689	-202.3779289560
1.1502655969	0.5331740399	-201.9780703470
1.6443521007	-0.1811180700	-202.4737167013
1.2233251001	-0.1869374397	-203.3807461384
1.1657140167	0.7708929410	-203.0992467157
2.1133395133	0.5815618498	-203.3564619102
2.0651300494	0.8850866349	-202.4048587616
2.5420916947	1.3678279508	-201.6703736284
1.8685844711	1.9276890803	-202.1530158722
0.9921734965	1.4831743069	-202.3382465928
0.3426448119	2.1853299486	-202.0465447886
-0.4926512872	1.7085103067	-202.3202662821
-0.7743454440	1.6380339383	-201.3633538078
-0.3595252035	1.2423576506	-200.5439854880
0.2485998484	0.5071817984	-200.2444852584
0.6900443739	-0.3757483652	-200.4043635155
0.5175160685	0.1462599894	-201.2396725969
0.3167889083	1.0877726029	-201.5103432560
0.3370047843	1.9568250860	-201.0160365698
0.4414012415	1.7688816191	-200.0394206612
1.2768295518	2.0203144684	-200.5281343408
1.2908798696	2.4956847282	-201.4078079760
2.1769920272	2.1885410751	-201.0607229426
2.3117096920	1.2976421938	-200.6269599495
2.2976288476	0.4160267119	-200.1552016725
1.3843810357	0.1633817997	-199.8355941281
1.2725958878	0.8775199352	-200.5266156936
1.4176970575	1.3900034972	-201.3729644688
1.8780987499	0.5056712982	-201.2955897734
1.4077161114	-0.3756592566	-201.3402734004
1.8849687283	-0.6150315303	-200.4947375618
1.6222324693	-0.7961539135	-199.5470222351
1.0276274097	-1.4677566264	-199.9890568709
0.5185473413	-0.8851402799	-199.3554989202
0.5118876132	0.1124566330	-199.2865348189
