-1.2844537262	1.9746654166	241.3300916460
-0.3879159183	1.5471332988	241.2141768183
0.3016298565	1.4827816901	241.9355543166
-0.1956882484	0.6153954792	241.9177817639
-1.0969311838	0.8919051102	241.5841598292
-2.0956116394	0.8556046561	241.6204864666
-1.7316037604	0.3841064546	240.8172506918
-1.9220294790	-0.1128931602	239.9706519506
-1.4589342600	0.7170515002	239.6596299597
-0.8907862857	0.9418608448	240.4512540105
-0.5384476501	0.0687700352	240.1142526396
-0.0475561501	-0.5000718397	239.4543704860
0.5419974196	0.1121876999	239.9812147178
0.1210096578	0.9991515105	240.1711212818
0.2511236710	0.4484975042	240.9956517596
0.8223582222	0.3403173844	241.8092783012
1.3449732460	1.1928831011	241.8069901741
1.7880875101	0.3762171879	242.1767286427
2.1995104266	0.1737105639	243.0653918247
2.8890858106	0.8959530281	243.0119913316
2.8685805264	0.3823950648	242.1541814741
2.5073707458	0.5089971092	241.2303311524
1.5384608307	0.3718509416	241.0244076105
2.0070959092	-0.4520760943	241.3430381217
2.9944904270	-0.5239203163	241.4840717133
3.2619386376	-1.1134236626	242.2462772363
2.3820700271	-0.6439898818	242.3201903860
1.9569785307	-1.5476216319	242.3726010711
2.4375973874	-1.4229467022	241.5045793683
2.7177162064	-2.0407310097	240.7698168239
3.3877803522	-1.9590558457	241.5076130072
3.0666683706	-2.8580305414	241.8054914922
2.3841028741	-3.5881122995	241.7725526176
1.5997204543	-3.3171135384	241.2146064813
0.8413725526	-2.6725912573	241.1171411585
1.6434735039	-2.3187391663	240.6360769615
2.1221327595	-2.4474500353	241.5045922632
1.2494301609	-2.1454055605	241.8882057532
1.4283326394	-3.0752748370	242.2096665313
2.2776529586	-2.6524628950	242.5257125043
2.8643606288	-3.4344987989	242.7359360868
3.2770554486	-2.7416308513	243.3272202764
3.3281503459	-2.1394814324	242.5304735232
2.6477296344	-1.7866773411	243.1727794695
3.4644852235	-1.2262305964	243.3099281267
3.1957620106	-0.3465190225	242.9176331082
2.4374201552	-0.8034944669	243.3824890789
2.4949864528	-0.0828542143	244.0734042312
1.6845684503	0.4739741623	244.2555163401
1.7649018438	1.1073325969	243.4858387197
1.1852317229	0.4501601909	243.0040638972
0.5257743191	-0.2066577465	242.6384054094
1.4244045472	-0.5777621540	242.8723823992
0.8846160828	-1.3867101843	242.6395058268
1.1842081157	-0.7648709147	241.9159309953
1.4083709694	-1.4000890826	241.1768444684
0.4863517651	-1.4333048031	241.5625610777
-0.0881749491	-1.1468491814	242.3292828209
-0.6162644648	-1.8711682415	241.8860183823
-0.7509545366	-1.0753129315	241.2957024414
-0.0562545471	-0.8248370411	240.6214222676
0.1636841024	-0.4927283709	241.5386631420
0.8987620833	-0.4877776140	240.8606986502
1.7274710145	-0.5905256061	240.3105310781
0.9317099724	-0.9323352855	239.8106005760
0.6758388298	-1.6457364661	240.4629721832
-0.0888385768	-2.1159045491	240.9036653163
-0.6513529056	-1.5816111013	240.2727072023
-1.2162938554	-0.7748746876	240.4459644736
-2.0319749281	-1.1167363414	240.9126495894
-1.4169514213	-1.8889286680	241.0722274603
-1.6519686445	-1.3683384755	241.8930518972
-1.5377803184	-0.4292626500	241.5688642663
-0.7206961648	-0.0394650651	241.1440921760
-0.6652434636	-0.3760925672	242.0840958584
-1.3631939879	-0.6053016512	242.7625708110
-1.4121076468	0.3322869611	242.4182816187
-0.8261474408	1.1222572593	242.5988295762
-0.6266455212	2.0306429856	242.2313593647
-0.0844707016	1.8853093021	243.0589610717
-0.9224664396	1.6667721739	243.5589657385
-1.2397340945	0.7216692075	243.6372065078
-0.2620416232	0.7481074329	243.8455774554
0.5789989877	1.2829708310	243.7645105922
0.8919149471	1.5246242040	242.8459860963
0.2033785546	0.7994556653	242.8390415495
-0.5326914327	0.1313592680	242.9478908846
-0.4252663575	-0.8010785448	243.2928830271
0.5396166526	-0.9300726200	243.5217089553
0.5414901191	0.0380685693	243.7721068941
1.3732250612	-0.4813103186	243.9682256259
2.0265864417	-1.1533965153	244.3166779909
1.6018859325	-1.4865025381	243.4748526795
1.3153491953	-2.3125389639	242.9895069042
0.4078065252	-2.3125217832	242.5695470233
-0.3658763096	-1.8969169838	243.0477598650
0.4450788887	-1.9708257311	243.6281814044
0.9961400199	-1.4888153980	244.3093551477
1.5859035734	-2.2737737912	244.1195677090
2.2478991887	-2.8253914550	243.6121430758
