-2.4565627417	-1.6329890372	-234.7984472358
-1.5134610209	-1.7408232856	-234.4839143775
-0.9013239335	-1.4101227493	-235.2021938088
0.0777593649	-1.2812419772	-235.0447592465
-0.3850890502	-0.4489592914	-234.7396742163
0.3830527389	-0.7503856887	-234.1747845644
-0.2855968767	-0.4806840157	-233.4818425039
-0.4601753011	-1.3776774611	-233.0757327495
-1.2767665975	-1.1460268232	-233.6044260789
-1.1481021013	-2.1198653221	-233.4171187767
-0.2482438608	-2.4480340903	-233.7044520440
-0.4767895264	-1.5710135738	-234.1270652151
0.4797479527	-1.8535911873	-234.1990787108
-0.1053817661	-2.2915526272	-234.8815836480
0.3253260035	-2.8942671585	-235.5533172343
-0.2905755751	-3.3990761964	-234.9484758660
-0.9752804519	-2.7780865399	-234.5669642958
-1.1207664634	-3.1490643639	-233.6497896808
-1.1358212468	-3.8239917180	-234.3875202686
-0.4546719464	-4.3648515673	-233.8940567399
-0.0724268873	-3.4413578679	-233.8616823365
0.5069148042	-3.0273261093	-233.1595848309
1.3597187872	-3.4209084383	-232.8163381021
1.0541787345	-4.2706265975	-232.3866587727
0.1912398341	-4.6358344573	-232.0374315209
-0.0302624907	-4.7871952544	-233.0007729086
0.6023825208	-4.0868155853	-233.3312704254
1.1379535546	-3.5659892802	-233.9960287481
0.7146633764	-2.8579166945	-234.5612354700
0.8913968573	-2.0647167949	-235.1439868715
1.3431062161	-1.3161855085	-234.6585390695
1.0538386591	-1.0108715277	-235.5657918753
0.2425673909	-0.4574079029	-235.7542512752
0.5408167738	0.1257161695	-234.9985968425
1.2860578805	-0.2284342888	-234.4336250328
1.3593383624	-0.3262945291	-233.4411264966
0.7396816339	-1.0211861540	-233.0762276497
1.3064980089	-0.5971834408	-232.3698701650
0.8428979716	-1.4383960986	-232.0915964334
-0.1373653924	-1.6005873396	-231.9785577738
-0.4290107491	-1.1325229888	-231.1443762892
-0.9960867685	-0.9496212676	-231.9474776206
-1.7156276709	-0.2578794712	-232.0087489575
-1.1167846515	-0.1757176827	-232.8053897037
-0.3643560861	0.4780835575	-232.7254197579
-0.5291313621	0.1088307646	-231.8108152076
0.4492109730	0.3109858957	-231.7663227552
0.3184103760	-0.6690573847	-231.6166351725
-0.1688371620	-0.6264890040	-232.4888609286
0.5394939726	-0.0049143443	-232.8233933577
0.4320578617	0.3015058933	-233.7692073564
-0.3789133350	0.4765458052	-234.3274964817
-1.0928927752	-0.0621514406	-233.8802396915
-1.5651308388	-0.6821990596	-234.5067635629
-2.5470821150	-0.6784555228	-234.3176665583
-2.3458957008	-1.4432099438	-233.7055597847
-2.0659678522	-0.5905079820	-233.2644931640
-1.7393613060	-1.2900616964	-232.6289203792
-1.0939065289	-2.0223611904	-232.4118361059
-1.1022911962	-1.8355276261	-231.4294803065
-0.5584761283	-2.6160881807	-231.7376854208
-0.3225495811	-2.7482494974	-232.7004273648
-1.2125257707	-3.1430781597	-232.4722767358
-1.9122021127	-3.8546573350	-232.4081823227
-2.6005862154	-3.1581793732	-232.2055847516
-1.9545518581	-2.4420500109	-231.9413909862
-2.7065315896	-2.3569905708	-231.2877157036
-2.4801889001	-3.3062610749	-231.0694166041
-1.5421201849	-3.3482795133	-231.4133083551
-1.7175777210	-2.5609970046	-230.8222069217
-1.7963894537	-1.6063174959	-230.5351951686
-1.5742185134	-0.7979531482	-231.0803439140
-2.0318371945	-1.4703049330	-231.6621756939
-2.6975376881	-1.7542185928	-232.3522741554
-2.1226136646	-2.2836718591	-232.9760863114
-2.0804730285	-2.4393779687	-233.9629904477
-1.9628900086	-2.8396955308	-234.8717919017
-2.2049560486	-3.6115977855	-234.2839390788
-2.9589873787	-3.1980814591	-233.7736048736
-2.1257693936	-3.3135621398	-233.2328535428
-2.4923850485	-4.2201714823	-233.4417852580
-1.8595379647	-4.5843570339	-234.1250666440
-1.4426322334	-4.1553970946	-233.3237034419
-1.0241605953	-5.0551806996	-233.2001277476
-1.0118126205	-4.5197229752	-232.3556559879
-0.4357067936	-3.8514995927	-232.8263783980
-0.5221672519	-3.7562564899	-231.8346862378
0.3811241936	-3.4658079917	-232.1504460109
0.4248157714	-2.4717071792	-232.0511755688
0.3933842969	-1.9680936508	-232.9145326655
1.1669241238	-2.2842656471	-233.4637788807
1.6574451484	-1.4129317395	-233.4508813669
1.9517360876	-1.5413999860	-232.5038392598
1.3843392813	-2.3645572484	-232.4820910268
1.3216246875	-2.2721508784	-231.4883466218
0.4809080896	-1.8926466554	-231.1021185197
0.4638704091	-2.8888086427	-231.0162639185
0.0392991777	-3.7939805779	-231.0363397060
-0.6828668855	-3.1749306319	-230.7277083053
-0.4617329520	-2.2009371807	-230.6783469811
