-0.5401521348	-0.0550238153	39.5304695329
0.4532552332	-0.1685470623	39.5145235729
0.3274259400	0.7956337781	39.7480236713
0.4283825567	0.1953404172	40.5414060775
0.1311123268	0.5094456424	41.4430536350
-0.6127368547	0.1587478226	42.0119995326
-1.5532189114	-0.0746534966	42.2590163848
-1.7474260165	0.1481749365	41.3036991131
-2.4434371490	-0.5485737308	41.1301773622
-2.8156818730	-1.4289849404	41.4239629430
-1.9204792267	-1.3561695545	41.8636334352
-1.4942956691	-1.9940684952	42.5050790812
-0.5806416922	-1.9855034815	42.9114816538
-0.9163629744	-1.0599720339	42.7363167024
-0.9669048455	-0.7882586699	41.7752665647
-0.2868884829	-1.4858677503	42.0009196558
0.4965783884	-1.5772724179	42.6155942431
0.6448505226	-0.8454614837	43.2807770230
-0.1396658416	-1.3428436942	43.6511079711
-0.4024182424	-0.4124076443	43.3956673069
-0.0396335995	-0.5372041188	42.4721884806
0.0225511810	-0.5238475704	41.4742132025
-0.5812717652	-0.0936514662	40.8031475114
-0.5431285497	0.7734649655	40.3065045926
-1.4036515688	0.2704119390	40.2262687768
-1.9853358075	0.8609145824	39.6668493682
-2.5396667400	0.2257882562	40.2047450524
-2.0397232893	-0.5937934708	39.9248480377
-2.4890464013	-0.6720887630	39.0349162492
-2.1753800937	-1.5694932462	38.7246282522
-1.2176014300	-1.6756686581	38.4574451441
-0.2210518284	-1.5927074269	38.4599601983
0.6955423561	-1.2338250427	38.2837258787
1.6673378418	-1.4378722221	38.4019556655
1.3762047064	-0.7644322865	39.0814555924
1.7327878479	0.0079406118	39.6070871830
1.4702760995	0.7861650158	40.1775732555
1.2028168690	0.6484331694	41.1312479896
1.9265392991	0.0469909347	40.7928797250
1.6337782099	-0.0126003078	41.7472066231
1.0765080528	-0.7341536614	42.1580724527
1.6473480746	-1.4399810199	42.5775356924
1.7604890607	-0.5374783499	42.9930932070
1.2020662797	0.2657902475	43.2002732208
0.4776395061	0.3025015068	43.8886467626
0.0249951188	0.5129322456	43.0221411580
0.6624994267	0.1826494353	42.3260797221
1.2725802886	0.9491887145	42.1255332802
0.6001883204	1.4578057318	41.5877621664
0.4657918304	1.4023051204	40.5983900091
-0.4599496434	1.7561599990	40.7317671008
-0.7519600024	1.0421384488	41.3680871273
-1.5669551181	1.1222908360	40.7941894394
-1.2295031978	1.4703406725	39.9195537937
-0.7949905393	0.9215152334	39.2054183814
-1.4525741069	0.2342127084	38.8968748825
-1.5016192982	-0.5519430080	38.2807955380
-1.1629967341	-0.8633620565	39.1686879500
-0.7878252940	-1.0291366851	40.0806995525
-1.3855429223	-0.7943136227	40.8472448977
-1.9224727509	-1.6340675107	40.7664998255
-2.7315725474	-2.2111158376	40.6552669713
-2.8717359421	-1.2930238979	40.2845090813
-2.6808725608	-2.0195927213	39.6244568755
-1.8424308842	-2.5326237281	39.4405690266
-1.7119188095	-1.5792393286	39.7126439888
-0.8232250191	-1.8832546107	39.3694267761
-0.8002967979	-2.7315570508	38.8404114013
-0.6465998586	-2.8242686994	39.8241704170
-0.9849213012	-2.0939784196	40.4176472141
-1.4842473313	-2.8918799776	40.7553254920
-2.0524402677	-2.4693812384	41.4614781684
-1.1963323798	-1.9596395649	41.5465822844
-0.8331508530	-2.7868440774	41.9753384775
0.1209784833	-2.5311152419	42.1310303924
-0.2103218122	-2.3264802272	41.2099632803
-0.4685323918	-3.2008517853	40.7991084702
0.3287666018	-3.3932971128	41.3711916029
0.8163968147	-2.5852806919	41.0405464168
0.4196344485	-2.7707325677	40.1415540772
0.1885320757	-2.2652598648	39.3102364244
0.9626794975	-1.6409675875	39.4149021872
1.8155587329	-2.1380958751	39.5744655772
2.0999260436	-1.1967015514	39.7558821144
1.9592625514	-1.1773767485	40.7457509613
1.5852180367	-1.6237706171	41.5586612977
1.7255134574	-2.2298310155	40.7757130309
0.9740104204	-1.6895847361	40.3970612873
1.1697832345	-0.7417334683	40.1455638131
1.1009842027	-0.7493132118	41.1431655576
0.4773489330	-1.4991868420	41.3640016711
-0.4486977816	-1.3321255509	41.0255818028
0.1778703050	-0.8279016921	40.4313001078
0.0146617366	-1.7756984553	40.1573580355
0.0519037270	-1.0899828190	39.4304418779
-0.2356469525	-0.5099669060	38.6682764448
-0.6473984452	0.1612327131	38.0518741576
0.0275158012	0.5190745440	38.6971957704
0.7222264536	-0.1409743623	38.4113416979
0.9990395342	0.8149038951	38.5096843417
