0.7739193929	0.0837185286	221.4785997376
-0.0707858145	0.5829350801	221.6716177351
0.6801383854	1.1106028188	222.0687066464
0.9573673949	2.0453990112	221.8466702642
0.9098808555	2.7792995075	221.1690751860
1.7271732899	2.2033894705	221.1880674497
1.5599361359	1.2453158924	221.4207190203
2.4630227064	1.3499567628	221.0042037932
1.8806215015	1.5814046653	220.2249472854
0.9226136714	1.2960385185	220.1968909197
0.4442547867	1.4011857930	221.0687377113
0.2404731061	0.5141448897	220.6544534338
0.1528269040	0.5327805650	219.6584760973
-0.4429434257	0.2563818929	218.9043796258
-1.2890915521	-0.2480209851	219.0764583428
-1.6093719258	-0.5960821103	219.9575224354
-0.7623217420	-1.0586493512	219.6957256940
-0.1029162446	-1.3867968048	220.3721158468
-0.6444886995	-2.2025407091	220.5752442756
0.1628038574	-2.3307069298	221.1513103720
0.9596429637	-2.2605199253	220.5512093611
1.6775564420	-1.6174979751	220.8178983359
2.0215021340	-1.6411729481	221.7565893695
1.1725345388	-2.1601987845	221.6572606052
1.3176169384	-1.7526293352	222.5588360271
0.8123952937	-0.9526836351	222.8826229427
1.2889616761	-0.7101369282	222.0376048493
1.5168838125	-0.6148068870	221.0686034649
1.8460167211	0.2027350407	221.5411462935
1.6837403046	0.7531044195	222.3601456290
1.9729000124	0.4376296749	223.2639500044
1.7847118528	-0.5327484002	223.1124521232
2.3889759945	-0.1742092791	222.4008942930
2.4863941763	-0.7682521476	221.6023814451
2.6569141217	-1.0790681872	220.6673326027
2.4579433070	-0.1020254232	220.7434775451
2.4124167645	0.6606616892	220.0983142305
2.1796026507	0.1629902674	219.2627780289
2.2922348280	-0.7963341725	219.0039139492
1.9076045884	-1.3393296384	219.7503826377
1.8601133661	-1.8336403816	218.8823956142
1.2228965841	-2.1838990208	219.5688893566
0.2287400451	-2.1770526286	219.6766200532
-0.2347906163	-1.6196709261	218.9878058812
-0.7448362867	-1.0163114831	218.3747717903
0.1093221025	-0.4963820697	218.3840911844
1.0726588017	-0.4384350953	218.1221283010
1.2100311506	-0.4085924870	219.1121981250
1.2033868716	0.4464866730	219.6306530254
1.3952053554	0.4189280577	220.6116964454
1.6820079538	-0.3932844783	220.1037052389
0.6996185077	-0.3155715510	220.2736219156
0.1712795307	-0.5434867013	219.4557511375
0.6937817802	-1.3297602590	219.1259553041
0.9479654062	-1.2960994149	220.0925253387
0.6743048013	-1.3182793369	221.0540958896
0.4191661865	-1.5614387526	221.9899258880
-0.0203569242	-1.7618451698	222.8655152341
-0.8252787675	-1.9521578712	222.3034815147
-1.3788839482	-2.1300200512	221.4899175351
-1.5971342304	-1.1743385330	221.6875020741
-1.1003507468	-1.0739619989	220.8254517729
-0.4773656632	-1.1525429154	221.6037284751
0.1261418992	-0.5278967617	222.0993047101
0.7653988570	0.0734730746	222.5785800609
0.8731050204	0.9383925746	223.0687980133
0.1376026198	0.4746775125	223.5627661903
0.9145859026	-0.1451378138	223.6728840343
0.1618603022	-0.6519923120	224.0930062643
-0.1434311084	-0.6747021221	223.1410181240
-0.8891172856	-0.7238844774	222.4765384622
-1.5927576470	-0.0275706492	222.6180916126
-2.1618088030	0.1117878057	221.8076843058
-1.9721132040	-0.2708952833	220.9034889546
-1.7397982629	0.5227572149	220.3412207977
-0.8236504571	0.6096583887	220.7325280734
-0.9601601175	0.7920540385	219.7588253777
-0.5479417855	-0.0748981559	220.0389502415
-0.2205323176	-0.4370734772	220.9116655885
-0.9906337312	-0.1626650375	221.4875508383
-1.1432319539	0.6990213410	221.9715036950
-0.4724604745	0.2359825556	222.5508660217
-0.9080788648	0.1047449912	223.4413789748
-1.2290871022	0.9316974634	222.9797478233
-0.3022469424	1.2614099012	222.8001454105
-0.2546795918	1.6350323650	221.8737850045
-0.6469773297	1.6801830742	220.9550555022
-0.1371438757	1.4044426842	220.1401707947
0.1836228145	2.2325934016	220.5998175284
1.1010669675	2.2946037329	220.2068150541
0.3891256778	2.6793126481	219.6193300326
-0.4530064560	2.1524859419	219.5041471744
-0.2899196960	1.3500764139	218.9300899838
0.5505207367	1.7270660948	219.3193696515
1.4189551337	2.1503901124	219.0612641029
1.7659293643	1.2331748117	219.2570317599
1.0998244537	1.3450449914	218.5196110448
1.4888106984	0.4238018466	218.5204883946
0.5019152486	0.4013329875	218.6802773853
-0.0114350549	0.5419657163	217.8336996266
