-1.3531841758	2.0706224775	-22.9616299780
-1.9617033554	1.7951785928	-22.2174290142
-2.6938644459	1.5921982796	-21.5672450941
-2.8031940834	1.0119722539	-22.3743292220
-1.8907129802	0.8576610384	-22.7532306406
-0.9202168020	1.0806172399	-22.8450331480
-0.2254549073	0.9968894696	-23.5593829014
0.6490979027	0.5133862455	-23.5222074420
1.2726719524	-0.2580593718	-23.6488054833
1.5334339151	0.6031548159	-24.0850546340
1.2456969861	1.5216400898	-23.8137756977
0.4568086778	1.1728739401	-24.3197573277
0.4898199925	0.1827862703	-24.4562734773
-0.4803908991	0.4008467974	-24.3507252312
-1.2357011086	0.4659267196	-23.6985971063
-1.5546275563	-0.1616703347	-22.9883803377
-1.0617238627	0.1081498197	-22.1611904967
-0.3314956681	-0.4998631382	-21.8496025847
0.0225641365	-0.5687204899	-20.9169181151
0.4079745132	-0.5508053649	-19.9943467683
0.3653717663	-1.0933336794	-19.1553902534
0.3649538736	-0.3096757775	-18.5341977566
0.3833050022	0.2917422731	-19.3329214663
-0.4197042353	-0.3040168888	-19.3486435958
-0.5560743765	0.1206618990	-20.2436581832
-1.0069022248	-0.0291088873	-21.1236144110
-1.1266389554	0.8985146810	-20.7698099018
-1.6094384312	1.6880063409	-21.1487658162
-1.7863464986	0.8841527538	-21.7166768534
-0.8124629069	1.0805673331	-21.8305718181
-0.1844796439	0.4909099289	-21.3226927310
0.4644148995	0.4693097508	-20.5621210356
1.0586324349	0.6567882245	-21.3442702174
1.0288720578	-0.3365805948	-21.4553229474
1.6262790584	-1.0424455779	-21.8359270740
2.0731101941	-0.8252638728	-20.9680710704
1.3239132514	-0.4579879673	-20.4168793158
1.3628454752	-1.1834841051	-19.7297551378
1.3121052030	-0.2646076672	-19.3384860276
1.4026547839	0.5042727014	-19.9714344871
0.8046674023	1.2635982066	-19.7148494750
0.8132316576	2.2153329823	-20.0216516427
0.5016221871	1.5852461961	-20.7329112153
0.3071708835	1.3899418766	-21.6941837642
0.7952547622	2.1991881089	-22.0211312567
-0.0367954603	2.4582868294	-21.5306618079
-0.1006506796	2.5361646880	-20.5357459571
-0.6038440888	1.7831797778	-20.9597861886
-0.9648652250	2.0865273812	-21.8416274275
-0.2659108484	1.9644254047	-22.5462932255
0.1771828439	2.8557333402	-22.6424084886
0.9745064091	2.4900502391	-23.1225657565
0.1037817628	2.1920563137	-23.5137667418
0.5618409015	1.4792420612	-22.9826568973
0.9599968753	0.7688902936	-22.4022499825
1.8075381768	0.7695656815	-22.9329789963
1.6017650574	1.7069670603	-22.6520233445
1.6295675179	1.4600847771	-21.6833767828
1.3333401840	2.1035817515	-20.9775715615
1.8814319174	1.3432289525	-20.6290617729
2.5761993839	1.1062449246	-21.3081322685
2.9155648572	0.1790924813	-21.1493260267
1.9518540270	0.2920398307	-20.9074493392
2.0532655806	0.1577526815	-21.8931889896
1.4403567426	-0.1859279196	-22.6046848791
0.4430415771	-0.2583681047	-22.5939666554
-0.1013335903	0.5468943264	-22.3590026283
-0.5044082565	0.0143008509	-23.1032304183
-0.7975060922	-0.7064670941	-23.7313922033
0.1797180064	-0.5850741150	-23.5573324269
-0.2806119522	-1.0735312179	-22.8160457160
0.3116655167	-1.8748234526	-22.7315581167
0.9881682796	-1.1543091074	-22.8838837221
0.6161469472	-1.2125006320	-21.9574853873
0.8302536523	-1.3079095072	-20.9853457547
-0.0734417170	-1.6805072920	-21.1963091881
-0.6483247872	-1.6333353511	-22.0131838808
-1.3379436918	-1.0064226935	-22.3756839307
-1.2118262814	-0.9524240768	-21.3851393592
-1.0889656016	-1.6337501408	-20.6635438715
-0.3134678866	-1.2648379990	-20.1511893793
-1.1970315692	-0.8145565395	-20.0224966212
-1.5961649936	-0.2483947458	-19.3012800567
-2.4419231625	-0.6059529842	-19.6973169564
-2.9938681825	0.0993339604	-19.2524270591
-2.9523441838	0.4287691944	-20.1956917007
-2.2562404848	1.0139824314	-20.6115824406
-2.6630302984	0.4429603412	-21.3246433216
-2.0255343926	-0.2744652193	-21.6055339324
-2.1275457835	-0.8349082465	-20.7836475113
-1.7711989166	0.0201754987	-20.4070194467
-1.7956785284	0.7570711939	-19.7314563608
-0.9313417645	0.6168642014	-19.2484822852
-0.4015719969	0.4000939360	-18.4285099409
-0.0676107880	1.1735681253	-18.9672191291
-0.2146998264	1.0837963144	-19.9522601621
-1.0814938787	1.5720701015	-19.8509844016
-1.9755394384	1.9270871328	-20.1241975870
-1.2904689435	2.5751202218	-20.4569610655
-0.7576755881	2.5697452441	-19.6107327570
