-0.2187701107	3.5397107503	223.8720249592
-0.2359357919	3.2496204939	224.8288702876
-0.7479229494	2.5627274128	225.3446677728
-1.4133863547	2.4981087658	226.0882959639
-1.8136077857	1.8090333510	225.4841454208
-1.4902751186	2.0019670024	224.5577369836
-1.4570188017	1.0500483053	224.8622773119
-0.5532121753	1.4712368526	224.9379991022
-0.9047535962	1.2648995384	225.8511494414
-1.5699418798	1.5904278215	226.5231285216
-1.9215814338	0.8124472473	226.0024598648
-1.9933509077	0.1469064587	225.2595570438
-1.1406333205	0.0592747441	224.7445877252
-0.5321624950	-0.1031142696	223.9678039311
-0.5943856636	0.8881550865	224.0840508274
-1.4761918356	0.5144465838	223.7963707445
-2.2230840837	1.1031903907	224.1054543895
-1.5604157711	1.5998069670	223.5448808585
-0.9553119348	1.0063111573	223.0142095184
-0.5075997849	1.7932637106	223.4387793120
-0.2729232316	2.6946887356	223.0749663935
0.5122148269	2.4377536374	223.6384755631
0.7082050925	1.6280149078	223.0853833416
0.1043074985	0.8511014013	223.2634650624
0.2924229676	1.4474185824	224.0438613653
1.0502718204	1.9504763571	224.4593105099
1.2142365818	1.0021395389	224.1876989558
0.4732333464	0.3312768321	224.1584169855
-0.1290036159	0.5309412308	224.9313625004
-0.2915885348	-0.4322002135	225.1456629959
-0.5471833029	0.2646095331	225.8158327441
-1.3884207455	-0.0359680516	226.2652464521
-2.2708284710	-0.4747333535	226.0954182576
-2.6915600806	0.1899967821	226.7127664248
-2.5534696092	1.1582411450	226.9211743791
-1.7838706017	0.6403457641	227.2946736992
-1.5966152066	1.1769609085	228.1174614020
-1.5004654621	1.9547616678	227.4963485255
-2.1845317566	2.4814673758	226.9917354045
-2.5646180499	2.1992685329	226.1108845529
-2.2357687988	2.9757187389	225.5733129319
-2.5862201215	3.3696372510	226.4230258694
-1.6267333611	3.5946760990	226.2534892258
-1.0739404520	3.6586230537	225.4226277532
-1.2553744633	3.1434858495	224.5849432301
-1.2333653558	2.7643495670	223.6598641640
-0.4584197645	2.4423182785	224.2036979434
0.2094695318	2.2936400820	224.9329569384
0.8941692647	2.9707996729	224.6634366904
0.7357607641	3.7685835181	225.2451992564
-0.1335941935	3.9678715268	225.6974229259
0.3540401555	3.8318961687	226.5598169447
-0.3189098944	3.5359660612	227.2377281496
-0.5660261228	3.2455769733	226.3132781795
-1.1320388378	2.9386860815	227.0784236474
-0.5543616100	2.5076247298	227.7715867822
0.3989047782	2.3207296316	228.0089755256
-0.0864041539	1.5305925223	228.3833531277
-0.6412460341	1.1502133390	227.6434462653
-0.7830809321	0.7191934129	226.7523207495
0.0476144154	1.1311422788	226.3778299332
0.4586684771	1.2897231495	225.4801180274
1.0158511072	0.5553346945	225.0925343409
1.5093974516	1.3348449746	225.4782489104
1.1369828908	0.9158749520	226.3063621363
0.4879995133	0.2640477272	225.9140079027
0.7302389196	-0.2559908363	226.7330805262
0.4441711731	-0.8666957506	225.9947007106
-0.4922357262	-1.2038725212	225.8974693151
-1.2636499205	-0.6883279976	225.5244626328
-1.3069691725	-1.1658798940	226.4019976057
-0.6261935880	-1.4166520000	227.0902257325
0.1959820160	-0.8774228913	227.2725969047
-0.4552479575	-0.3507866862	226.7261961093
-1.3128315967	-0.4732856491	227.2257402073
-2.1405593247	-1.0323878429	227.1780794777
-2.2377774462	-0.1980914368	227.7207563093
-1.7244924628	-0.8772293409	228.2454564457
-0.7433698898	-0.8449813029	228.0547772364
-0.5579609839	0.0841673862	227.7349237523
0.2060238583	0.5035272413	227.2445519822
0.3510524203	1.4894659691	227.3275672888
0.8127358659	1.8688332583	226.5257388433
1.0323795090	2.8338517844	226.6689027856
0.0934581217	2.5534189699	226.8683622176
-0.5867278472	1.8227700377	226.8092083039
-0.1341698823	2.0736303202	225.9534861486
0.2955862142	2.9529021888	225.7480824521
1.0198568524	2.2854392388	225.5750932818
1.6107599381	3.0918526644	225.5981352093
2.0879897976	2.2446106666	225.8314432855
1.8455949291	1.7380116318	226.6588501659
1.3056322232	1.8949083058	227.4857865057
1.0633739319	1.3036274492	228.2550055050
1.1970418226	0.8440088922	227.3770056889
0.9868581738	-0.0694475369	227.7254596828
0.2485838030	-0.4889189982	228.2536591211
0.1808679674	0.5051527524	228.3387233346
-0.5499178327	0.0015777452	228.7995533754
-1.4270185206	0.1457469312	228.3413944193
