2.0568486242	2.0299812299	-213.2660564754
2.2304692018	1.2323494343	-213.8436717571
1.3545455874	1.2489588957	-213.3615079389
0.4303391662	1.3867607448	-213.0053434525
0.3128313942	1.4315200020	-212.0132806861
-0.1077154179	1.3361291656	-211.1110384973
-0.3062830354	0.4563512722	-211.5429664537
-0.4590843956	-0.4898342601	-211.8282464613
-1.0508780523	0.1340135066	-212.3387307722
-1.6896836988	0.8154755220	-212.6958538149
-1.2665801916	0.7137982607	-213.5962121640
-0.6750480561	1.1346965527	-212.9085099316
-0.8536935094	1.2344155494	-211.9296626893
-1.1381604449	2.1148009304	-211.5501891810
-0.9827398916	2.1148044392	-210.5623407859
-1.0856574136	1.1650857717	-210.8580474586
-1.4325919786	0.3753674055	-211.3639934139
-1.0918813124	-0.4508750499	-210.9153959921
-1.3323868626	-0.0999390112	-210.0104092646
-0.5293461988	-0.1471378864	-209.4163571133
-0.6217080866	-0.9325490958	-210.0284016490
-0.1030076898	-0.4951308090	-210.7629866616
-0.4056527419	0.4236410667	-210.5094827901
0.5510282735	0.3898628106	-210.7986548222
0.4302822828	0.4724617006	-209.8094137853
0.6064209247	1.3255031883	-209.3181955047
-0.3071921764	1.3664260078	-209.7227154973
-0.0029553082	2.2385721859	-210.1058616471
0.6809136640	1.6063609150	-210.4700486018
0.8482002925	2.1523156465	-211.2909923363
-0.0350058742	2.5907192743	-211.4575730256
-0.3586370547	2.2175402907	-212.3270558059
0.6231666338	2.3896813154	-212.4072367573
1.4251221338	1.8040860187	-212.2891455871
2.3950245278	1.9288104621	-212.0800208409
3.3092465625	1.6285357173	-211.8079305087
2.7674706183	1.4558339223	-210.9853413546
1.8007592800	1.6726631780	-211.1211878202
1.1026284885	1.0146016390	-211.4032665483
1.0870779159	0.7093628645	-212.3554154181
0.1157475161	0.5005859705	-212.4691232145
0.5351814825	-0.1087501422	-211.7962304670
1.4480087946	-0.1207347069	-211.3880605656
2.0396098860	0.4790742555	-210.8493237493
2.1473989122	0.9365427852	-211.7319924698
2.1294230933	1.0422749279	-212.7262246277
3.0545125003	1.2658790567	-213.0331623783
3.0594528150	0.6400994137	-212.2531781274
2.8270980522	-0.0669648340	-211.5852923484
3.1038147826	-0.4437952401	-212.4692757736
3.6223730678	0.1156002688	-213.1159394957
2.6299298535	0.2270929298	-213.1671825734
2.2894011529	-0.0209465903	-214.0741095828
2.4340389211	-0.2856191555	-215.0275393649
3.1571560267	-0.6969885724	-214.4726728455
2.9365388018	-0.8038628293	-213.5031853865
1.9984446100	-0.6867705019	-213.1771966226
1.5365907422	0.1932693870	-213.2877443450
1.1845464669	-0.3877518492	-212.5539329582
2.0756081433	-0.0204910870	-212.2872334620
1.8964816897	-0.8946178829	-211.8357735432
1.5359050685	-1.5233101163	-212.5247804923
0.8857859140	-1.1347979712	-211.8717847817
0.7992171106	-1.0052480014	-210.8839980398
0.0197827343	-1.6087997070	-210.7160474766
-0.7123397259	-1.3955648636	-211.3629845716
-0.1715904424	-1.4766002213	-212.2002560229
0.5239566135	-1.4489216938	-212.9182032300
0.0708221428	-0.5674519700	-212.7852360252
-0.5663679312	-0.0595792827	-213.3649377959
-0.1443179971	-0.5358471374	-214.1363279590
0.5194885066	0.0857919716	-214.5521713716
1.3160565464	0.6340428761	-214.2974159915
0.5442533502	1.2687973761	-214.3349200057
-0.1944211515	0.6677598102	-214.0297744261
0.4670264086	0.2106350158	-213.4351955436
0.9423230994	-0.6626585284	-213.5422069508
1.4412101958	-0.4597875066	-214.3847952332
2.1891090843	-1.1218781030	-214.3370113977
1.7423572946	-1.6672719803	-213.6278158273
1.2128262627	-1.5950045701	-214.4730224930
0.3248820012	-1.4892700301	-214.0253896128
-0.4133322040	-1.3249865999	-213.3711337440
-0.0818408184	-2.2104345306	-213.0454108198
0.5659446136	-2.3037255806	-212.2893216623
1.3534745853	-2.1489021119	-211.6928099380
2.3132666235	-2.0937742465	-211.9680555773
2.8578831589	-1.4008923439	-212.4406098051
2.9069563521	-1.2574760623	-211.4521647677
2.1655668259	-1.6050034091	-210.8780861025
1.7166996941	-1.0716236303	-210.1611312159
2.3063881797	-0.5466909209	-210.7749008311
2.1605931109	-0.0795378740	-209.9028275379
1.5190104700	0.6866099065	-209.8655543129
1.2254242411	-0.1640358804	-210.3016837335
0.4410510953	-0.6204395766	-209.8816189359
1.2514183255	-0.5700465725	-209.2978677068
1.0136923161	0.3556193965	-209.0035398990
0.0611993762	0.5672837784	-208.7845527103
0.3306418113	-0.3934016211	-208.7175875158
