-0.9091859324	2.6004932775	31.7024327123
-0.9261620353	2.1010129853	30.8362738068
-1.1245114333	1.2949492830	31.3938747611
-1.7963902037	0.5802362226	31.1995447346
-1.5980390593	0.4507542507	30.2280040806
-1.6323334796	1.4424561503	30.3519041818
-2.0310241253	1.1913436193	29.4698677507
-1.0360443932	1.0987989792	29.5079574126
-1.2296252264	0.2381191283	29.0370469591
-0.2660627404	0.4780794575	28.9188675365
0.5140509972	0.1639755782	28.3777933184
1.1880252090	0.7065252530	28.8791899799
0.6604794934	1.2480010745	29.5337886759
1.1833490343	1.9289304909	30.0465679393
1.7877484320	1.3446296734	29.5050017636
2.6302498501	1.5643117594	29.0131368010
2.0629843079	0.9669185812	28.4462759757
1.2211038977	0.9731346796	27.9066476452
1.5205975665	0.0338753904	28.0742648579
2.3022649991	-0.0162661732	28.6959415008
2.5373213480	-0.2304801563	27.7478587606
2.0048610099	-0.9085540368	28.2545162396
1.7763701542	-1.4777667011	29.0443192983
2.6732998760	-1.0375354964	29.0857144743
2.5182744806	-0.7518456741	30.0314144543
3.2213798638	-0.1703138661	29.6221913165
3.0938532623	0.6484516061	29.0624055830
3.0520606319	0.8188575928	28.0779183176
2.2792465441	0.8060616095	27.4434148515
1.9201903942	1.7262782878	27.5992350879
1.7476215368	2.1352047880	28.4953372623
1.8290932537	2.5208999925	29.4143593341
1.3819608381	2.9891418173	30.1764762520
1.9674051405	2.3558761951	30.6826675405
2.6643391491	1.8058180013	30.2225382423
2.7872548832	1.6025687073	31.1939194480
3.3057242502	0.8356245397	31.5720545551
3.0194398889	-0.1013133695	31.3715835628
2.7852134972	0.3976736690	30.5372275640
1.8889219077	-0.0451782957	30.5139139653
1.7885165386	0.9494331316	30.4880901271
1.6860326448	1.5120582484	31.3084254423
2.2343497581	0.6981690821	31.5006044428
1.5046728889	0.7218309560	32.1839870460
0.7662810023	1.2814947962	31.8077506738
-0.0309033320	1.6637213220	31.3404177944
0.8183861425	2.1806957403	31.2334372384
0.2320429163	2.1609989899	30.4236140114
0.4543479042	2.7196366407	29.6245492659
0.5959081564	2.9495605504	28.6616911815
0.8229486743	2.0110910627	28.9219364964
0.7922052337	2.0223465668	27.9224725628
0.2815378226	1.2902721183	28.3733448254
-0.7132677371	1.3412897685	28.4614305659
-0.2226840841	2.2123840316	28.4842880411
-0.5292814125	2.8612555603	29.1806814770
-1.1071192454	2.2388450132	29.7086100230
-0.2247109152	1.8281477977	29.4790815148
-0.3646304435	1.2908427227	30.3107820510
0.2322668924	0.4943580842	30.2142119157
0.7203587899	1.1919992876	30.7386764530
1.1847684843	0.4064179692	31.1475598444
1.7196974626	-0.3110335581	31.5937820920
0.8423847950	-0.6552624707	31.2593737502
0.7461903012	-0.0706765670	32.0649827997
0.0191818464	0.5495214441	32.3596234856
0.1219927683	0.5173879317	31.3654417357
-0.7321603311	0.3298340301	30.8804200695
-0.9628684538	0.3495124812	31.8532440622
-0.5362298738	-0.4575844336	32.2613789568
-0.1659188098	-0.5142085044	31.3341985911
0.1181060808	-0.5519876016	30.3761262550
1.1005972019	-0.5774826358	30.1915694882
1.7231160822	-0.4706181871	29.4162951927
2.2575617451	0.3486168809	29.6241935734
1.2848546326	0.4304133535	29.8413345652
0.5831383646	-0.0997338835	29.3653742871
-0.1661698817	-0.7526705643	29.2548716038
-0.6218947655	-0.0687722308	29.8246065419
-1.1150640777	-0.6522467056	30.4698518958
-1.0381025922	-1.2230405642	29.6523732718
-0.2629089700	-1.5257375762	30.2068544410
0.6347054908	-1.4448325624	30.6401472503
1.4931973066	-1.5881232046	30.1477453880
0.7121852291	-1.3701681949	29.5624969378
0.8097190031	-2.0525998187	28.8380839052
0.2092213662	-1.3429913066	28.4694942313
1.0006494270	-0.7435371625	28.5890615923
1.0676187470	-1.4239336801	27.8592837569
0.4604799216	-0.6658748847	27.6211046031
0.4570986979	0.2887265585	27.3232377672
-0.4064501754	0.4466876814	27.8021235855
-0.3605107050	-0.4460744575	28.2503036033
-0.7909175583	-1.2772729545	28.6022396760
-0.2357689620	-1.8800687083	29.1753429086
0.4062300118	-2.2946160243	29.8203141021
0.3016179432	-2.3602157477	30.8126613153
0.0711886388	-1.6550401618	31.4832056678
0.6698920623	-1.2365669694	32.1661656944
0.3029727722	-0.6547372334	32.8920061678
