-3.1714718349	0.0136429567	-21.3657080548
-2.4905529271	0.6336935697	-21.7554344695
-3.2436809324	0.8302259025	-22.3832666524
-2.4132980546	1.3528197621	-22.5765538329
-2.4597139021	0.7670500036	-23.3857011366
-3.2732248895	0.1857123607	-23.3700034175
-3.1889738365	0.7084231414	-24.2183401430
-3.1487006633	-0.2409092897	-24.5300226845
-2.4155364311	-0.2413236288	-23.8499711887
-2.1658554094	0.5286298513	-24.4371943369
-1.4905065391	0.5406424516	-23.6997937667
-1.2293331138	-0.1101313015	-24.4127327292
-1.2161635459	0.8106963613	-24.8024800550
-0.4002149954	0.5708503057	-24.2764555000
-0.4629826461	1.5609560125	-24.1509528647
0.2862113329	2.2223437814	-24.1866544190
0.5255188101	1.2843016601	-24.4372714775
0.0276302111	1.0708240837	-25.2778274050
-0.2335178819	0.5093877453	-26.0630604351
-0.5520203035	0.0290198952	-25.2458683303
-1.5241854241	0.0659679680	-25.4772334489
-1.1098857645	-0.8235171242	-25.2844328713
-1.9125064889	-1.0369714334	-24.7274434364
-2.2868562650	-1.9557047809	-24.6017800712
-2.9296555473	-1.2919238257	-24.2194138513
-3.6456887436	-0.8730649645	-23.6609752099
-3.2065052930	-0.7733371565	-22.7681301723
-3.0943534546	-1.6629033244	-22.3253051526
-2.5466723451	-2.4143475937	-21.9573691357
-2.0472142090	-2.2694178491	-21.1032397899
-2.7546070921	-1.5913566291	-21.3028100555
-1.8728619512	-1.1498967570	-21.1365611823
-1.8576913168	-1.5324440894	-22.0603725215
-1.8756686339	-2.1622220658	-22.8369396574
-2.3236804774	-2.6201808973	-23.6047671749
-2.7321576667	-1.7536794140	-23.3178498260
-2.2095791463	-0.9925219869	-22.9337260683
-1.2401421719	-1.2172581021	-22.8353104638
-1.5209365776	-0.7583407298	-23.6782513556
-1.6024651503	-1.7453527450	-23.8166723570
-1.0960560724	-1.6819381890	-24.6766307513
-0.5078596378	-2.3115246995	-24.1690425520
-1.2813837098	-2.7702304118	-23.7317216404
-0.7929144688	-2.1375138244	-23.1308326984
-0.4706923352	-1.3760341272	-23.6932574200
-0.4349045936	-0.7932746362	-24.5051136962
0.4093640835	-0.6434450984	-23.9905638829
0.4954720471	-0.4565476460	-23.0119655175
1.3124812351	0.0952225415	-23.1794338637
1.4028220649	0.7372456065	-22.4180897113
0.8594534717	0.0020798186	-22.0127727536
0.6656385711	0.8516027234	-21.5221133825
0.5418008271	0.0866317460	-20.8900662191
-0.0813659880	-0.5694644751	-21.3157431731
0.4971963033	-1.0646103765	-21.9638914674
-0.3338689240	-0.9895015108	-22.5149715398
-0.5561820960	-0.0398792492	-22.2940769633
-0.4177316629	0.4179658266	-21.4158916958
-0.2665740589	1.0976027259	-22.1336974243
0.3246385873	0.5286371376	-22.7053142246
0.3989206380	0.4221461635	-23.6968493220
0.9398867794	1.1883002682	-23.3499148588
0.6853327969	1.5278682461	-22.4444338494
-0.0748040272	2.1346736039	-22.2120994647
-0.0785406001	1.7704847941	-23.1434171059
-0.5198004027	0.8776336323	-23.2334537075
-0.5258185135	-0.1125527825	-23.3730769373
-1.3825798780	-0.1038739196	-22.8574369062
-2.3530019148	0.0356507669	-22.6604243878
-2.4825948892	-0.6385887481	-21.9333709253
-1.4859072385	-0.5682327121	-21.8925817712
-0.8444809379	-1.2641257328	-21.5696186082
-0.4416526304	-2.0224528821	-22.0821313293
0.2314479787	-1.9053090892	-22.8123456142
0.5048157046	-1.7876604895	-23.7670334656
0.7084448821	-1.4052479129	-24.6683079961
-0.1451206169	-1.5314413902	-25.1737792071
0.2524824008	-0.6234682834	-25.3060542146
0.4806361253	0.2097513172	-24.8023767631
1.2689080947	0.7246508854	-25.1392828881
1.5153141738	0.5198329130	-24.1920059263
1.4276324634	-0.4532886995	-24.4049525042
1.3282692887	-1.0729038513	-23.6263614543
1.1942106460	-1.5637092566	-22.7654675383
1.6208052635	-0.7349848531	-22.4032067272
1.5291172460	-0.5602707074	-21.4228658300
0.8184371512	-0.9195842768	-20.8180290241
0.3513520450	-1.7764564752	-21.0362067937
-0.4343498198	-1.3579549646	-20.5806532126
0.0270925583	-0.5579688264	-20.1971260162
-0.4422125018	0.3067819701	-20.3758963169
-1.0440321810	-0.3191055300	-20.8719587231
-1.9713906550	-0.0363184977	-21.1169847523
-1.4023036588	0.4709739054	-21.7641280196
-1.4081320969	0.9777048665	-20.9020434748
-0.5244179114	1.4252580355	-21.0389573138
-1.1451782202	1.5583675107	-21.8115752702
-1.3683640108	1.0425053964	-22.6386631627
-1.3635751123	1.8963611571	-23.1591508247
-1.7150685281	1.5158398981	-24.0145197217
