0.4971961899	-0.1680842005	-96.3653858771
0.0029451155	0.6990496926	-96.3037848457
-0.5466614494	-0.0079311450	-96.7488811489
-0.4707587993	-0.9493397361	-96.4202648796
-0.8972288057	-0.8303613291	-97.3169072121
-0.4393436402	-0.9587917274	-98.1965928423
-0.4912828512	-0.5447276239	-99.1053575184
-1.0003529034	-0.6268969283	-99.9621514770
-0.0089240787	-0.5717973150	-100.0806120956
-0.4567467900	0.2840037130	-99.8216537598
0.0686971515	1.0837429231	-100.1120429129
0.3990859904	0.3277856086	-100.6771727686
0.2105798087	-0.5442215992	-101.1289125709
-0.6186793240	-0.0443615480	-100.8789741384
-0.7991545201	0.9210730524	-100.6909189977
-1.6354813373	1.4546096470	-100.8169989607
-2.1695576695	1.2023583868	-100.0100715952
-2.0081748796	1.4776257981	-99.0623461880
-1.8808275291	0.7038823400	-98.4417789367
-1.8140302801	1.2333650983	-97.5960921529
-2.6869765442	1.5400873805	-97.2167687270
-3.5100694498	1.0920727967	-96.8677687248
-3.2517337292	0.5059825342	-96.0998098329
-2.8003238930	1.3887432368	-95.9695688961
-2.6484575355	2.2550652367	-96.4454079466
-1.9514647621	2.3095096928	-97.1604162508
-1.8409703959	1.5880536725	-96.4768285053
-0.8497039323	1.4817611535	-96.3987727647
-0.1137765880	1.4616044142	-97.0755331725
-0.8885851903	0.8529296294	-97.2463741397
-1.5725071403	0.1890203406	-97.5488228504
-1.7209064205	-0.2787310328	-96.6775098720
-2.2379390420	0.5756361261	-96.6252219571
-2.6107309209	0.4419686609	-97.5434589765
-3.2811351684	-0.2886622295	-97.4140887834
-3.0927698281	-0.7143698271	-98.2991263758
-3.9286353484	-0.1654494125	-98.2952263120
-3.0761358633	0.2813766666	-98.5665030765
-3.0571622828	0.9783362574	-99.2833624295
-3.0167261529	1.9471471975	-99.0388828153
-2.7972845672	1.3452659719	-98.2710388333
-3.6483800828	0.9541543840	-97.9207987026
-3.6868056398	1.9489467710	-97.8263975190
-2.7696868375	2.3371261383	-97.9170059145
-2.9850669214	3.0108143409	-98.6239398755
-2.1021273541	2.6406018163	-98.9126618996
-1.1540509479	2.5875265337	-99.2262446514
-1.0225416478	3.1462407587	-98.4073773124
-0.8799116109	3.9429846695	-98.9946215658
-0.1670929730	3.2532688135	-99.1218285914
0.1136241608	3.1282004352	-98.1702216391
-0.0131307052	2.3818164539	-97.5168885262
-0.9445512729	2.0208976546	-97.4700553518
-1.6473871695	2.0344140058	-98.1812789530
-0.6912236108	2.0291725824	-98.4740651831
-0.3999885432	1.4103518913	-99.2036151045
-1.1708265858	1.6091846938	-99.8088210437
-1.1877757049	0.7396459214	-99.3152472897
-1.5392965640	0.3544019771	-100.1684882809
-2.1427058243	0.2442302491	-99.3787038451
-2.9074963257	-0.3989295892	-99.4166631826
-2.0062323930	-0.8242789046	-99.3341932876
-1.4278420876	-1.2721767938	-98.6523926310
-2.0480687375	-1.1327285673	-97.8804644641
-2.2117086830	-0.2396681380	-98.2995885961
-1.2509172167	-0.1708895121	-98.5681947370
-0.5428378056	0.1189858885	-97.9243035975
0.0760580776	-0.5034396100	-97.4451852566
0.3185449328	0.4597522845	-97.3291615547
0.5837105548	0.0967919186	-98.2224403274
0.4708754351	-0.6494518815	-98.8784802854
0.4924284564	0.1771481619	-99.4408572369
-0.2550861213	0.4801011878	-98.8497215332
-0.9381521774	1.0043184007	-98.3411774576
0.0179464376	1.1682959665	-98.0983054823
0.6816608875	1.0809878166	-98.8411785643
1.0240301732	1.3525794014	-99.7406346684
0.7282811391	2.0448240318	-100.3989126344
-0.2671531433	2.0860151444	-100.3128087341
0.2683298538	2.2264694775	-99.4800239240
0.4519113563	2.1142118932	-98.5034502879
0.9642264845	1.8345226111	-97.6914730006
0.9682146304	1.3331492951	-96.8262511258
1.0709468055	0.8440975640	-95.9600672513
0.3811050131	0.3662270450	-95.4162308158
-0.5166603915	-0.0248597218	-95.6188842615
-1.2050566814	0.4815375703	-96.1381841080
-0.7965006893	0.9224383790	-95.3390042295
-0.0807818681	1.5888102169	-95.1299703982
0.3220244155	1.7678909181	-96.0275656302
-0.1444485777	2.5614511938	-96.4182893632
-0.5773542876	2.6671776905	-95.5230717615
-1.2508356574	1.9279954152	-95.5287645957
-2.2320389836	2.1090202503	-95.4619062243
-1.8891431564	2.9082704592	-95.9554865675
-1.1673791738	2.5570483696	-96.5518922996
-0.8537089584	3.0166146019	-97.3828013644
-1.7238461025	3.4171321835	-97.0956654778
-2.0065256221	3.0739668744	-97.9913941532
-2.0562423330	3.6604011213	-98.7998637709
