-1.8665230461	1.5182205180	-235.8230458245
-1.2055292420	2.2525099905	-235.9776619991
-0.3397520292	2.7095311439	-235.7737956626
-0.2940870859	1.9361177827	-236.4060507422
0.6216937646	1.5348083012	-236.4232592848
0.4073489751	2.1253192806	-237.2013036887
-0.1927485598	1.3257350827	-237.2247143517
-1.1082176555	1.5248965991	-236.8750702108
-0.7645892225	0.8821283194	-236.1904035482
-0.7673353257	0.4362017198	-237.0854688680
-1.6555503418	0.4357973209	-236.6260410481
-2.0963711477	0.3508483916	-235.7324747683
-1.5054618099	-0.4397005179	-235.8932807889
-0.9433118798	-1.2459996314	-235.7092449347
-0.4154587413	-0.4137674335	-235.5396553331
-1.1114278831	-0.4840999193	-234.8250363471
-0.2847798982	-0.8989315856	-234.4448156250
0.3916386254	-0.2971649896	-234.0201570033
0.4999977992	-0.1586894104	-235.0045770374
0.5011998244	-0.3994069326	-235.9751715097
0.2580416144	0.4857695579	-236.3718283709
-0.0481331681	0.5990294381	-235.4266145316
0.5035387280	1.0182917966	-234.7055894323
-0.2955991439	0.5110267136	-234.3830048741
-1.0086411416	0.5303440842	-235.0838600294
-0.8505274947	1.4758462130	-235.3685103398
0.1155659995	1.7261601099	-235.4318057863
1.0595613832	1.8672566410	-235.1335366388
1.5894011750	2.2853305596	-235.8714282254
1.8504602009	1.3358699948	-236.0457062243
2.2302262235	0.4217401184	-236.1876369722
1.8815590818	0.1399321035	-235.2937603214
1.0496757623	0.5169695569	-235.7009616247
1.3157784151	0.7078733050	-236.6458135375
1.3980588906	-0.2865250206	-236.5794667709
0.5830481459	-0.7104338931	-236.9745094949
1.0492991023	-1.5595117622	-237.2228576737
1.2528823420	-1.4127807269	-236.2548577419
1.3714667905	-0.7823824849	-235.4876968821
0.4966316066	-1.2303895648	-235.3034333282
0.0378586762	-1.2724427610	-236.1909911725
-0.3887055040	-0.4452154995	-236.5566933161
-0.3847862942	-0.3827033168	-237.5547298219
-0.4336890291	-1.2942891739	-237.1465389993
-1.2727410117	-0.7502516209	-237.1426774506
-1.2685351845	-0.7871149232	-238.1419889175
-1.4551372196	0.1495754102	-237.8456936262
-2.0525281848	0.3829106646	-238.6129476219
-1.5456576460	-0.3035553448	-239.1343367998
-1.9110255848	-0.0173811464	-240.0201192773
-1.2580750567	-0.7701852929	-240.1034350917
-0.8690557975	-1.1921049064	-239.2845041693
-0.3090322177	-1.2034228213	-238.4561048122
-0.4434713711	-0.2868161537	-238.8326128880
-0.7655267348	0.1009866339	-239.6962617406
-0.4430510734	0.4161913317	-240.5888173110
-0.8387951017	1.1867025580	-240.0891182875
-1.6465650069	0.9299801008	-239.5584570395
-0.9166782954	0.9019373541	-238.8754643655
-1.0743442795	1.8873754217	-238.9391295247
-1.7600261526	1.8201645826	-238.2143377808
-1.8914563012	1.0592206471	-237.5789713959
-0.9421101782	1.1770423726	-237.8702787590
-0.1860518964	0.5713983576	-238.1184142092
0.4156181031	0.3379893244	-237.3545336984
1.3827510535	0.3307298297	-237.6087012730
0.9253603110	1.2199077945	-237.5962010467
1.4038857588	1.9073088525	-237.0498557518
2.3260943346	2.2935680781	-237.0315485623
2.8589348347	1.5242668719	-236.6790479871
2.1668177164	0.9951217918	-237.1699444923
2.3670327690	0.0304264790	-237.3410493909
1.7234653034	-0.6708967541	-237.6475891759
1.5826242252	-0.2200780347	-238.5290233895
1.0609645766	-1.0642328497	-238.4054359333
0.4898364146	-0.2645378623	-238.2202318574
0.4881421682	-0.5856803649	-239.1672612247
-0.0798706075	-0.7121944327	-239.9804989988
0.5525007005	0.0430480927	-240.1528801368
1.1400714822	0.4079739955	-239.4306684906
1.0487243326	1.4002718336	-239.3469983123
0.9085063789	2.3580735016	-239.5979064437
0.0518171184	2.5735468662	-239.1292330605
-0.6684669165	2.7662021662	-238.4628436515
-0.7010887055	3.2161380216	-237.5703787811
-0.6329864013	2.2196862132	-237.5209230459
-0.1718474219	1.7095918834	-238.2469771874
0.7893010761	1.9117554691	-238.4349225235
0.2707446086	2.7014673371	-238.1071202120
0.2884326937	3.5690343299	-237.6101145334
-0.0497980356	3.0423407357	-236.8302467038
0.6732404352	2.6261791957	-236.2788621353
1.0362551319	3.0223360815	-237.1222363415
1.3911789847	2.6895187360	-237.9958848253
1.8688059128	1.8112696708	-238.0193602799
1.7189674747	0.9170818330	-238.4412329541
0.7323344301	0.7865054991	-238.5387268322
0.1402063261	0.4919900051	-239.2888234475
-0.0506956621	1.4692492614	-239.3811315018
0.4699899919	1.1317034690	-240.1653185252
