0.7480315473	-3.6075671373	-76.4969952804
1.6981474913	-3.7160464119	-76.7894195268
1.2228595338	-2.9295839452	-77.1838534833
1.3017000101	-2.7528202184	-76.2027628839
1.5510353069	-3.6066373697	-75.7457856613
2.3849302593	-3.2221099011	-76.1417122129
2.3358168515	-2.6758357962	-76.9778775527
2.4994207634	-1.7571312849	-76.6184115863
2.2192935624	-1.2696085077	-77.4453639991
1.7700842598	-2.1095245302	-77.7499162567
1.2871383003	-1.5968578175	-78.4598007838
0.9859750545	-1.1560801349	-77.6142147539
1.3500023148	-1.7566200241	-76.9022906040
0.9489113401	-0.9389429073	-76.4893376252
0.3491501638	-0.4727586810	-75.8389847990
0.1722948047	0.5068389715	-75.7435352257
-0.0583586441	1.4134347192	-76.0969233083
0.7242308634	1.2674432984	-75.4917455097
1.6893825295	1.2688285174	-75.2300580195
1.3104131029	0.4114891834	-75.5784133556
1.3694637271	1.0565108586	-76.3402926521
0.5878959958	1.1906257215	-76.9495258463
-0.1464777906	0.5128812502	-76.9126805807
-0.5423710622	-0.0090871510	-77.6682052365
-0.0425816786	-0.6046811158	-78.2970759714
0.6127918483	-0.0175788444	-77.8218955180
0.2075706511	-0.5096092726	-77.0513750192
0.8060244706	0.1183313734	-76.5538375121
1.5055297236	-0.2786232704	-77.1480760263
2.4125280691	-0.1233275896	-77.5395313274
1.8246261533	0.6598500271	-77.3370364926
2.0838058112	0.3634689399	-76.4178062951
2.0113177103	-0.6114761854	-76.2075029950
2.2933924666	-0.3126489268	-75.2958363337
1.3831655314	-0.7261880580	-75.3175691056
0.9736613959	-0.0654067610	-74.6885425239
1.1826289423	0.8204034228	-74.2742082592
2.0490380781	0.3278238447	-74.3560652600
1.7459362063	-0.6027143723	-74.1505710219
2.3287742737	-1.1847313296	-74.7176301447
2.5213027095	-1.9805357187	-75.2917626865
1.7755026975	-1.6972639144	-75.8947049946
0.7835055028	-1.8232219796	-75.8859796543
0.1938182116	-1.3263175570	-75.2493047817
0.4873152764	-2.1390617043	-74.7460092184
-0.1410169125	-2.5367731790	-74.0774105022
-0.5412528523	-1.9091081837	-74.7451288906
-0.0018562366	-1.4824362952	-74.0191795876
0.8363029060	-1.0718794639	-74.3782510845
-0.0198180970	-0.5614858122	-74.4592149554
-0.9262736376	-0.9145216432	-74.2274736016
-1.3703884821	-0.1369642298	-74.6726325326
-1.1921655510	0.7313054777	-75.1356058599
-0.3992350553	1.3320443652	-75.0337529366
0.3642617833	1.4857893065	-74.4065089087
0.1468343365	0.5409391953	-74.6514243488
-0.5592684402	0.2571778227	-74.0026575555
-1.0644877246	0.0297176810	-73.1701821152
-0.2763490700	0.6234017508	-73.0077731055
0.4506223964	1.1324499928	-73.4686227277
1.1625561462	1.7933829334	-73.7059368319
1.5198078428	0.9695791684	-73.2658021003
1.6092569273	-0.0263092396	-73.2514793855
2.0348961734	-0.9002002058	-73.0166479324
1.1032163243	-0.8930336992	-73.3798576514
0.4275674635	-1.2866155639	-72.7564862271
0.5493964252	-0.2954660197	-72.7037578176
0.5808507584	0.0096237193	-73.6555618290
-0.1829400769	-0.5655341758	-73.3626165173
-0.8680671010	-1.0451958468	-72.8144143263
-0.4446203806	-1.9212822966	-73.0449905773
-1.1140502351	-1.8993834051	-73.7875430054
-1.8766438761	-1.2526846042	-73.7723246078
-1.8570935007	-1.2085089136	-74.7711570719
-1.4738578277	-1.8168073424	-75.4662135015
-0.9208070594	-0.9842857023	-75.4339247043
-0.5414245973	-0.0695450727	-75.2949335965
-0.5770975827	-0.2310342576	-76.2811631242
-1.0052851641	0.6632257485	-76.1509539211
-1.5948433716	0.1104389415	-76.7398918346
-1.6483352366	-0.3460800791	-75.8517876717
-1.3378772228	-1.1449118238	-76.3670387420
-0.8392305842	-0.9099418363	-77.2013891689
-0.0348699942	-1.4126665295	-77.5180465926
0.5939921247	-2.1665107804	-77.7084442837
0.3666418073	-2.1361888811	-76.7351034310
0.0156400208	-2.9502774281	-77.1977670058
-0.5930149802	-2.9229402381	-76.4048030925
-0.7410115861	-2.0206106059	-76.8096465680
-0.1723979206	-1.3091169526	-76.3967842655
-0.4500807196	-2.0754736399	-75.8174832289
0.3225160990	-2.6964580712	-75.6852996751
-0.4360758539	-2.9801495599	-75.0987356222
-0.0185436862	-3.7196099078	-75.6268125889
0.4966506948	-3.3858235027	-74.8374068723
1.2322116087	-2.7658362415	-75.1104745157
1.4783394567	-1.8226026006	-74.8874691768
1.6362067946	-1.7808575195	-73.9008916321
0.7598312999	-2.0186271833	-73.4820461005
0.9104447960	-2.8357978676	-74.0384161639
