-1.4450698271	-1.5507900993	-67.2683101709
-0.8200111364	-1.3532833136	-66.5131329051
-0.2800665221	-2.0494508142	-66.0400466291
-0.0045292764	-1.9104587968	-66.9912355932
-0.4525203289	-1.2298176126	-67.5709179159
0.2471543750	-0.5493640216	-67.3531147494
0.3810244022	0.4305333948	-67.5010332040
-0.5214753522	0.3033972493	-67.0895352163
-0.4932904261	-0.2970337022	-66.2903554602
-0.1365828625	0.5084501325	-65.8171160852
0.5033154192	0.0020777498	-66.3951448034
0.3150403828	-0.4554580669	-65.5261146043
0.2027708149	-1.0650643083	-66.3108284213
0.6762614424	-1.7192328245	-65.7210232177
-0.1266470680	-1.3800991852	-65.2307923551
-0.1957413492	-2.0602706974	-64.5010028688
-1.0561395998	-1.9955241808	-65.0064954395
-1.6354770732	-1.7363901271	-65.7792940123
-1.0815992035	-0.9557418080	-65.4897987493
-2.0514008141	-0.8236268735	-65.2847853831
-2.2695600729	0.0499722493	-64.8497783597
-1.4478976775	-0.4315120144	-64.5447475222
-0.7481610296	-1.1327761168	-64.4083756695
0.1224117659	-0.6441548539	-64.4662744536
0.8755986461	-1.2359909359	-64.7533973812
0.4581428406	-1.4052618321	-63.8606051242
0.2135155317	-1.6459956512	-62.9213475939
-0.5447457437	-1.8147455932	-63.5510803113
-0.3743642222	-0.8324955871	-63.4726261028
0.4662607686	-0.2918254305	-63.5046480729
1.1618379164	-0.2716313001	-64.2228156220
1.2148286804	0.6209451234	-63.7750441322
0.6264880287	0.9511165982	-63.0369099473
-0.2284988922	0.4355516435	-63.0933912944
-0.5918062663	0.0901481600	-63.9586682359
-0.7419866088	1.0761342788	-63.8860236337
0.2096609399	0.7964700501	-64.0131254128
0.3809755923	0.3783535166	-64.9052183755
-0.5259863739	-0.0261911491	-65.0225367685
-1.4014246093	0.0725279514	-65.4956777995
-1.3603296496	0.7486163437	-64.7600041694
-1.3101339273	1.6382683629	-65.2138760391
-1.0016397804	1.0720567571	-65.9782292159
-0.9944193696	1.2100697295	-66.9686333178
-0.4606397557	1.1236113366	-67.8098254897
-1.3788654236	0.7303981428	-67.8572069955
-1.8226748921	-0.1619751997	-67.9390786824
-2.2794765641	-0.1498553384	-67.0495926840
-2.5234876782	-1.1163007715	-66.9693318529
-1.8272959628	-0.8191887293	-66.3158477063
-1.2618372760	-0.5110696987	-67.0809092310
-1.4576225316	0.3360854770	-66.5869494736
-2.1009476928	0.9866256819	-66.9905955795
-2.8768557151	0.7708441705	-66.3978012811
-2.3200889431	0.0483696466	-65.9878728436
-3.0558042963	0.4327203007	-65.4302013509
-3.0934569051	-0.5576729359	-65.5632559184
-3.1975856849	-0.3763257634	-66.5411467100
-3.3117461728	-0.4406980977	-67.5325213040
-3.0067937046	0.5070592956	-67.4389268829
-2.4759018444	1.1766258053	-67.9583828692
-2.3217317119	1.9682000243	-67.3670776806
-1.4000722118	2.2226684095	-67.0741790517
-1.7783012594	1.7198682506	-66.2969179709
-2.0359606991	0.9938344966	-65.6593549534
-2.4365787858	1.2848299758	-64.7905472763
-3.0621368040	2.0481954344	-64.9516383766
-2.1574622318	2.2525826262	-65.3255231105
-2.8015922493	1.7100807896	-65.8647709921
-2.5416524457	2.5038651423	-66.4146234268
-1.6151965523	2.7726793260	-66.1511496856
-1.3480676091	2.9854959430	-65.2112820273
-1.5022389150	3.7969088505	-65.7750552991
-2.3936884825	3.3810164609	-65.5951909368
-2.1185843066	3.7175542714	-64.6946022435
-2.1189171456	2.7748240664	-64.3610461767
-1.3931125431	2.0879494337	-64.3234839888
-0.4323162604	1.9910105663	-64.5832403344
-0.3844939881	1.0789081398	-64.9904039303
-0.0099251822	1.6916703593	-65.6862635943
-0.7914790718	2.0953219084	-66.1619094127
-0.2300825541	1.9240293070	-66.9715345078
0.1810467841	1.0761044231	-66.6368763859
0.7634528963	0.9839003524	-65.8292245242
0.8611366317	1.2513760587	-64.8706241724
1.6214440609	0.6044910684	-64.9295514368
1.3450055724	-0.2737275953	-65.3198253672
1.9849369644	-0.9774239500	-65.6285311395
1.2470082250	-0.7526205477	-66.2648680046
1.2760794914	-0.2238000876	-67.1131036926
1.4855722190	0.3281034646	-66.3059387366
1.1837556758	1.0292589615	-66.9519168658
0.9350401361	1.8928375548	-66.5133138637
0.2470892122	2.5823264432	-66.2867557052
-0.0866963087	2.7470902462	-65.3586177223
-0.6195995203	3.3128308484	-65.9878646834
0.3290220166	3.6241870760	-65.9315221657
1.0227381243	3.0827848520	-65.4565046991
1.0065696712	2.0829212498	-65.4598748817
1.7073911911	1.4749826610	-65.8330502687
