0.8052970381	-3.6236676826	-115.0327386047
0.0606841635	-3.0983373965	-115.4445392329
-0.8958747143	-3.1514988640	-115.1578879259
-0.1853864813	-3.4392428658	-114.5156964746
0.6367349814	-3.1311967074	-114.0369231828
0.7116316472	-2.6721948885	-113.1516504453
-0.0991902549	-2.0871109177	-113.1672898220
-0.5746627227	-1.2078088036	-113.1398357765
-1.1251048648	-1.3743539530	-113.9579287794
-1.0119995600	-2.2881719100	-114.3479850977
-0.0317809262	-2.3945766876	-114.5148666521
0.8259499533	-2.5016413757	-115.0176935518
1.0331060984	-2.8877126831	-115.9166013763
0.6332200207	-3.7736655177	-116.1515028446
1.5195800794	-3.8633359009	-115.6972726511
1.9486867326	-3.5418666557	-114.8531606890
1.7175277312	-2.7443843760	-114.2958568852
2.5033952674	-2.1567458068	-114.1032611233
3.1825577099	-1.5261208606	-114.4788281000
2.4517314304	-0.8733903868	-114.6784173728
2.0527178740	-0.1190830285	-115.1997700278
2.7481293542	0.1596175424	-115.8621361388
1.8773391398	-0.1653237151	-116.2311044054
0.9524525023	0.0025774770	-116.5722699041
1.3585914267	-0.5458180328	-117.3032374402
1.6152751514	-1.2825040739	-116.6776120393
2.1817320675	-1.9951881278	-116.2638391528
2.3985166981	-1.0720893582	-115.9462024333
2.5296564487	-1.7480806390	-115.2210554453
2.8902749584	-2.6560704970	-115.0077277440
3.1412232786	-2.6990506243	-115.9747735802
3.4675938813	-1.7761463601	-115.7704944850
3.4536250236	-0.8148040064	-115.4954931214
3.5169894432	-0.2727909793	-114.6575153003
2.6909175959	0.2491229272	-114.4448860987
2.2045316542	0.9307521217	-114.9915215868
1.7292543752	0.8226326302	-115.8646892016
1.6899560977	0.8158506133	-116.8638937100
2.4192359928	0.1713674751	-117.0936595018
2.3898273441	-0.8279562803	-117.0715877249
3.2064938562	-1.2387043295	-116.6661967432
2.9376335380	-2.1486470471	-116.9819789149
1.9825303196	-2.1001090765	-117.2742491793
1.6864532691	-1.3646386886	-117.8836929328
1.1401920919	-2.1340600565	-118.2147359586
1.1732582337	-2.9814945066	-117.6848666511
1.6424667103	-3.0498905065	-116.8044318763
2.1670370238	-3.1655891816	-115.9609629658
1.8381171939	-2.4837634240	-115.3075676935
1.5683610200	-1.7580293146	-114.6746841268
1.5440918031	-0.9862636587	-115.3101278911
0.8919839179	-0.9094482975	-114.5559033181
0.4185772358	-1.4164604346	-115.2761982620
-0.5627771240	-1.5846019136	-115.1830743468
-1.4404742966	-1.4490672450	-115.6427242428
-1.2580260195	-0.7888495898	-114.9141466739
-1.2348977937	-0.1839792537	-114.1181586327
-0.3223906423	-0.4520543622	-113.8091822020
-0.0834334606	-0.5513797053	-114.7751190227
-0.0189754914	-1.4027790208	-114.2545766365
0.7831186828	-1.9638289601	-114.0499601626
0.7396963070	-1.1771708927	-113.4341001279
1.1150057743	-1.7130471709	-112.6778069187
1.6073567348	-2.1430353380	-113.4345768360
1.7452235908	-1.1881120778	-113.6974728175
1.7666311244	-0.3004956584	-114.1575584721
1.4644404273	0.6493995603	-114.0776844707
1.0713499819	-0.0006820164	-113.4273969608
0.2065572055	0.4794006021	-113.5745503946
0.6178721112	0.1154727934	-114.4102396900
1.0543679793	0.2192971990	-115.3039353037
0.3730955491	-0.4109623908	-115.6762802047
-0.3023467862	-1.0607634765	-116.0249006296
-1.0040583267	-1.3419722260	-116.6795169701
-0.7839546194	-0.6406382928	-117.3575177609
-0.5566429275	-0.1410267888	-116.5216243826
-0.6408288830	-0.0777469260	-115.5271856546
-1.4713810892	-0.3758014843	-115.9976604287
-1.6162032300	0.1827633660	-115.1809402468
-1.3913608625	0.7341925870	-115.9842905589
-0.8469344876	1.0159722792	-115.1942271897
-0.4246689104	0.4002184994	-114.5289910926
0.1993712226	0.9188201242	-115.1134791311
0.1329835086	0.5106200506	-116.0239544857
-0.0297173751	0.5924383201	-117.0072317575
0.5773562666	0.1343789097	-117.6565723232
0.3217046905	-0.7553861474	-118.0346733876
0.7326438182	-1.3830774347	-117.3735132851
0.2378606482	-0.5985462707	-116.9997480280
0.7063521314	-1.1332913856	-116.2964960160
1.2359553151	-1.8420560982	-115.8304777223
0.9358664137	-2.1935831342	-116.7172558198
0.3930770412	-3.0211358093	-116.8605606248
-0.4228898731	-3.3154826237	-116.3630086701
-0.7820973305	-2.5553337120	-116.9044360748
-0.8609015401	-2.2974531797	-115.9414783770
0.1367340418	-2.2287389443	-115.9402136450
-0.1084723194	-1.7927142863	-116.8060983590
-0.3738156334	-1.5433600678	-117.7374497425
0.1063283365	-2.4201926541	-117.7124220834
