-2.9206311844	0.5520359670	-235.0711359863
-2.5989376007	0.5499683573	-234.1242944139
-2.1832595827	0.4239090723	-233.2235609117
-2.3576563955	-0.1078756241	-232.3948324952
-2.2281637464	-0.6747337160	-233.2084070508
-2.5619436846	-0.6013253032	-234.1481954087
-2.4166034812	-1.3101680080	-234.8384259826
-1.6535208124	-1.7413660801	-234.3569978331
-1.1403445092	-2.4999477696	-233.9554957756
-1.0684413989	-2.5080284880	-234.9528746629
-0.5543862724	-1.6632689136	-235.1016314721
0.0078694766	-2.4826662092	-235.2132403645
-0.1563530713	-2.6936120089	-234.2496362838
-0.3933006332	-3.1666616448	-233.4010610692
-0.2374603664	-2.1852457937	-233.2890934917
-0.6750145808	-1.6089375771	-233.9793218228
-0.1808601616	-0.8008995437	-234.3000802156
0.4842161048	-0.3235106201	-233.7258212361
1.4194024233	-0.5026340430	-234.0313394007
1.2961416459	0.4874392836	-234.0988789351
1.0516127021	0.5158284393	-235.0681052510
0.6496322221	-0.3832888510	-234.8949007714
1.5900022374	-0.4563311769	-235.2271191528
1.4167304657	-1.3887287750	-234.9099258172
1.4231194342	-1.5883337532	-233.9300701984
0.5008153019	-1.4291678157	-233.5779036299
0.4123967703	-1.6927779512	-234.5384721385
0.4102300457	-1.2291441904	-235.4244964278
0.0123948974	-1.8547126971	-236.0956083694
0.2942366305	-1.4506369626	-236.9658313513
0.1763765103	-0.4679942975	-237.1090877121
-0.4614755289	0.2860977543	-237.2655803742
-0.5453005617	0.1124049817	-236.2843545161
-0.1852935824	-0.8042043150	-236.1105086877
-0.8091743357	-0.8181230474	-236.8919042818
-1.5012415103	-0.1442727323	-236.6331210161
-1.8321112208	0.5020237483	-235.9454975044
-2.6151722211	-0.1143597251	-236.0284847541
-2.2798138446	-1.0499064571	-235.9176376904
-1.7854021533	-1.8385990339	-235.5522323005
-1.0989929471	-1.4019686879	-236.1337788099
-1.2716505779	-0.5106719683	-235.7145181509
-1.1743039375	-0.8403504767	-234.7754570705
-0.3944707000	-0.3698654456	-235.1883783186
-0.0318515777	0.5443924377	-235.3690434649
0.5508562002	-0.0919439755	-235.8745408585
0.4097429730	0.4877385706	-236.6770713581
-0.3190381073	1.1683069864	-236.6015414408
-0.9095488912	1.0502767148	-235.8031894701
-1.0629042496	0.4259503414	-235.0372268642
-1.9319338727	0.9197982158	-235.0071970286
-2.0035128442	-0.0776053335	-235.0151097217
-1.6783399115	-0.0073154757	-234.0720710694
-1.2022713585	-0.7586213310	-233.6150171945
-1.4638154179	-1.6643972055	-233.2816033821
-0.8191308251	-1.2035308339	-232.6716985015
-0.9892265484	-2.0763694247	-232.2142925119
-1.2832931270	-2.7448496051	-232.8974170216
-2.2323257381	-2.5723639470	-233.1612082284
-2.5206897484	-1.7809202025	-233.7001544194
-2.7523080964	-1.5625186441	-232.7521809492
-2.1319989461	-2.1155276210	-232.1959457206
-1.8046058681	-1.1764349341	-232.3004382936
-1.2047415522	-1.1097782154	-231.5031179788
-0.2595030860	-1.3507565083	-231.7232400007
0.3130715255	-1.3552137515	-232.5430805018
0.9157687822	-2.0706388457	-232.8965249123
1.2684015448	-1.1352499684	-232.9229404939
1.8869922442	-1.7457702565	-232.4283593334
1.1570994918	-1.3243965944	-231.8901207182
0.6442704498	-0.5266995145	-231.5728105505
0.5341266118	0.0603248700	-230.7707689637
-0.3455010724	-0.3934015708	-230.9135536061
-0.8277765026	0.4268323533	-231.2211681688
-1.5064386238	-0.0997535166	-231.7331496596
-1.3643212482	-0.2548583495	-232.7107718476
-0.4369169064	-0.2234906867	-233.0835147303
-0.4306553289	-0.3834737076	-232.0964148237
0.4422599859	-0.2952633463	-232.5762458204
1.1550667636	0.2273210283	-233.0440193435
1.5472388504	-0.3349784018	-232.3159943404
1.1629806140	0.5334162861	-232.0025676764
0.1902321218	0.4755244272	-231.7780484042
-0.6201259706	0.8558681455	-232.2237595417
-1.6063048276	0.8935627416	-232.3850988717
-1.8540969097	1.4562636308	-233.1737475852
-0.8751806524	1.5845909638	-233.0148291885
0.0296013413	1.9651991256	-233.2058971636
0.3090299082	1.4748527796	-232.3803790614
0.0780364646	0.6591230943	-232.9106875655
0.6920177331	1.1680548745	-233.5140244904
0.9464095587	1.4686515112	-234.4332233052
0.1470115060	1.6207495179	-235.0144538530
-0.7833172280	1.3789803120	-234.7387074156
-0.2684468354	1.2392219416	-233.8929083398
0.2775240307	0.5455702644	-234.3627627472
-0.5838216881	0.1026053783	-234.1140346581
-1.0229320506	0.5786867242	-233.3521103563
-1.4965187169	1.0744148533	-234.0801002542
-1.1570220858	2.0079945999	-233.9653357380
