0.1490964869	1.3976867235	-37.7184089875
-0.1158388789	1.4665609207	-36.7566056829
-1.0012218410	1.9190420164	-36.6500323820
-1.9007083799	1.6948027729	-37.0250533521
-2.6136275183	1.3358242207	-37.6274491532
-2.2594009699	0.5718297194	-37.0881570668
-2.8635732473	-0.2071768460	-37.2558610628
-2.6645017168	0.3536582737	-38.0594993485
-1.9957701323	0.0812012939	-38.7512834637
-1.1958652024	-0.4741931871	-38.5239311524
-0.2446472656	-0.4391506007	-38.8304543227
-0.1462934082	0.4937368853	-39.1769329761
0.6181168181	1.1102075628	-38.9881449744
1.2729483281	0.3700028201	-39.1407642141
0.5703867855	0.2374139660	-38.4416022340
-0.3877851542	0.3035601664	-38.1631579589
-1.3133616303	0.3379709770	-37.7861644802
-1.7223683608	1.1475035523	-38.2073182573
-2.4429170913	1.6188291726	-38.7159061913
-2.6845883570	0.7631028940	-39.1734294536
-2.9502653373	-0.1831044263	-38.9887474319
-2.9874174780	-1.1813720174	-39.0343712745
-2.4262809934	-1.9522858474	-38.7330115023
-1.6304484634	-2.4144542660	-39.1242287528
-1.4020328518	-1.5837408681	-38.6165462151
-1.9816597306	-1.0171660444	-39.2022301321
-2.4540834244	-0.8511533400	-40.0678256701
-2.3425296983	0.1316786891	-39.9208665984
-2.7198533576	0.9607846397	-40.3334319616
-2.2378520229	1.8368441297	-40.3194862344
-1.2460223710	1.7531685316	-40.2231932653
-0.3507958010	1.5311382558	-40.6095505417
-0.3360134368	1.5431147016	-39.6097315348
-0.7626667482	0.7238053653	-39.9927448027
-0.4857444872	-0.2367586635	-39.9676289127
-1.3628100527	-0.0793299726	-39.5137873091
-1.0859612059	0.6965666051	-38.9469194085
-0.4177630670	1.3180913420	-38.5379961289
-0.8674507740	1.3208648782	-37.6448145831
-1.0828203065	2.1504630585	-38.1599677873
-1.3088356449	1.7900811020	-39.0649771310
-1.7293419964	1.0868680639	-39.6382709748
-1.6078481344	0.9042797839	-40.6139249922
-1.2862575743	-0.0422370952	-40.5877465791
-0.5200527291	-0.4049303109	-41.1182027662
-0.1807511425	0.5054443241	-40.8813643036
0.5543446083	-0.1641605895	-40.7752346806
1.3123974368	0.1638241070	-40.2115131641
0.4389062407	0.6280331712	-40.0648057167
0.4809639859	-0.2692283624	-39.6253140939
0.0276883789	-1.1601297027	-39.6542282065
-0.9522022926	-1.0350466317	-39.4987660008
-1.5424499713	-1.7388709289	-39.8940368400
-1.5910338211	-1.0593168406	-40.6260517652
-0.6629631292	-1.3794967070	-40.4358685800
-0.0257368261	-2.1180366054	-40.2156381162
-0.6041381948	-2.0424093023	-39.4033990087
-0.5999783578	-2.4461820821	-38.4885491641
-0.3484411342	-1.4811602194	-38.5624533573
0.5148528814	-1.9841191207	-38.5205512527
1.0953437651	-1.6738995227	-39.2734085665
0.9229968674	-1.4563375633	-40.2341183773
1.4353579228	-0.7820022579	-39.7023683939
1.7702265328	-0.7091822614	-38.7629216087
1.3811725784	-1.4246330968	-38.1826052100
0.6998360918	-0.8970185215	-38.6899546477
0.1656425939	-0.6279266579	-37.8885640589
-0.7592326042	-0.5865718881	-37.5105486480
-1.2276636249	-0.1532895530	-36.7405883913
-1.3145923932	0.8409517265	-36.6779172867
-1.5745117330	0.3727303001	-35.8333992983
-2.2483717845	-0.2140793278	-36.2823615368
-1.5378512606	-0.7293485929	-35.8031348998
-0.5535535195	-0.6030021528	-35.6798687901
-0.5002648547	0.2787764300	-35.2112251629
-0.3104574939	0.5897211239	-36.1425073775
-0.4558283508	0.5015100530	-37.1279443978
0.4663820326	0.2003504532	-37.3704952257
0.8707111146	0.9212572444	-36.8076352149
1.1312428835	1.0218839104	-37.7678422090
1.8443593685	0.5329241411	-37.2654646388
1.8239016039	0.3364034640	-38.2457508742
1.3897120233	-0.3689614003	-37.6854475489
0.8976081519	-1.0376780160	-37.1280860257
1.6661234173	-1.4412701074	-36.6316006679
1.8507507174	-0.7661472311	-35.9173725097
2.0361845428	-0.5698470072	-36.8802227154
1.1978854694	-0.1072476055	-36.5916807650
0.5065032307	-0.1500216272	-35.8704588969
-0.0191442962	-0.5267199321	-36.6332125036
-0.4173968327	-1.4288060074	-36.7994521795
0.1275574554	-1.6588558948	-37.6057411310
-0.4460492403	-2.4557375038	-37.4161229357
-1.3819631996	-2.4853244701	-37.7671067988
-0.9707617318	-1.5778097308	-37.6814893304
-1.3929782218	-1.1656668543	-36.8741037442
-1.9209018985	-0.5414361947	-37.4499793168
-2.5071106044	-0.8470955082	-38.2002670864
-2.0231626379	-1.5440609629	-37.6710851510
-2.4283282540	-1.2505173592	-36.8052485751
