-0.8564175816	1.2229428110	-44.7983084145
-1.7168689414	1.6017726260	-45.1390596856
-1.4994758168	0.6736312571	-45.4412083721
-2.0740989294	-0.0909579239	-45.1492980043
-1.8841031032	0.5700181085	-44.4233418963
-1.5467572345	1.3685815870	-43.9248500352
-1.1453678478	0.5246197838	-43.5690199704
-0.3665212610	0.5681975012	-44.1947187612
-0.1933875813	0.4769854487	-45.1753843976
-0.7918788902	0.0440838129	-45.8494795888
-1.2778019601	-0.1072017083	-46.7102881978
-1.0648345555	-0.9623075132	-47.1829814885
-0.2121141139	-0.7630239025	-47.6658416038
-0.4860345810	0.1987049065	-47.6591128815
0.4305756057	0.2444100274	-47.2619519475
-0.1899215003	0.6415114732	-46.5857169416
-0.5149687073	1.3103450541	-45.9171319026
-0.4819308372	2.0748392467	-45.2733484540
0.4330911868	2.2937572939	-44.9345128238
0.3909797938	1.3645087981	-45.3015603188
0.7433892910	1.0705210344	-46.1900302063
1.2289709509	0.6101129242	-45.4469051673
1.6526672622	1.3964450417	-44.9972795044
1.5127887077	2.2090360482	-44.4314793222
0.8618904726	2.2179709683	-43.6723669097
1.5732367758	1.5528805734	-43.4451198996
1.8196033007	1.0674649531	-42.6062663898
2.2572260571	0.3151113775	-42.1138738428
2.2979843999	-0.6505742370	-42.3703695572
1.4390183272	-0.1554786292	-42.5009744004
1.4675641779	-0.6796448140	-41.6498369584
1.1705166244	-1.2019747625	-42.4491705408
0.1737838226	-1.1388646193	-42.3987638789
-0.5026478275	-0.4090436266	-42.4977666132
-0.4696910085	-0.3063831588	-43.4919369590
-0.1315484443	0.5556014624	-43.1142570430
0.4984703940	-0.2180230533	-43.0465712096
1.3051939754	-0.4897656830	-43.5713121041
1.7812772741	-1.3168966747	-43.2726500623
0.9570521255	-1.8662882871	-43.4098424841
0.2883171707	-1.9140895637	-44.1518051505
-0.6070636735	-1.5741853247	-44.4394824907
-1.1468629308	-1.0380012869	-45.0884227341
-1.1274850612	-1.1199946663	-46.0848672052
-0.3886421845	-1.5571615248	-46.5976988943
-0.2347653651	-1.7331876448	-45.6254146099
-0.1967564496	-0.7351232011	-45.6746354239
-0.2767200732	-0.4600225343	-46.6327196802
0.4935311184	-0.0200724612	-46.1710303529
1.1432970845	-0.5157222562	-46.7473423083
0.6902312655	-1.1073379125	-46.0804672983
1.3555307152	-0.5029612488	-45.6421688946
0.6350918840	-0.1935721682	-45.0214867801
0.6659598697	-1.1775358671	-44.8458092157
1.4375899301	-1.4611535751	-44.2764692069
1.7157827102	-0.5989944526	-44.6998962073
1.5935373265	0.3457750551	-44.3958129236
2.4368017094	0.7639752746	-44.0581536916
2.1852545507	0.0921667806	-43.3614490380
1.2672842540	0.4871435212	-43.3250634805
0.5732380068	1.2053238006	-43.3752321269
0.7389286926	1.0122189590	-44.3423190499
-0.0192244541	1.6474427861	-44.1950285357
-0.8797144779	2.1501654061	-44.1124035620
-0.6765706463	1.5126585616	-43.3692228256
-0.1323677569	1.4437526421	-42.5331037017
-0.6864978651	1.5280702254	-41.7049549420
-1.0242502737	0.6133996022	-41.4829167436
-1.0711366194	0.6314475561	-40.4841795700
-0.4999252122	-0.1102729823	-40.1326569232
0.2195479247	0.5457916763	-39.9047587685
0.5545636093	-0.1496521058	-40.5404650191
-0.0576311215	0.5127942240	-40.9721853818
-0.1117012455	0.5555537298	-41.9698065757
0.7443355876	0.6558131898	-42.4769051668
0.8820034383	1.6422016397	-42.3869863765
0.5185833085	1.3971446356	-41.4881688900
0.8973042343	0.9507375730	-40.6774339179
1.1286651221	0.3512642698	-41.4436609719
0.4648894285	-0.2786110317	-41.8469709435
-0.4329722189	-0.3689240620	-41.4160556168
0.0367264161	-1.2332996631	-41.2365061458
-0.6888427622	-1.0740454019	-40.5670381124
-1.0603078694	-1.3190223753	-41.4625826152
-0.6211153989	-1.8603076464	-42.1796043926
-1.1141770811	-1.3125272236	-42.8554940182
-0.2859606400	-1.6126276909	-43.3287774809
0.3471042318	-0.9461089944	-43.7224546270
0.5195480001	-0.0224549045	-44.0646917800
-0.2301738100	-0.5202988524	-44.5006603695
-1.1325089359	-0.1206814823	-44.6622068893
-1.3085133341	-0.6846312707	-43.8553716595
-1.5551850658	-0.3753210858	-42.9369598421
-1.3779323808	-0.3120477481	-41.9548305378
-1.4867422857	-0.2079162944	-40.9662370698
-2.0400286605	0.5966216821	-41.1820907973
-2.0497798218	0.9341622050	-42.1233512874
-2.0428899297	0.8738058194	-43.1215043999
-1.4195989868	1.4734020110	-42.6195155480
-1.0343350098	0.5561331808	-42.5185721912
