-2.8468467386	2.0428619524	242.3888295692
-2.1109018789	1.4262180648	242.6683568118
-1.2934527694	1.5745339181	242.1117785505
-0.7356501295	1.0967867041	241.4330931930
0.1874002494	0.7201533865	241.5113577572
0.6734226837	1.5932099894	241.5507831490
0.2513284401	2.3129447639	240.9995859938
0.9129379158	1.8511302987	240.4088235191
1.2584074960	1.0564352018	240.9079331985
1.3365110617	0.4033500216	241.6611792276
0.6441370131	-0.1197367668	241.1641899032
0.4968459925	0.2092485370	240.2314123171
1.0662497581	-0.0562302511	239.4534017999
0.1633289867	-0.4832225138	239.5025107413
-0.5599505947	-0.6997808566	238.8467904265
0.2714488933	-0.4415028786	238.3547869941
-0.4827933588	-0.2698437278	237.7210269755
0.1878912283	0.4625399561	237.8384847305
-0.5322748664	1.1563123393	237.8448625348
0.2828954151	1.4766207517	238.3274596059
-0.3835754629	1.4348142064	239.0718175719
-1.3352399274	1.7120579898	239.2039940891
-0.9830011314	2.3770915741	239.8625213569
-0.0706915470	1.9815789662	239.9686392120
0.0109805721	1.2037889957	240.5918345479
-0.8943728801	1.3227086792	240.1841665023
-1.4500903084	0.5750986185	240.5478385210
-0.5622063165	0.1668392671	240.7599383059
-0.1108570389	-0.6906914925	240.5131087575
-1.0394001931	-0.8674533579	240.8395484208
-1.9561594210	-0.4812217821	240.7376774832
-1.8994653909	-1.1784865275	241.4522456478
-2.5469841726	-1.9283475170	241.5879951374
-3.1651855181	-1.3774240726	242.1486291132
-3.0374928033	-0.7677791160	241.3663071861
-2.4719302832	0.0558967034	241.4075040348
-3.3941161262	0.2496535875	241.7422151651
-3.0521713148	1.1717745063	241.5611992622
-2.2798378955	1.8055516248	241.5184481973
-1.6634718100	1.8315938605	240.7314191949
-2.0565084051	1.3418255786	239.9531844842
-2.4675686381	0.9299232538	240.7664285802
-2.3385388652	0.2442984631	240.0499999626
-2.6820157463	-0.6928580025	239.9886697822
-2.4243436480	-1.4512561111	240.5873661983
-1.5205357985	-1.8676316484	240.6861729956
-0.9825066105	-1.7330591185	241.5182876674
-0.1522971994	-1.6855741233	240.9628621468
0.0581726616	-1.9950360624	241.8901893522
-0.0466619739	-2.5127415369	242.7393010886
-0.8295200723	-1.9349262847	242.5085138877
-1.8291912970	-1.9198357311	242.4877842524
-2.3588805209	-1.2204720318	242.9677006430
-1.9665333260	-0.5278881599	242.3623980252
-2.9493467222	-0.3703748206	242.4586652381
-2.4498722803	0.0762559538	243.2009901220
-3.2047059993	0.7152219949	243.0528400123
-2.5702115728	0.6135433603	242.2866296770
-1.8370109019	0.8172374704	241.6378419723
-1.4996067768	0.4778221972	242.5158828191
-0.5451435977	0.2841044256	242.2890051765
-0.4275075964	-0.4410313226	242.9674887193
0.4207573959	-0.2973299509	243.4771910035
-0.0161690020	0.5883141344	243.3199336440
-0.5287270131	0.0952134018	244.0228816882
-1.3519357505	-0.0056733583	243.4641785145
-1.7320715237	0.9157423051	243.5447388592
-0.8636100900	1.1291305911	243.0972568177
-0.1069386445	1.2790436901	242.4608808390
0.6785379709	0.6644569880	242.5337483374
0.4322882457	-0.2872946723	242.3506367597
1.3372090829	-0.5862414816	242.0477356476
0.9606220231	-1.4060829415	242.4790617039
0.0748221572	-1.3465680685	242.9392970541
-0.2887224154	-1.0818852027	243.8324814271
-0.9544773010	-1.7955876362	243.6147676962
-1.3116191290	-1.0300290865	243.0796323660
-1.0088129791	-0.8377208741	242.1461839277
-1.3426379751	-0.1341660831	241.5188311338
-0.3709822403	-0.3592015658	241.5912477375
0.3390002722	-1.0566442548	241.6887081274
1.0332427314	-1.3934425203	241.0526308238
1.5538567172	-0.5467841838	240.9424911901
1.1339410968	-0.8834242508	240.0996719111
0.4223138893	-1.5791933307	240.0022444772
-0.5662401869	-1.4785046339	239.8898940219
-1.1340959900	-1.6063745912	239.0767586943
-1.6646858747	-1.1178766509	239.7694665235
-1.0787260293	-0.3157176390	239.8843228647
-0.4361662455	0.4373155428	239.7426967677
-1.3565446560	0.6762119028	239.4331291490
-2.2092223502	0.5799330723	238.9196399703
-1.6207350712	-0.2285223438	238.9287263656
-1.3170149182	-0.7093639964	238.1062025825
-1.5683758621	0.2522296304	237.9959511753
-0.7497854778	0.2916996718	238.5689711562
0.1575937281	0.5044454472	238.9314655860
0.4885033278	1.1019915859	239.6618336089
1.4837230507	1.1712136895	239.5929423645
1.1621741248	0.7109725502	238.7654253665
