2.5289414588	0.3890475648	-203.5993825047
1.6289046822	0.0197998390	-203.8308774675
1.3280274408	0.9702482709	-203.9091121390
1.1339416740	0.5697320545	-204.8046105899
0.2517134151	0.5072213810	-205.2712643317
0.2815470716	-0.4285419062	-204.9198998155
-0.0450638988	-0.5710352165	-205.8542557062
-0.0118015810	-1.4855879913	-205.4511591417
-0.6656436777	-1.8210217153	-204.7729447733
-0.7394282573	-0.8525978983	-205.0110857959
-1.4526867712	-0.1534540348	-204.9614858917
-2.1367306538	0.4342832105	-204.5294570766
-1.3701203501	1.0706357921	-204.6152710272
-0.9744984518	1.3931381346	-203.7553433833
-0.7891592859	1.3692914169	-202.7729581597
-1.2689970937	0.5722529114	-203.1396805328
-0.4209938954	0.4213161108	-202.6316365801
-0.3262889151	0.4778890159	-203.6255331910
-0.5304547251	0.3636228244	-204.5977777896
-0.7937266177	0.3244886756	-205.5617053953
-1.7055657132	0.7216956055	-205.6655134818
-2.3641058101	1.3680817666	-205.2801436965
-2.7506255678	1.4463186242	-204.3611869669
-2.1264017159	1.1681320116	-203.6311480697
-1.9100197833	1.2027817047	-202.6554543381
-1.3192188527	0.8476395459	-201.9310039896
-0.6413999930	1.5558704517	-201.7335943202
-0.5287924371	0.9706431926	-200.9305821200
0.0119370714	0.5171275482	-201.6390559438
0.3802366832	1.4191515657	-201.4138714243
0.2966673319	1.2492634076	-202.3957849527
0.5457081234	0.7556267324	-203.2290325251
0.5193236601	0.1058716026	-203.9887180728
0.2573252909	1.0127215062	-204.3188394245
0.3553328472	1.7393821480	-203.6388696968
1.0615076042	1.7375532195	-202.9308344804
2.0274356534	1.4945023512	-202.8419003516
2.6296303605	0.8591635797	-202.3584686809
2.2068779403	0.5170053995	-201.5192975596
2.6243225264	-0.3715274202	-201.7096904318
1.9252750330	-0.4092722043	-200.9956120515
1.5635064786	-0.2320858000	-201.9108871419
1.6412677297	-1.1423760371	-202.3174887554
1.0678609813	-1.8729383144	-201.9467011345
0.9860714823	-1.1778058345	-201.2324873616
0.6237079682	-0.2467937088	-201.1887940527
0.3402064717	0.4486823137	-200.5285365244
1.1445767338	0.6356439022	-201.0924814204
1.3595766249	0.8954555632	-202.0339021275
1.7388978007	0.3947301426	-202.8119699258
2.2246643723	-0.4747310667	-202.9017922142
1.8318452733	-1.1920494096	-203.4772464264
2.4340897104	-1.6810730071	-202.8462491530
1.5469085042	-2.0773760670	-203.0825823754
1.0950645791	-1.9413266704	-203.9642442318
0.1516459466	-2.2657855142	-204.0327113217
0.4928276217	-2.4657025006	-203.1142189358
-0.5038263099	-2.4818357484	-203.0340899215
-1.0014025023	-2.1575126490	-203.8385975100
-0.3882691735	-1.4007110691	-203.6120607805
0.2471581530	-1.2689702771	-204.3729001042
1.0214171497	-0.8064302210	-203.9409513775
1.1308601859	-0.4487679063	-203.0135356721
0.5593816704	0.1327485093	-202.4345270671
0.6663000477	-0.8155611479	-202.1357340707
-0.2708845321	-0.5333785065	-202.3408145922
-0.8524538197	-0.3818377683	-203.1400721029
-1.2696555914	0.0151331585	-203.9576029982
-0.3909316364	-0.4471427599	-204.0765365349
0.1595142591	-0.5365409380	-203.2464658862
0.6854250672	-1.3633210536	-203.0468350714
-0.1023356343	-1.6337899148	-202.4934096724
-1.0484781136	-1.4189585421	-202.7356118404
-1.1872316429	-2.1334202959	-202.0498335523
-1.0965896101	-1.2556976084	-201.5793158525
-0.1020973806	-1.2484740658	-201.4747547411
-0.4336494312	-0.3570388265	-201.1658592055
-1.2723371369	0.1845014882	-201.1080922613
-1.9935785297	-0.4348887074	-201.4181997248
-1.2794258612	-0.3109198883	-202.1071247555
-2.0716600758	0.1182816164	-202.5408885364
-2.8397763697	0.6068791540	-202.9547360992
-2.2588325420	0.0843083412	-203.5787745713
-2.1520813891	-0.6265619475	-204.2739490991
-1.2793128795	-1.0398281854	-204.0141681429
-1.8886951500	-0.8957836443	-203.2344858880
-1.9144026695	-1.1073418000	-202.2574586262
-2.4594395768	-1.4800236361	-201.5064306516
-3.0763476448	-0.9752405166	-202.1102670847
-2.9767563249	-0.5228561314	-202.9965119363
-3.2273964122	-0.3268457511	-203.9445411961
-3.1726339658	-1.2819935798	-204.2355630163
-2.5972844871	-1.7401334084	-204.9131180878
-1.6653982233	-1.3855738298	-204.9897698758
-1.7193669386	-2.3127565164	-204.6190683199
-2.1116029452	-1.6598323046	-203.9711170186
-2.2163081222	-2.6086659004	-203.6732048949
-1.8945008175	-2.0535261471	-202.9062238566
-2.7367956402	-1.5563731550	-203.1144985169
-3.2365376540	-2.1998591558	-203.6943120096
