2.6340136259	-0.2190173919	-222.1948618172
2.1754223255	0.5179964851	-222.6913540772
2.1459735374	0.4826661259	-221.6924123699
1.5270491303	-0.0452955953	-221.1108721742
1.1560854130	0.5390479515	-220.3891183798
1.1571143317	1.5050535270	-220.1305991939
0.3597616218	1.6946446216	-219.5576385733
-0.0295040271	1.4798334650	-220.4533664458
-0.7278875597	0.9852850627	-219.9359861995
-0.6241790191	-0.0035820565	-220.0426930842
-1.4596085186	0.2648124762	-219.5630870729
-1.6795693570	0.6852781786	-220.4433289844
-0.9287586394	1.0119537877	-221.0174076487
-1.2450634414	0.9761687117	-221.9653900855
-1.3938770102	-0.0123318968	-221.9922428087
-1.4119230490	-0.8456976125	-222.5446701110
-1.5324636827	-0.1264901855	-223.2289292962
-0.7932130403	-0.7203741937	-223.5464356309
-0.1726780147	-1.1183757350	-222.8707648123
-0.7224883257	-1.8610540698	-223.2530441773
-1.0628878114	-1.8030784620	-222.3145522919
-0.9527361906	-1.2171088909	-221.5117408058
-0.0031388276	-0.9696705686	-221.3192852916
0.9633824929	-0.9222093458	-221.0671266723
0.6223007739	-1.3717705142	-220.2415614013
-0.3513060011	-1.1484667835	-220.2887343960
-0.7547469447	-1.5751309191	-219.4792943918
-1.0945990248	-0.6924364386	-219.1547161765
-1.4133213741	-0.8368762507	-220.0914942744
-1.5926397513	-0.3665874897	-220.9555969308
-0.6195103254	-0.1681679533	-221.0724250445
0.0372559329	0.5271358518	-220.7805163250
0.2520346956	0.5219731775	-219.8038672427
0.3897863532	-0.3259559232	-220.3157663744
0.0846770769	-0.5539491435	-219.3911435210
-0.5161213961	0.1333071674	-218.9828299676
-0.1471088864	1.0564574523	-218.8750184694
0.4721211371	0.2919871798	-218.6957438739
1.1860624713	0.7074855943	-219.2593473150
1.1979183121	-0.2602057301	-219.5112062829
2.1351754794	-0.0920576116	-219.8166161920
1.6904719449	-0.8379803889	-220.3124367006
2.1924734046	-1.1300944297	-219.4983949808
1.2262242054	-1.3244854200	-219.3293546658
0.3133166974	-1.7316648633	-219.3009859753
0.1470181277	-2.3074069991	-220.1015269042
-0.1307505482	-2.8865075891	-220.8680039549
-0.6167233417	-2.6053990213	-221.6955354752
-0.3767522426	-1.8715839148	-221.0599811809
0.6142667253	-2.0043362475	-221.0760505137
1.3198735208	-1.8141051567	-221.7586420330
0.6933044437	-1.1246380695	-222.1220238257
0.0008281324	-1.8450738967	-222.0839610205
0.5445942081	-2.6513353749	-221.8510213639
0.6624480330	-3.4435036026	-221.2522058874
1.3880793928	-2.7630484968	-221.3543821009
1.0108023342	-2.8919710662	-220.4372992300
1.2612435862	-2.2068965701	-219.7532289748
1.5219216819	-1.8111966447	-220.6338358675
2.1068971153	-2.6218215185	-220.6075479177
2.8817041328	-2.1414258411	-220.1965806699
2.6162845778	-1.2565022178	-220.5792850477
2.6141285976	-0.3674875626	-221.0371587143
1.9424503804	-0.9923154109	-221.4352020947
2.8136071562	-1.2156879028	-221.8724555702
2.3086621590	-1.9746652543	-221.4613790205
1.9917019738	-2.4736972304	-222.2679168856
1.3279034030	-1.9945829898	-222.8422173313
1.9214980823	-1.2959878996	-222.4427048075
1.5088855037	-0.4149372243	-222.2114029108
1.9668035091	-0.4217254865	-223.1003714253
1.0729456813	-0.8684225259	-223.0619014558
0.3448334119	-0.4072282382	-223.5690033707
0.1154635044	-1.3106848998	-223.9311573520
-0.2190526076	-0.5429525714	-224.4776791199
0.6457980051	-0.0751740552	-224.6599335501
1.3256051474	-0.1047130729	-223.9271377424
1.8407724955	0.7240559213	-223.7086324616
1.1100557224	0.5230969462	-223.0561997157
0.2923947285	0.8407370380	-222.5760588291
0.4981831352	-0.1367794463	-222.5300952069
0.5178649248	-0.0366708922	-221.5353133692
-0.2931998939	0.4820537070	-221.8056809895
-0.4146211478	-0.4503436277	-222.1461102617
-0.4964297086	0.2259128275	-222.8782199298
-0.6538828898	0.3264690235	-223.8606134086
-0.3255692179	0.4793237980	-224.7927322587
0.4042989124	1.1561980849	-224.6971618026
0.5320880908	0.6039026551	-223.8733659031
0.6377828898	1.5121834079	-223.4685762250
-0.2898796144	1.1409864106	-223.4278937066
-0.5362281105	1.5313272792	-222.5407936983
-0.2013246621	1.4823358889	-221.5998157368
0.6686481165	1.1002733252	-221.2880857867
1.6398421497	1.1893107052	-221.0670552572
1.6921075915	1.8719654496	-221.7959248090
0.8870703106	2.3045051545	-221.3899391197
0.7307344843	1.7965945404	-222.2370435509
1.2235983526	0.9350649292	-222.1151750304
1.6411694288	1.4165051149	-222.8857915004
