3.5065313404	-1.2247087506	-251.8142542540
3.5069805730	-1.3110957822	-252.8105158055
3.4456552286	-0.3712987640	-252.4743301920
2.5219035487	-0.6680397032	-252.2321987216
2.3730634758	-0.0039532661	-252.9648895410
2.0167774921	0.9161697930	-253.1274744538
2.9562355480	0.7214658813	-253.4094477644
2.9859362597	1.4251873396	-252.6995928660
2.9141561342	0.5958899865	-252.1454146331
3.5189904053	0.2794504147	-251.4146332007
2.6512297694	-0.2065661374	-251.3108093605
1.6982085063	-0.5045778624	-251.2565923537
0.8418851566	-0.5665291364	-250.7438815577
1.5196283681	-0.9533293804	-250.1185418817
2.5062850386	-0.8835309790	-250.2656364013
2.4990425303	-1.3384208590	-251.1561546455
2.5161809605	-1.7496774329	-252.0675131395
1.5550732587	-1.4891145748	-251.9759763570
1.4232648828	-1.5548686018	-250.9868843693
2.1253511028	-1.9957829982	-250.4277158484
1.9764062588	-2.3458126059	-251.3525372945
1.1653346797	-2.5771376500	-250.8152742142
1.0638408461	-1.9013118740	-250.0852341316
0.3845031863	-1.5664754603	-250.7382156934
0.5666622877	-1.0924663488	-251.5996873551
0.0029551104	-0.5715063341	-252.2406513801
0.6126962796	-0.0389315445	-251.6536421809
0.4063136941	0.3548673326	-252.5493701936
-0.5849143215	0.2525703348	-252.4656901769
-0.3441960870	0.4437996788	-251.5141198592
-0.3170417862	-0.4305952463	-251.0296653631
0.0156790010	-0.5731660306	-250.0974795183
-0.0420860955	-0.5376705662	-249.0997805328
0.8108043525	-1.0104551957	-249.3212586985
1.0236988070	-0.0889109825	-249.6459619699
0.2432054331	0.5288230368	-249.7420597053
0.3905483760	0.3576848475	-250.7162269277
1.3199546449	0.5524434274	-251.0297123068
1.8663357493	0.0574125348	-250.3541295183
2.8509441532	0.2141860018	-250.2768742850
2.4062255828	0.8224624481	-250.9343126152
3.0665566430	1.3894011692	-251.4267995464
2.4323638569	2.0960785142	-251.1131012198
2.4516662520	2.1937377527	-252.1081339282
2.1313782134	1.2616607273	-251.9388767536
1.9512247571	0.2819895653	-252.0271328953
1.1461563717	0.8732106986	-251.9789409197
0.4410612355	1.2521314553	-251.3795579796
1.2860923935	1.7701056386	-251.5123174891
0.6388304809	1.8711993515	-252.2678517886
0.8678517153	1.1611152919	-252.9336820240
-0.0989391795	1.0627664743	-253.1695694459
-0.2456688489	1.2561424624	-252.1994786608
-0.4244000415	2.0454634780	-251.6120882497
0.4730713646	2.3351548958	-251.2794864491
0.7496342200	3.2387666207	-251.6065932171
1.4782405940	2.7521106293	-251.1246194650
1.3875101461	3.3152366537	-250.3032443579
0.8608637136	2.4759142562	-250.1684057571
1.8387485498	2.3632336329	-249.9922117610
1.7324399283	1.5129347439	-250.5076632875
1.4097398254	0.8418029520	-249.8402453063
1.0954638878	1.7255707061	-249.4935679465
0.6503722931	1.4435602325	-250.3434876868
-0.2811301969	1.1807642542	-250.5949660854
-0.6317536736	0.2888810177	-250.3092958735
-1.2650156668	0.3368482813	-251.0817454767
-1.1950499029	0.9733138705	-251.8498706915
-1.1406875662	1.5519766891	-252.6636237737
-1.1998337829	0.8109801935	-253.3325228083
-0.5448679832	0.1348992341	-253.6700644169
-0.3818841498	0.4059963747	-254.6187174675
0.0173535631	1.2511621993	-254.2633247587
0.3998371851	1.9010462584	-253.6065470272
-0.2458225599	2.1539342648	-252.8860117054
-0.6355175208	1.9076972468	-253.7734265849
-0.0572670745	2.3857971838	-254.4345217910
0.5330955248	1.7975041205	-254.9871367321
1.0618945533	2.3463000799	-254.3396843536
1.1932271090	2.6246140393	-253.3882154367
0.6227551956	2.9446583045	-252.6318203915
1.4985276256	2.6830692932	-252.2261187277
1.7319772678	1.8752900320	-252.7674078646
1.8388771359	1.7800858333	-253.7571091219
1.0554630487	1.2013391148	-253.9836363915
0.5012475531	0.3783558227	-253.8589620738
0.3865962022	-0.4131520533	-253.2586535283
0.5891772332	-1.3246163363	-252.9006119291
1.4043610862	-0.8215278176	-253.1876262636
1.2095371889	-0.5324708747	-252.2503484324
1.3464134660	0.2131141899	-252.9025506987
1.4926973016	0.2516585912	-253.8910421598
2.2377552372	-0.4135735516	-253.9395691513
3.1796669379	-0.4012663943	-253.6039341087
2.9068748505	-1.3216776871	-253.8839832635
2.3757633396	-1.2350061603	-253.0411258559
1.5881101199	-1.8509911238	-253.0539683731
1.8446441840	-1.4256807764	-253.9218977380
1.2096631027	-0.7965834319	-254.3702676271
0.3077367494	-0.4373215026	-254.6099751977
