1.3973819603	2.6043736910	-245.9335083959
1.5953208649	3.0870593407	-245.0803760770
1.1654031829	2.1928750283	-244.9554552935
0.8376070490	1.3872036051	-244.4620556051
1.4204105469	0.9225917407	-245.1287458617
1.0912155268	0.3235814713	-244.3988024833
1.5285192330	-0.1243140657	-245.1786454523
2.5204000486	-0.1166549631	-245.0517053648
3.1521398298	-0.8074496568	-244.6999845379
2.2262988514	-0.7407711134	-244.3280000565
2.9292250007	-0.1671034504	-243.9075238490
3.3673844124	0.4681493396	-244.5435035835
2.8831770266	1.2218863351	-244.0991796597
2.5313598448	0.9944022987	-245.0071860934
3.3035822533	0.8686494640	-245.6299691829
3.4469983323	1.6297586091	-244.9973992677
3.0179236803	1.8987725259	-245.8596790688
2.4354643921	2.6973906285	-245.7081854919
2.8362177008	2.8380156770	-244.8028560595
2.2472424882	2.0406476560	-244.9344327974
1.9236213803	2.5865721160	-244.1616224309
2.4823645854	2.0685577945	-243.5139595606
1.8607710004	1.4717406715	-244.0213358871
2.0493999765	0.4930074324	-244.1019606733
1.5673407746	-0.2000905322	-243.5660183841
0.5678704855	-0.1700697668	-243.5785840073
0.0751090426	0.5543261155	-244.0607009702
-0.4876872705	-0.2706314238	-244.0086878149
-0.6299332977	-0.0167556483	-244.9654078148
-0.4941485731	0.1196684096	-245.9467084747
-0.0548356569	-0.6847561258	-245.5468268316
0.4249590240	-0.3550810433	-244.7337392568
1.1851313211	-0.9869343912	-244.5824136955
0.6080297207	-1.6463756449	-245.0641719085
0.9379180309	-0.9644076017	-245.7169301261
1.8761583329	-1.1064511336	-245.4014483186
1.8456010805	-1.3234074576	-246.3771512487
1.2102116951	-0.9131267237	-247.0313301603
1.5245245328	-0.2663670068	-246.3364133964
2.1309214432	0.4183672742	-245.9321588338
2.5870758569	-0.4642792879	-246.0455528253
2.3528756026	-0.4885939910	-247.0174370962
2.8613404194	0.3410416457	-246.7868547025
2.5886286450	1.2927448838	-246.6458255047
1.8193884018	1.8962231250	-246.8557861220
1.8999113040	1.5970438632	-245.9049928576
0.9208307965	1.6783925995	-245.7184888548
1.0972975126	0.8686918719	-246.2781711127
1.8189441373	0.6072733285	-246.9191753983
1.0307862212	0.1300704605	-247.3078713231
0.2583515030	0.5038303653	-246.7944045377
0.3335756758	-0.4537852554	-246.5163512211
0.6682977001	0.0980648434	-245.7525301459
0.2522461209	0.6962868662	-245.0676714050
0.0266455753	1.0871981864	-245.9600237645
-0.8020210500	0.9981723020	-246.5126411873
-0.2322154259	1.7379075032	-246.8705704860
0.7113423197	1.4685039195	-247.0632372701
0.6445878299	2.3019097322	-246.5146221140
0.1180875569	2.5852965808	-245.7130677762
-0.7144475227	2.4926977498	-245.1668894192
-0.9429095086	1.9408571457	-245.9689349719
-1.7094611696	1.3446408727	-245.7303459804
-0.8182242367	1.0972669943	-245.3502106180
-0.0588029112	1.7134967651	-245.1415479240
0.1675472698	2.4889280413	-244.5520804257
0.9533313072	2.9606366229	-244.1520373523
0.6468148570	2.1426652195	-243.6652412460
0.6205269434	1.2025370824	-243.3254353731
1.5560639035	0.8637222105	-243.2255600566
1.4781066282	1.8408624235	-243.0277731326
0.6046746103	2.1475197772	-242.6495169000
-0.0226259749	1.4717878514	-242.2623730763
-0.9827484430	1.7081373332	-242.1130286127
-1.6114516216	2.1168212896	-242.7746249677
-2.1723892879	1.8698909472	-243.5647985818
-1.9759211439	1.0745394409	-242.9913735651
-1.1460978205	1.4368024381	-243.4158247083
-0.2904017822	1.9181497593	-243.2258535358
-0.2430735576	1.5739883803	-244.1635704357
-0.8632471731	0.8071971469	-244.3291478828
-1.2949297957	1.6910764199	-244.5091688372
-0.8721792759	2.4818679853	-244.0665282401
-1.8178980343	2.7984842676	-244.1398096138
-1.9367809497	2.3779532143	-245.0392652745
-2.3646630624	1.5365135311	-244.7092710969
-2.0145949392	0.8396293950	-244.0833279605
-1.6767829274	0.5608003173	-244.9822925816
-1.6168100473	-0.1471458068	-244.2785770574
-2.1836229986	0.0439298900	-243.4771950284
-1.2229011295	0.3188695546	-243.4394899742
-0.5807008142	-0.1882709277	-242.8646967190
-0.3610383164	0.7769270572	-243.0066165444
0.4157947052	0.3008227206	-242.5944817155
1.3373037664	0.1185841784	-242.2515383327
1.1024172881	1.0903746982	-242.2727875213
0.4494004748	0.8672175657	-241.5490680067
-0.3910794601	0.4033730928	-241.8291426111
-1.2126897569	0.6709435005	-242.3324939765
-2.1589785367	0.4006359213	-242.1550922912
