-1.8691908026	-2.3574058139	106.9187483429
-1.2978706926	-3.1352189322	107.1806645219
-0.6020804291	-3.5076708024	107.7947944052
-0.8097750055	-3.0408120035	108.6543907202
-0.0016732816	-3.5993350370	108.8415367188
0.4822362079	-4.0775853849	108.1086600507
1.2038369596	-3.6594947318	108.6604684965
0.7568925337	-2.7660084960	108.7043208237
-0.0701528646	-2.2280077770	108.5413756320
-0.5656487365	-2.4693717200	107.7069732782
-1.5085570371	-2.1933094777	107.8932890720
-1.5622577481	-1.3874497577	107.3036227720
-0.9921943368	-0.5830150461	107.4706931217
-0.7413715465	-1.3272921293	108.0896757961
-0.5063600622	-1.5850300804	107.1524774442
0.2874926310	-1.5015897170	107.7548358154
0.7509280397	-1.3093337374	106.8898125439
1.2863087456	-1.9475939644	107.4429774221
1.0690099627	-1.8016927727	108.4081168323
0.4516355210	-1.2224848365	108.9404390706
0.2594090956	-0.5288313350	108.2462533454
0.5985862792	0.1075367693	107.5534370105
1.5924284727	0.2174937787	107.5397567126
1.4716674921	-0.5026616634	106.8565342563
1.1419152329	-0.8409593016	107.7379071374
2.1340596676	-0.7159151598	107.7342488367
2.6868238298	-1.1100121068	108.4685099465
3.2692868044	-0.8273035254	107.7063992319
3.1508523937	0.0300023084	108.2073982317
2.7015809901	0.0723312954	107.3150062423
2.5719785571	-0.6420861149	106.6273937255
2.6468648706	-1.3475670231	105.9226322565
2.6431070205	-2.2614867532	106.3285098309
2.3096557677	-2.6046949397	107.2065863666
2.7230082081	-2.7280466491	108.1087637970
3.3334815173	-1.9612949196	107.9102338898
2.6435567550	-1.6331999402	107.2649761841
2.1235652140	-1.8981428731	108.0770193108
1.8924117699	-2.5856827383	108.7653920434
1.5432076689	-2.9078621086	107.8854733260
2.1245661330	-3.6709951236	108.1676972402
1.3877508477	-3.8622705889	107.5192244716
1.8269216583	-3.5035030030	106.6955650648
2.7412412246	-3.3008896904	106.3448977348
3.3780476452	-2.8751280507	106.9877076669
2.7559555756	-3.5515400426	107.3820023209
2.3834231174	-4.4795571188	107.3800341432
1.8071227176	-4.6078716886	106.5729324022
0.8517187105	-4.3448960263	106.7072714671
-0.0194409295	-4.0219802504	107.0771448012
-0.1201046918	-3.7998428511	106.1073397781
0.8063141147	-3.5814763405	105.8006408022
0.7242020570	-3.2781971382	106.7499981297
0.4946016936	-3.0557195166	107.6975145576
0.2803031353	-2.3095892392	107.0671450333
-0.3466846510	-3.0213148841	106.7503913084
-0.9265371131	-2.2544702668	106.4752178083
-0.5470017379	-2.7658967007	105.7042470555
-0.5981544812	-1.8213651994	105.3798342940
-0.0317969416	-1.6160028071	106.1779980774
0.4885712787	-2.4606708846	106.0524881016
1.3850011185	-2.4316103451	106.4947199722
1.7857930849	-1.5212602851	106.5978149183
1.1464859400	-1.6654259312	105.8424986659
0.8221296930	-0.7237004585	105.9316398973
-0.1526921342	-0.5303007024	105.8206491789
-0.8528989733	-0.8834200403	106.4411466533
-0.0026486330	-0.5809212821	106.8719236956
0.5573370727	0.1503909971	106.4825673553
-0.4211284668	0.3515808109	106.4364387652
-0.4530219577	0.3012075618	107.4346598534
-0.6839286933	-0.0037582981	108.3586067695
-0.3233773115	-0.4962090227	109.1507525799
-0.4912962233	-0.1956046025	110.0896030587
-0.0070841900	0.6442724592	110.3348482995
-0.3018234068	0.6424368740	109.3792723345
0.3004375698	0.5017508274	108.5934675545
1.1534811058	-0.0126028898	108.5053938393
1.5976376614	-0.8939660665	108.6664028602
2.2003882851	-1.1405630113	109.4252715132
1.2568830615	-1.0939118668	109.7533287701
1.6409782040	-0.5311187882	110.4852678880
2.3760652792	0.0671986428	110.1664211480
1.8085324073	0.5423657106	110.8388218448
1.0869013189	0.5042902769	110.1475919023
1.0482034922	0.8191669027	109.1992485105
0.4861118030	1.4698956983	109.7097433365
0.7723124069	1.3906139092	110.6646274197
1.5226473321	1.4291336060	110.0046927767
2.1923840542	0.9055754911	109.4780623337
1.7821523363	1.6005336052	108.8875175367
0.8045127478	1.7417759376	108.7317246020
1.1693845007	1.0061030532	108.1610635721
2.0301187954	0.6219626678	108.4950884786
2.4625086951	-0.1318675823	108.9898398594
1.5862967156	-0.0989081028	109.4706373631
0.5923096917	-0.1909831498	109.5298993406
0.2123353589	-1.0131980423	109.9536707142
0.4118114240	-0.3615135512	110.6854607274
0.6489926638	0.4196736040	111.2629481195
