0.5054748791	0.5305453076	140.2405889213
0.5946689631	0.3010187703	139.2713820373
0.1012312705	1.1588594143	139.4150088908
-0.4325315966	0.3775728868	139.7385650122
-0.6721829770	-0.0932802994	140.5876024041
-1.1402734275	-0.4768277994	139.7914977342
-1.5777736619	-1.0501477051	139.0987511496
-2.0360861477	-0.1620713441	139.1343888022
-3.0289171526	-0.2010218721	139.2473908022
-2.5870421762	0.3517585429	139.9539177429
-1.6861447368	0.6310570026	139.6216886441
-1.0248809724	1.0922775944	139.0300757643
-0.3645074531	1.6853512596	138.5694561352
-0.2219766081	2.6679924286	138.4507072775
0.5737376492	2.1352347917	138.1625959778
0.7846570868	1.4669668109	137.4492020496
1.1356450483	0.5330524007	137.5171087889
1.4796160676	0.7150140072	136.5959280728
1.3964503827	-0.0011574466	135.9029764745
0.9994356940	-0.0848976387	134.9889923843
0.3187409176	0.4730377321	134.5142685240
-0.6139080789	0.3289236502	134.8450206678
-0.1337287852	-0.4889459141	134.5279761572
-0.1299684503	-1.1064151758	135.3145621797
0.4233221182	-0.4094402035	135.7707369649
0.0857151920	0.5310895600	135.7329834555
0.9280865109	1.0023819272	135.4716521223
0.6602700512	1.3389585629	136.3744203718
1.4246129599	1.8606268727	136.7534218129
1.9888905502	1.3357423136	137.3906713721
1.6892405427	1.7179462803	138.2648166694
0.9315300901	1.0849068883	138.4233600327
1.2331139117	1.1553338023	139.3741950596
1.0634570537	2.1162249972	139.1553237224
0.1039463971	2.2739454067	139.3886980403
-0.6897309926	1.7825100216	139.7472610937
-0.2491490298	1.2770844514	140.4891724948
0.3079939109	1.4559192878	141.3001039623
0.1540232001	0.4748000401	141.1830653278
0.2503558902	-0.5037775826	141.0011151996
0.1603308251	-0.5379499131	140.0057621268
0.6380375467	-1.1902248957	139.4172609499
0.4579659610	-1.4731302654	140.3593537138
-0.5347192136	-1.4184222577	140.4669788878
-1.2866495380	-1.6852867141	139.8641653602
-0.4821148716	-1.3258726338	139.3913593858
-0.1049967121	-0.5067528503	138.9591271866
-0.6613088690	-1.0567626628	138.3362259182
-0.5682124432	-1.9623996297	137.9225173981
0.0965341924	-1.7770139807	138.6462190434
0.5934423803	-1.0272181343	138.2093112252
1.2814564508	-0.5725812529	138.7749453339
0.6134765570	-0.0353806459	138.2599517714
-0.1724753310	0.5232673083	138.5248896753
-0.9717809373	-0.0110611526	138.7998508429
-1.6451423936	-0.4656947868	138.2168477488
-2.0331922434	-0.7394397117	137.3368017101
-2.5814936510	0.0704918256	137.1285315218
-2.6148253650	1.0626815815	137.0083296701
-2.7685020788	1.2705740571	137.9743339073
-2.6441513439	0.8843008040	138.8882977297
-2.7554760132	0.1445681140	138.2246695467
-2.7054244677	-0.8397661974	138.3937281351
-2.5628840377	-1.5304440450	137.6847525808
-1.6903184826	-1.5733178040	138.1713645338
-1.1235567474	-2.0123029062	138.8685540458
-2.0992393441	-2.1280319177	139.0546998661
-2.9681988148	-1.7823817952	138.7005312182
-2.5810850603	-1.1929800597	139.4095788437
-2.2766461872	-0.6474554067	140.1904244274
-1.7207599020	0.0552295733	140.6345238045
-1.1909370007	0.8953928131	140.5187074683
-1.7577664220	1.5894810772	140.0749216092
-1.9380848831	1.6752432690	139.0950593234
-1.3800597852	1.7436700565	138.2680612794
-1.1930405585	1.7856451991	137.2866022144
-0.2253330698	1.6813980301	137.5161120052
-0.8134719358	0.9858194024	137.9287414358
-1.7331235725	0.7722551805	138.2583338966
-1.5737595584	0.2735144629	137.4063592446
-1.4594486513	-0.2615214199	136.5692991389
-2.1750556099	0.3148003741	136.1746348886
-1.5479900454	0.9634108563	136.6060201227
-1.1755971304	0.5790998354	135.7612547375
-1.5171175453	-0.3427155683	135.5778967062
-0.5659264283	-0.2780471375	135.8796473533
-0.1371841680	-0.9090919828	136.5261475291
0.2894880956	-0.5351751665	137.3496382662
0.5483950479	0.1504793341	136.6693110685
0.0222906085	0.5813261851	137.4025130255
-0.5140389696	0.9741385108	136.6554862118
-0.5918490754	-0.0068503519	136.8332682091
-0.6503913535	-0.1732014619	137.8175954463
-0.9522930911	-0.9837687958	137.3157628667
-1.5719996481	-1.6051123025	136.8362881228
-0.6228088127	-1.9196291530	136.8470542174
0.2699752837	-1.7263220820	137.2539558437
1.2215381694	-1.5240495644	137.4855026059
1.3139254768	-0.5286927649	137.5125105143
1.0341755238	-0.8233001462	136.5987564693
