-0.1158171927	0.7585389895	-209.8794143705
0.0029476573	0.5020885852	-208.9201812911
-0.5645424993	-0.2120957455	-208.5104305571
-0.9477694644	-0.9981471573	-208.0253941964
-0.8936036094	-1.1315861158	-209.0149699159
0.0745809405	-1.3185794038	-209.1812593851
0.5197954736	-0.4244416659	-209.2292356833
-0.3785749698	-0.3852069541	-209.6667184644
-1.2431075235	-0.8138169720	-209.9291625846
-1.5458319916	-1.7014075200	-210.2763526124
-1.8030959666	-1.5605679123	-209.3203298867
-2.6755641373	-1.3111924923	-208.9000785441
-1.8460909946	-0.8297176681	-208.6169596661
-1.4441892717	-0.0789735808	-209.1412289868
-1.5883486616	0.0749726012	-208.1637226474
-2.3458553775	0.4812968920	-207.6527587093
-2.7768045336	1.3458887616	-207.9111454810
-3.2408630432	0.5628554779	-208.3252814204
-3.3114252432	-0.3840781762	-208.0116931066
-3.2594022612	0.0671945980	-207.1208247142
-2.8614600489	0.8206103880	-206.5973682757
-2.3329631637	-0.0283173091	-206.5937895525
-1.5291777290	-0.2475715032	-207.1468325647
-2.3693211121	-0.5516958157	-207.5959066101
-2.9984056604	-1.0577928704	-207.0058910151
-2.2093005540	-1.0762590989	-206.3919104540
-1.2532297944	-0.8172883670	-206.2545683166
-0.6520494812	-0.0523284954	-206.4856930142
-0.1237442212	-0.6771046447	-205.9107597003
0.2049538537	-1.5237107168	-206.3293474860
0.2516777419	-1.2812413553	-207.2983807605
-0.7105256516	-1.3659520037	-207.0395589385
-1.6803874512	-1.3883184097	-207.2821858818
-1.8858523334	-1.8500333612	-208.1450899818
-1.0974576410	-2.2527800877	-207.6800858062
-0.4481608725	-2.9087750657	-208.0649030295
-0.0911634078	-2.3339640160	-207.3285980198
-0.2483809730	-1.8355803627	-208.1811801985
0.4157558212	-2.4061075373	-208.6643168888
-0.2851688609	-2.9658911751	-209.1062975092
-0.9723505957	-2.2614667197	-208.9286251985
-0.5943252494	-1.8899039927	-209.7765862692
0.3366248030	-2.2546372622	-209.7939541152
1.3088173079	-2.2571738222	-210.0281234969
1.2093691685	-1.6335360059	-209.2527616835
1.0225827813	-1.3539471340	-208.3109862813
0.3515040795	-0.6159093014	-208.2406049374
0.5333623076	0.3415880508	-208.0167156669
-0.1075358842	1.1030480041	-207.9196165041
0.0207784635	0.6814683773	-207.0219495021
0.4209105355	0.3245796553	-206.1778376819
1.2017595477	0.5919106122	-206.7424694023
0.8771407717	1.2826379180	-207.3886260701
1.0908531050	1.2114119689	-208.3629226896
1.1791586539	0.4454777943	-208.9997483880
1.4095315165	-0.4456781498	-208.6088910900
1.2622358379	-0.3436944498	-207.6250703197
0.4370292280	-0.2583950479	-207.0667173284
-0.4876264716	-0.2570268220	-207.4475190684
-0.9823716832	0.6113440729	-207.4815655745
-1.6164944763	0.8617805772	-206.7500125411
-1.7792654215	1.4186613923	-207.5644997277
-1.0921559746	1.3318455066	-208.2858481941
-1.0165166377	0.8797537330	-209.1746067209
-1.1808835431	0.3762414886	-210.0228159758
-0.6132549565	-0.0721951134	-210.7132523608
-1.4085442634	0.4014317694	-211.0916602017
-2.0793171100	-0.1249056481	-210.5691348806
-2.3228240046	-0.5405554690	-209.6928132394
-2.5788490988	0.0206120267	-208.9057032135
-2.0686311357	0.8348607629	-208.6287977680
-2.2387159404	1.8151051465	-208.7297537369
-2.8427918573	1.1797048062	-209.2107513398
-2.3419448337	0.5614585689	-209.8164937347
-1.7487226634	1.3619453631	-209.7310048533
-0.8325169557	1.7514446229	-209.8251187626
-1.2825691656	2.1426447481	-209.0223638372
-0.4773149451	2.6768745767	-209.2795877291
-0.2044437778	1.7748031158	-208.9452100901
0.3409412640	1.9563297109	-209.7635029787
0.9175669550	1.2230737652	-210.1238341188
1.0378625491	1.3907381522	-211.1023113149
1.2045513310	0.4094669486	-211.1988601372
0.6016262076	0.3147274240	-211.9910127223
0.3436309419	-0.5796612476	-212.3563992944
1.0701269202	-0.9594274438	-211.7837028392
1.3333364503	-0.7292887402	-210.8468160156
1.3798763179	-0.7832405209	-209.8493576224
0.5478877285	-1.2658658980	-210.1229773080
-0.3435274924	-1.1293725179	-210.5551213363
0.3930475163	-1.4756786148	-211.1360940929
0.3166734421	-0.4789717490	-211.1633415609
0.5466690206	-0.0819180500	-210.2748313505
0.1704861265	0.5945477468	-210.9079825615
-0.6827515714	1.0899675321	-210.7450572189
0.0678882593	1.7488278742	-210.7944828614
0.0541556497	1.3181218344	-211.6968706509
-0.4867534190	0.4770987757	-211.7067496287
-0.6871199616	-0.5024307002	-211.6873781441
-1.3275183258	-0.8721420435	-211.0141742688
