0.6043628646	-1.3269256484	221.7537300593
0.9417352826	-0.3880021761	221.6858878546
1.3647779890	0.3591073020	222.1985888360
0.4899284668	0.0360350045	222.5595079464
-0.2039968499	-0.5355579657	222.1216162575
0.0056341018	-0.6658350129	221.1525534344
0.5137472806	0.0404486705	220.6596190005
-0.4029063480	0.4272512635	220.5589716991
-1.0023505409	-0.0836986714	221.1750859934
-0.2928133043	0.4329754860	221.6542568658
0.6551756384	0.7281893773	221.5352370235
1.0734785110	1.5690404373	221.8787369530
0.0978679600	1.6481128582	222.0835090335
0.2625142294	2.6336087469	222.1246120679
0.6637422933	2.2318497298	222.9477801753
1.5793341384	1.8298164117	222.9555766067
2.1332745539	1.0015796584	222.8708777488
2.0400264882	1.3551909856	223.8016107006
2.1142825556	0.3589372516	223.8459337643
1.3534589426	0.7578812059	224.3577844762
0.7729971276	1.3942160927	223.8497077170
-0.0680592160	1.3473861573	224.3886243933
0.6024682406	1.1204565404	225.0949500115
1.4261914559	1.6701349740	224.9559043925
1.2835107725	2.5849663036	225.3336951561
0.4806459171	2.2247883817	224.8586373821
1.1430621531	2.3512972782	224.1202606291
0.1759995274	2.2585505977	223.8832206932
-0.1016055637	1.5533947209	223.2307709995
0.6665478875	1.1145904800	222.7645188001
1.1926741533	0.4138517604	223.2463449091
1.2332046520	-0.4597442152	223.7313060933
1.9469498799	-0.8574537085	224.3078430900
2.4468596177	-0.8958653073	223.4426177996
2.4059086385	-0.0409083059	222.9255379769
1.5947855165	-0.5290343925	222.6033389630
0.6968113389	-0.9401506918	222.7602649479
0.2109287446	-0.6442721740	223.5826845532
0.6133644721	-0.9884332474	224.4309761545
0.4034737462	-1.8316423640	224.9258946012
0.0240210087	-2.5592848230	224.3544472530
0.3942912744	-2.9789859001	225.1831516250
-0.3774279889	-2.3630676935	225.3415629296
-0.5436946203	-1.3804147064	225.2594135887
-0.4760448686	-1.5206019864	224.2716023529
-0.7555646772	-1.9931867356	223.4358198863
-0.7523332502	-1.0195405088	223.2077791379
-0.6672703238	-0.0320630503	223.0749161724
-0.3563898479	0.7922008582	222.6016907095
-1.2150635771	1.0505390262	223.0443427372
-1.0944028370	1.7577534009	222.3477159978
-0.5330978331	2.4228821881	222.8401998951
-0.9746493184	2.0331570116	223.6483747355
-1.0884669458	1.8851521340	224.6307901791
-1.2942325958	1.0287438670	224.1572657578
-0.6161188669	0.2955514584	224.1063672045
0.1704994815	0.5676391829	223.5521110866
0.5100797867	0.1843837230	224.4110642103
1.3007909276	-0.2660597752	224.8256441744
2.1982106851	-0.1727783349	225.2568475508
1.5441716062	0.5469030901	225.4898529796
0.9696075582	1.0064096988	226.1671489499
0.0462018287	0.6977233473	226.3952598768
-0.6065311387	0.0941637178	226.8531413539
-0.1633544720	-0.5834514050	227.4400248070
0.4942281683	0.1203700434	227.1712861983
1.1842309644	-0.1753948737	226.5106658420
0.8514122275	-1.0838249165	226.7636214617
0.1120461219	-0.5458855981	226.3587028876
-0.8231063805	-0.8954362485	226.4161845364
-0.8945339152	-1.8640259758	226.1779996348
-1.7619023311	-1.5236854715	225.8149013391
-1.5783456516	-1.1868121000	224.8914170257
-1.0086442905	-0.7066160730	224.2244446613
-0.2675329857	-0.4383772766	224.8399135736
-0.6518052112	-0.1730214488	225.7241766234
-1.6225860036	-0.4086856828	225.6789325956
-1.4012970356	0.2734049429	224.9819508376
-1.5914154790	1.2248197883	225.2241589494
-1.0265517955	0.8334647545	225.9506369302
-0.4648863445	1.5471661199	225.5321129976
-0.2838758159	0.6078117937	225.2408251016
0.5119590160	0.1234656312	225.6042198115
0.5540806665	-0.8649629925	225.4584987681
0.1087596526	-1.5537168718	226.0306065273
1.0500918874	-1.8590740704	225.8869033436
1.5489946779	-0.9924472138	225.8942448159
1.9048414667	-1.5782021685	225.1660523990
1.3075433294	-1.7542241696	224.3835875817
2.1556777526	-2.0681476950	223.9568323588
2.2117509482	-1.9648347431	222.9637652761
1.4950737736	-1.3621532336	223.3146909458
1.1637773460	-2.0671134314	222.6875754886
1.2846064408	-2.4608318166	223.5988307564
0.3262383828	-2.6297856916	223.3686454971
0.4225724428	-1.6643929478	223.6110018444
0.0507576540	-1.7609769750	222.6877330381
-0.7690446968	-1.4221232035	222.2261030704
-1.4158172568	-0.6934235840	222.4512299685
-1.2552622250	0.2789589496	222.2818360780
