2.2511659271	0.9776276288	-25.1048278313
1.3824486302	0.5681899875	-25.3835590208
0.5839061443	0.0322357729	-25.1095462875
-0.2379592102	-0.5372265636	-25.1253572440
-0.5048930396	0.2960283799	-25.6095395752
0.3921924081	0.3380276393	-26.0493960993
0.9468535150	0.8197638855	-26.7278364029
1.5584666903	0.3086528501	-27.3317360910
0.8672049693	0.1108693977	-28.0267461189
0.5278014312	-0.1897951078	-27.1354515024
1.2283783183	-0.8618283125	-27.3753752342
1.2754830672	-1.2659772289	-26.4618957347
2.0388266743	-0.6609241078	-26.6882080371
2.2603231765	-0.1252966991	-25.8733199598
2.3451644438	-1.1120330831	-25.7349246281
2.4088949653	-2.1039597484	-25.6252892720
2.1645646060	-1.8384059982	-26.5579113183
2.0967406218	-2.6759394804	-27.1000714177
1.3369899964	-2.0822109754	-27.3651477266
0.7349614473	-1.6046428558	-28.0050620312
-0.2624858145	-1.5407635008	-27.9731498383
-1.0827403179	-0.9730501973	-27.9032631121
-0.3164866363	-0.4196799602	-27.5767103964
-0.2085101278	-0.4625723237	-28.5699381239
-0.3064839679	0.4511887914	-28.1756771048
-0.0132726817	0.7393043861	-27.2640760156
-0.3840480801	1.0778778942	-26.3992676071
0.0028672648	1.8092143879	-26.9609111317
0.7599050297	2.3261754223	-26.5613549886
0.3742460993	1.6183096306	-25.9695837402
0.1946955464	1.0020308764	-25.2027968754
-0.5957603288	1.5316473472	-25.5105076214
-1.1077541326	2.0816231359	-26.1703477359
-0.2174179835	2.5315769918	-26.2399398981
0.5126106991	2.8217477457	-25.6211838427
1.2795530393	3.0805806444	-25.0339828741
1.1651957873	2.1105910595	-25.2485583247
1.0404532039	1.2988518435	-24.6780158344
0.9936818589	2.1253187660	-24.1169767383
0.4421251443	2.8698803591	-24.4930262358
0.0648616883	2.0695049666	-24.9589355786
-0.6502639550	2.7021658661	-25.2561484662
-1.4921642641	2.1745792509	-25.1427631364
-1.3853181371	1.2013296522	-24.9393691255
-1.3989663527	0.8885489697	-25.8890964395
-1.4113784796	1.2953011269	-26.8025506648
-1.9794580623	0.4733153709	-26.7622393188
-1.1629614524	0.3576970431	-27.3278944153
-0.4729731795	0.1005428292	-26.6512941689
0.0637634183	-0.6356284222	-26.2390251872
-0.8886767655	-0.7257177785	-25.9479210749
-1.7096559495	-0.1549312508	-25.9619181895
-1.4477703026	-0.5882805521	-26.8242547196
-0.7015578440	-1.2422672002	-26.9486268657
0.2768235199	-1.4156510871	-27.0613563406
0.1979384763	-2.3657192808	-27.3632629109
-0.2852311576	-2.3506177717	-26.4878664012
0.4698313766	-1.7886775607	-26.1500739078
1.2861751484	-2.3500618489	-26.2858329858
0.8516486700	-3.0570466898	-26.8438286617
0.3854755748	-2.9220937590	-25.9694887096
-0.4217187798	-2.6923368954	-25.4257525074
-0.3727826341	-1.6944538532	-25.4685857638
0.4558032799	-2.1611918712	-25.1593916409
1.3339004158	-2.6307145470	-25.0672294096
2.0931374217	-2.2257855487	-24.5577280109
2.3000562967	-1.2478564383	-24.5287584743
2.0182068197	-0.5570454101	-23.8629199086
1.5298164141	-1.3810940325	-23.5758333717
0.5335168686	-1.3005559459	-23.5458195058
0.1178954613	-1.3342917511	-24.4547313503
-0.5736725764	-2.0541517721	-24.3952738071
-0.7924949494	-1.3047521977	-23.7703601755
-0.2525084064	-0.4974031002	-24.0082718568
-0.5135138522	0.3022875184	-23.4675583727
-1.4116227294	0.3064290154	-23.9073120455
-1.6832179865	-0.6535754028	-23.9753380212
-1.1192167335	-0.9092945727	-24.7605197153
-1.2535126478	0.0725401343	-24.8945540972
-0.4546623907	0.5255446848	-24.4987951503
0.0934287869	1.2337645486	-24.0537999980
-0.7285239568	1.7176608324	-24.3541965255
-0.1738296624	2.2234576049	-23.6935272704
0.4800625885	1.6754944152	-23.1718364932
1.1144161579	1.0479612761	-23.6232760886
1.9559063140	1.2769606461	-24.1126160580
2.4653253013	0.4175195080	-24.0695669514
2.4732596851	-0.1929004906	-24.8616051266
1.5919325061	-0.5979924867	-25.1048393311
1.1760832483	-0.3113586907	-25.9679212865
0.6802312205	-1.0202449546	-25.4663128421
1.4355892299	-1.6719962192	-25.5345372272
1.1804139269	-1.5704599179	-24.5729885055
0.9120180388	-0.6450715036	-24.3053695042
1.4012966488	0.2268581626	-24.3239463459
1.1666463859	-0.1572567950	-23.4309766076
0.4234151772	0.2762885710	-23.9405311052
0.4599907540	0.5431897181	-22.9775015082
0.2280017776	-0.4288667666	-22.9416224693
-0.2732250412	-1.2762888038	-22.7665580043
