-0.4183412946	-0.6291866825	-193.2724278745
-0.2156054118	-1.5816629864	-193.0450800083
-0.8859132731	-1.8055616771	-193.7525803598
-0.5324423382	-2.5959776504	-194.2528811566
-0.9966291773	-1.9932123914	-194.9018839463
-1.3556259354	-1.7278021889	-195.7966904908
-0.5785193592	-1.9141462161	-196.3978404493
-0.9717855169	-0.9990892658	-196.4873530567
-0.4341951138	-1.2294122861	-195.6762132014
0.0531401717	-0.5297363104	-195.1537595206
-0.7548762713	-0.9019933948	-194.6971041901
-1.4193661695	-0.8319741281	-193.9530944606
-1.9474423945	-1.6541354617	-194.1656650186
-1.7502163343	-1.1670761334	-195.0164735116
-1.2509109912	-0.5266469588	-195.6000355449
-0.5493266828	0.0965998045	-195.9454960061
0.0364270299	-0.5674620139	-196.4101620037
-0.6486045881	-0.1727435993	-197.0224765108
-1.1546295799	0.5886234316	-196.6171877841
-0.5259179222	0.9120641217	-197.3243707671
0.2229038791	0.5506256996	-196.7688276302
-0.3802093935	1.0955034993	-196.1862792942
-0.2142064918	1.6083118800	-195.3439785158
-1.1407850174	1.2694077441	-195.5070619990
-1.0939617466	0.3757885643	-195.0606850922
-0.1153104119	0.5632877491	-195.1448612216
0.5681744155	0.1870099138	-195.7703717981
1.2261758214	0.7297566222	-195.2483946335
1.7311824675	1.4656728332	-194.7974006005
1.0425403330	1.9852341857	-195.3031950366
0.6017102529	1.3613921472	-194.6578347098
0.0083417278	1.9753014835	-194.1372301378
-0.5942946301	1.8206065136	-193.3543515480
-0.7869875300	1.0915162114	-194.0110834397
-1.3396021972	0.3069314182	-193.7299362685
-1.1252451225	0.1460504250	-192.7665213264
-0.5250317239	0.4330015115	-192.0199270925
-0.2210228998	1.2999256159	-192.4149223229
0.4447596097	1.9853666327	-192.7097176119
0.7438574417	1.2995113834	-192.0462848242
0.4319819247	0.5104297378	-192.5755142815
0.5240561045	-0.1274892395	-193.3400937240
-0.2752757237	0.4732884766	-193.3517025186
0.4134658728	1.1955980076	-193.4141841533
1.2739046554	1.1307273071	-192.9087765023
1.4689829514	0.1562062093	-193.0194701707
1.3443764905	0.4255449737	-192.0645199835
0.5430092028	-0.0379549501	-191.6863952809
-0.2228579670	-0.6788286212	-191.7386295226
0.3344218892	-0.8521225923	-192.5506691530
1.2286000622	-0.9355387517	-192.9905408834
1.3180343067	-0.4707558396	-193.8714372227
1.9354858686	-0.7323547830	-194.6132724884
1.9265108489	-1.2801524880	-195.4498351719
1.5146416523	-1.9929651284	-196.0175163365
2.4587409980	-2.1920799712	-195.7547812898
2.7497667438	-1.7487392779	-194.9069882460
2.6663331505	-1.1859553451	-194.0846056827
2.4608075668	-0.2396152830	-193.8352069631
2.8348740042	-0.1951890492	-194.7615441642
2.8390310197	-0.2589902492	-195.7594981341
2.6452867248	-1.1356035850	-196.1999663029
2.3182563478	-1.8090331356	-196.8629472777
1.6509257318	-1.0931834660	-196.6574500770
1.0701080665	-0.2800850038	-196.6964594410
1.8720317573	0.0639745872	-197.1848664352
1.1274599532	0.0085233697	-197.8501017251
0.2504897455	0.4890453964	-197.8547747030
0.0920762251	-0.4812993669	-197.6721926753
-0.1869062105	-1.3554151769	-197.2745869015
0.7974360710	-1.2221820535	-197.3899957738
0.5505609340	-1.6720859090	-196.5317189026
0.6278207302	-2.5745524785	-196.1079441807
1.2066891548	-2.8758858541	-195.3502440132
1.7609781739	-2.1897679990	-194.8790689162
1.8174763705	-1.6810619107	-194.0199844794
1.2232605593	-2.4178479244	-193.6974105502
0.2332527163	-2.3548145783	-193.5712706753
0.6626445124	-1.4695831099	-193.7501223814
1.0053766140	-1.2350082609	-194.6597977888
1.0350733954	-0.2583927915	-194.8727304687
1.6776004203	-0.2306336014	-195.6384905157
0.8873441293	-0.8202893214	-195.8052272129
0.5341285929	-1.6984803328	-195.4827069309
-0.2397696443	-2.3313132741	-195.5072830755
0.1550791570	-3.0666844976	-194.9565348684
0.6580604763	-2.3032254476	-194.5513928298
-0.0133604314	-1.5621505483	-194.5527922475
0.1952349461	-0.6560519099	-194.1847253706
-0.5366471938	0.0212377139	-194.2597406935
0.4072026004	0.3515868394	-194.2556150165
1.2669429722	0.7931919503	-193.9990386748
1.9047466654	0.3331525388	-194.6167523534
2.2365451064	0.7176306420	-195.4781967118
1.8257743627	1.5161017003	-195.9183232450
1.5283279975	0.6434313741	-196.3055856385
0.7567655750	1.2353293891	-196.0724587031
0.3189916279	2.1333396678	-196.1164076572
0.3443203080	1.6733451804	-197.0039680943
0.9986424260	0.9973135532	-197.3428542182
