-1.1047378324	-1.8798716135	-243.6351410326
-0.2430602294	-1.4034854959	-243.4603040359
0.2609346936	-0.5668763031	-243.6749529962
0.3645985987	0.4198762291	-243.7997457645
0.5719983720	-0.1386652124	-244.6028751390
1.3196260530	-0.3380921127	-243.9694070956
1.9790424267	-0.9826044669	-243.5824008018
1.9349482238	-0.1184173159	-243.0811660572
1.8738799127	0.3364540650	-242.1927052036
2.1373509301	-0.6261603834	-242.1298049106
1.7652457924	-1.4831195064	-241.7732115455
1.1144389840	-1.8614006262	-241.1149153413
0.9257649032	-1.0119832747	-240.6220743383
0.0416628143	-1.4702421589	-240.5306287722
-0.1148573873	-1.2241855062	-239.5740946379
-0.1932572607	-0.4635728566	-238.9296399404
-0.0918476251	0.5136245697	-239.1161909409
-0.2692500757	0.4781939196	-240.0996913423
-0.6282274985	0.4466867309	-241.0325056362
-1.0129386230	1.0901955476	-241.6942410468
-1.8333292324	0.8661042627	-242.2203041076
-1.3555566959	1.6809160633	-242.5486562553
-0.9465113472	0.8302109651	-242.8787815931
-0.5661763394	-0.0247712026	-243.2314156452
-1.1194635395	-0.8210378350	-243.4760229310
-2.0872742463	-0.6246093306	-243.3186752954
-2.9840371899	-1.0535272718	-243.2098376973
-3.0602965234	-0.9057121839	-242.2237671046
-2.6950405597	-1.6436958908	-241.6563447492
-2.0459831894	-1.2511787725	-241.0046892866
-1.6954717234	-1.8030882280	-241.7613514736
-1.1634565587	-1.2339434682	-242.3882757966
-2.0906757779	-1.4945303209	-242.6572721006
-2.1135413816	-1.6284989134	-243.6479938478
-1.5632209749	-1.2570766483	-244.3957858984
-0.5997524491	-0.9989998325	-244.4673733068
-0.5072022074	-0.0122962012	-244.3337679300
-0.9501613993	0.7745493608	-243.9040456757
-1.6158824686	0.0380869456	-244.0242062721
-2.0743674842	0.5020207865	-243.2662109675
-2.5855418591	-0.0157155874	-242.5801717518
-2.0486777949	-0.6867039823	-242.0687506431
-1.4240861864	-0.0552732896	-242.5282945506
-0.5593299470	0.1677130691	-242.0783237402
-0.0141432988	-0.5861619536	-242.4449897583
0.4286926577	-1.4827277701	-242.4531170188
-0.4185489619	-1.9904886171	-242.6091957178
-1.3463228598	-2.3619145286	-242.5734411845
-2.2909345998	-2.6544576244	-242.4246890492
-2.8619467007	-2.1757320702	-243.0915976069
-2.2452660747	-2.6988584435	-243.6798524864
-1.3462802367	-3.1263334915	-243.5845133742
-0.4959245109	-2.6478681292	-243.3655018751
-0.2585261537	-3.0775739754	-242.4942987381
-0.0940209421	-4.0329840265	-242.7395122566
0.6443336109	-3.4140486185	-243.0073769889
1.2886927778	-2.9272004987	-243.5971058861
1.6757893397	-2.0205118907	-243.7646529543
2.2472383620	-1.9280961990	-242.9492356655
1.2852573953	-2.0582870679	-242.7091461875
0.4249036117	-2.2250085480	-243.1908051074
0.3106533002	-2.8835758820	-243.9346034221
0.2579855449	-1.9783279373	-244.3562101894
0.8377097404	-1.1829096688	-244.5329292752
0.9937711853	-1.2975341164	-243.5518553424
1.2894702895	-0.9708046008	-242.6541862144
0.8989293543	-0.7420154922	-241.7624837294
0.4733662155	0.1540806411	-241.8886095980
0.1417724992	1.0288085910	-241.5352024377
-0.2946407848	1.5740953652	-242.2508879688
-0.2159474139	1.5243781829	-243.2465463214
0.1256616685	0.6710222010	-242.8527357032
0.8165886302	-0.0515823617	-242.8742433682
1.2483634736	0.7767889716	-243.2311346946
1.0310625616	1.0222260398	-242.2863908355
1.2757670394	0.7543648308	-241.3545270626
1.4708559065	-0.1557072915	-240.9888645596
0.5196459747	0.1259416317	-240.8628742837
-0.0619602045	-0.5364356461	-241.3350930828
-0.0623434512	-1.5115621823	-241.5567416594
0.2831372239	-2.4244744258	-241.7740762835
-0.1346071194	-2.4551405548	-240.8660293397
-0.8146715008	-2.4217955179	-241.5984230491
-0.5252137263	-3.3559817639	-241.3898319309
-1.2878908407	-3.4319822289	-242.0321305752
-1.7579489682	-2.8702849314	-241.3512917524
-1.1373282457	-2.7309819288	-240.5796541481
-1.8188049491	-2.0482192168	-240.3161686989
-1.5093787081	-1.1664602934	-239.9601397642
-1.9312611287	-0.9795769966	-239.0729589165
-0.9758947900	-1.1962637006	-238.8721554529
-1.3165130883	-2.0903712849	-239.1629316599
-0.7911453295	-1.9153645231	-239.9956148838
-1.0022764210	-1.5671934442	-240.9089606902
-1.0573411355	-0.7373574931	-241.4642445559
-1.5609008639	0.1265910121	-241.4597080115
-1.3734129774	-0.2471423034	-240.5513183918
-0.9993404349	-0.3547733111	-239.6301857742
-0.2621643860	-0.4835538849	-240.2935009608
0.5238380642	-0.1192597464	-239.7940112922
