-1.4765467895	0.6018164400	149.0191963670
-0.6579121159	0.2803696801	149.4951262481
0.1019684027	0.5423898713	148.9002085924
-0.6206693449	0.0714585023	148.3942260517
-1.4822314833	0.3035888893	147.9427549396
-1.8370736507	1.2141132694	147.7305465762
-2.3506928511	1.0600030668	146.8864817905
-2.6665971712	0.4734768257	147.6322642178
-2.3510289205	0.0675407666	148.4899544854
-2.4714144415	-0.4724681064	147.6569492372
-2.4743645634	-1.1590117159	146.9298665947
-2.4291115111	-1.3949333151	145.9591487365
-3.0424829402	-0.6254653298	146.1371782555
-2.3839289650	-0.0796921584	146.6552885788
-1.4990870841	0.3255250464	146.8851882588
-1.3526407051	1.2387554726	146.5049729949
-0.8377777668	1.0098796123	147.3311279413
-0.6278958328	1.1366574847	148.3006004498
0.1697139647	1.4803513783	147.8049260422
0.1334726133	0.5319193292	147.4900241325
0.7316111050	0.4504878051	146.6927793448
0.3312128783	0.8670729300	145.8766065115
-0.0429001698	1.3815411497	146.6482034776
-0.6725717846	1.9630233091	146.1330412159
-0.9673085776	1.2154765378	145.5378067684
-1.5005492458	0.3870678187	145.7092517568
-1.7594096619	-0.5567740089	145.9145658804
-0.8619194584	-0.5111058755	146.3532294828
-0.3766439107	0.3373600001	146.5644480919
-0.6496102076	-0.1877594054	147.3705119918
0.1916175090	-0.5094808519	146.9359648255
-0.1104005711	-1.3350338932	146.4592602469
0.7943828774	-1.0728248953	146.1236811163
0.0405185611	-0.5165727414	145.7740067908
-0.4702162811	0.2942747372	145.4882161549
-0.9634146582	-0.5382783160	145.2360043897
-0.3427932646	-0.4336163456	144.4589104714
-0.1085455400	0.5383215621	144.4373534039
-1.0699978805	0.3242868943	144.6099759923
-1.9991244374	-0.0189013072	144.4723326140
-2.5944578984	-0.1091224125	145.2707298975
-3.2664052260	0.0599028029	144.5496770108
-3.6814408562	-0.5792975551	145.1971091138
-3.5304459923	-1.4978821902	145.5623526206
-4.1083136502	-1.7523275570	144.7869001557
-3.9147695549	-0.9458951272	144.2281449148
-3.3110667235	-1.1375217687	143.4543089363
-2.5222368210	-0.5568027903	143.6555869851
-2.8308711065	-0.8984489348	144.5432934623
-1.9234909174	-1.0056700829	144.9496982085
-1.5467423343	-0.9367416110	144.0259507480
-2.2606960377	-1.6343255606	143.9655624821
-1.3380691687	-2.0194158372	143.9871295743
-0.8194514041	-1.4686656284	144.6411248509
-0.1076443089	-1.6638081993	145.3158470427
-0.9882997967	-1.5078258512	145.7631896619
-0.5822856335	-2.2374688307	146.3134383527
0.3061319213	-2.2204052376	146.7721573103
-0.2964907908	-2.5959348226	147.4763045944
-0.6877252009	-1.6863039887	147.3366357636
-0.2061143865	-1.0051851182	147.8881138753
0.4267806708	-0.2817997532	148.1640802867
1.1085866821	-0.5323865818	147.4768053750
0.6176963821	-1.3951057624	147.3553873831
0.7980425771	-2.3107736391	147.7145914888
0.2757473727	-2.8825326627	148.3472836243
-0.0051140782	-1.9241104619	148.2968482148
0.7382577520	-1.2990048790	148.5348426101
0.9907856136	-0.4780987321	149.0470366916
0.0040522936	-0.5248726960	149.2025022872
-0.7141333871	-1.1598290837	148.9178275363
-1.3939178524	-0.4529317635	149.1132482601
-1.2544561066	-0.7120145464	148.1575147548
-1.5699868416	-0.6396336759	147.2113639398
-1.7560733188	-1.5188306070	147.6499806053
-1.4859388255	-1.5331279353	146.6872641663
-1.6390601830	-2.3452248724	146.1241900908
-2.2548721811	-2.2017431207	146.8989084717
-3.0036375321	-2.3940479985	147.5332343211
-2.2641408080	-3.0671783573	147.5395679645
-1.4660214059	-3.6417683250	147.7208185895
-1.5545517572	-3.8972467775	146.7580656943
-2.1725639959	-3.2238991561	146.3522777528
-2.2553658901	-2.9730655392	145.3877953305
-2.8735207401	-2.4592719432	145.9826908862
-3.2562935843	-1.7757618310	146.6042203516
-3.6111250881	-1.0124430686	147.1440713225
-2.9982417570	-1.3842627207	147.8412973754
-2.3243281404	-1.0452484608	148.4977345535
-2.3905111562	-2.0346918292	148.3688096561
-1.4515883116	-1.8475134984	148.6575797453
-1.4354890401	-2.5129253917	147.9112769745
-1.2459352508	-2.8462747666	146.9877253759
-1.0865037381	-3.2494360062	146.0865913084
-0.9542165761	-2.6576886499	145.2913962549
-1.7129703797	-2.0452555115	145.0695442399
-2.6881736141	-1.8266027101	145.0353447649
-3.2533283107	-2.0299210562	144.2358062612
-3.2014190675	-2.7891195012	144.8845921670
-2.3443662998	-2.6420657682	144.3907948877
