-2.1729948394	-0.1602610271	-156.8585255392
-1.4126341087	0.2904058956	-156.3908174208
-1.3092774663	0.5257535395	-155.4244174566
-0.9179089880	1.4365593200	-155.2930266487
-0.1196752762	1.5769562096	-154.7072693144
-0.1929841062	0.5931113975	-154.8705947596
0.7178751186	0.9515141028	-154.6659414591
0.8860235460	1.8867627217	-154.3544352358
0.9347449476	2.2293660611	-155.2926511901
1.5134231935	1.4138397778	-155.2856964074
1.7300899750	0.4940115854	-154.9586312729
1.5401579138	0.5067896886	-155.9403453515
1.2358809652	0.6097366029	-156.8873498242
1.3514174159	-0.3830187731	-156.9203360646
0.5248953447	-0.0738494816	-157.3907354853
-0.2948246334	-0.4061932499	-157.8572189011
0.4521218302	-1.0357784327	-158.0709792297
0.5226950628	-1.1946385204	-157.0862036759
0.2235030306	-1.9309398032	-156.4792897208
-0.1967919054	-1.5120348122	-155.6743855182
0.0462064566	-0.5706610898	-155.4403613511
0.7572633467	-0.9294900516	-156.0450429823
1.4295131136	-0.4979869888	-155.4434739025
0.7778656864	-0.0470183761	-154.8335698601
0.7385987655	-1.0428248619	-154.7509408595
-0.0176966873	-0.5522193820	-154.3181320666
-0.8518517347	-0.2282978832	-154.7645177961
-1.0573624515	-0.4965005754	-155.7057046326
-1.0772948538	-1.1794149027	-156.4359311187
-0.5916616167	-1.2292534095	-157.3086719062
-1.2488912974	-0.4757691549	-157.2910473574
-1.1968841041	0.4865032023	-157.5581188133
-0.6933213417	1.3238793395	-157.3454553486
0.0028962506	1.9050412664	-157.7668006687
-0.8978594918	2.3370399937	-157.7218986407
-1.7877199991	1.9452658050	-157.4881011583
-2.1813210793	2.3339664226	-156.6550405245
-1.2000491397	2.1821164381	-156.5365206409
-0.2302137273	2.0848643932	-156.7600409143
0.6520802265	2.4667793247	-157.0351742710
0.5535360308	3.0254775166	-157.8586700949
-0.2744078593	2.7813953956	-158.3635788322
-0.6158656259	1.8899998744	-158.6616067140
-1.3436870386	1.3556854333	-158.2317415383
-2.3293591950	1.1905792470	-158.2662429491
-2.2671427695	2.0693622963	-158.7393914128
-1.4525384025	1.9233368842	-159.3007258089
-0.5608570289	1.9489259922	-159.7526655456
0.4077874805	1.7119437015	-159.6780518192
0.3992951812	0.9603039475	-160.3375710085
-0.3172931217	0.4607551013	-160.8243483235
-0.9790264795	0.9461080762	-160.2529102666
-1.7685018544	0.6427112547	-159.7193570816
-1.7964987264	0.4488221890	-158.7387331959
-2.0744412094	0.0264981377	-157.8759525912
-2.0244335512	-0.9475879246	-158.0965326843
-1.2545042765	-0.4726236781	-158.5226991735
-0.8741256142	-1.3845896792	-158.3689783677
-0.0834776547	-1.6539827303	-158.9187994187
0.6215150570	-1.0893831062	-159.3479993033
1.0880074124	-0.9844051954	-160.2262729056
0.8846641567	-0.0703255661	-159.8754026280
1.4800630747	-0.4602016804	-159.1729093939
1.3877137683	-0.4653502076	-158.1771960324
1.9662188619	0.1798035920	-157.6780883971
2.0330844133	0.6380347929	-158.5644027683
2.1432034594	0.3310518697	-159.5097256130
2.4131866770	1.2681364530	-159.2884078642
1.5859838751	1.6784718146	-159.6722833851
1.4244847618	0.8548878357	-160.2159997321
1.7179392613	-0.0781245424	-160.4242600476
1.0624870743	0.2473215687	-161.1057783962
0.3357296655	-0.4112241667	-160.9104807180
-0.0448156882	-0.5339244104	-159.9938947242
-0.8569424804	-0.0381798595	-159.6861815239
-0.2939658468	-0.4597351895	-158.9753029029
0.4936529498	0.0192283028	-158.5876811745
1.1115539211	0.6908322065	-158.1788455277
1.4412306222	1.5547832421	-158.5595053245
0.6961740311	2.2188787304	-158.6216974334
0.2385195693	1.3333480327	-158.7016210022
0.9389017775	0.8391063605	-159.2165869543
0.0001133287	0.5601780379	-159.4187632119
-0.8607066444	1.0098747368	-159.1805157502
-0.5431734042	0.4267049953	-158.4327954188
0.1281522774	0.7844755430	-157.7837021556
0.2725905667	1.1699248208	-156.8723479793
0.9100592958	1.5585334992	-157.5376425866
1.8555877660	1.2357834311	-157.5801667650
1.9082385216	1.4408557906	-156.6028371249
0.9934908974	1.7135617095	-156.3047293160
0.1082730672	1.7358622748	-155.8400874347
0.5880664400	0.8698084673	-155.6995558660
0.5459795104	0.0149008649	-156.2166261530
-0.1473330676	-0.5717429127	-156.6351554201
-0.4239200728	0.3421567934	-156.9322866297
-0.4273386190	0.3397700648	-155.9322953212
-0.7417559016	1.2198426910	-156.2881238545
-1.7272045301	1.3305820574	-156.1591750528
-2.0687314135	0.9054470866	-156.9973991543
