3.2751024750	0.7462637609	-32.6404701685
3.1802825026	1.1845147329	-31.7466327904
2.6826983860	0.4040000448	-31.3682059566
1.9951945986	0.4535558143	-30.6437180215
1.7825164172	-0.2306065559	-31.3413496166
0.8388896969	-0.5613585007	-31.3544554864
1.0497293234	-0.2778946708	-30.4189369623
0.9457081302	0.6892570614	-30.1869949042
1.5751768274	1.4188368583	-30.4543569793
2.0535657760	1.3240690132	-31.3273764920
1.2462397787	0.7351275093	-31.3644256368
0.3979603300	0.3455270559	-31.0057705607
-0.4210814183	0.3454082978	-31.5795044716
0.4496479566	0.2752429883	-32.0662355935
0.9529398641	1.0318217848	-32.4837110786
0.1246784622	1.0724137214	-33.0425807815
-0.4339419903	0.2980317294	-32.7454684786
-0.5286241682	1.1590155456	-32.2457263916
0.1880968381	1.2459764573	-31.5538096343
1.0759168477	1.7059251172	-31.5687381625
1.0129466088	2.2856695922	-30.7563767326
1.8661385768	2.3586679125	-31.2728403914
2.8041281768	2.0136910944	-31.2386862505
2.6986405768	1.3115470728	-30.5345086173
2.2833551857	2.2004137272	-30.3409779620
1.9420050576	3.1301579468	-30.4790206226
2.5637530992	3.8881996830	-30.6760031066
1.9885965798	4.6061427917	-31.0681161907
1.5698526834	4.2063098191	-30.2527713905
1.3552778534	3.7357483543	-31.1086507922
2.2036898283	3.4571439439	-31.5587360100
2.5003842700	2.6862205598	-32.1223400768
3.2852599124	2.9278325755	-31.5517317524
3.5258868320	2.1266808672	-32.0996867011
3.7317277550	2.2684909296	-33.0679425663
3.3276783244	3.1035322187	-32.6945123813
2.6741835068	2.5209679731	-33.1777963797
2.7131380473	2.5239182571	-34.1770330081
1.8487061630	2.2237735892	-33.7737084542
0.9365052747	2.6331664272	-33.7567660989
0.9575029703	1.8478842276	-33.1379842603
0.2875666600	1.9012916782	-32.3974891662
0.2023758668	2.2955441632	-31.4824440816
1.0121000746	2.8237841164	-31.7380008444
0.6063023525	2.9717355734	-32.6399091408
1.2865327559	3.6117411628	-32.2825865360
1.9513610530	4.3406618625	-32.1192526786
2.2292969870	3.5544440277	-32.6711703653
1.6356559743	2.7720067820	-32.8592722118
1.7283425114	1.9074138790	-32.3654217103
2.6744790426	1.6405561752	-32.5487591869
3.0790366264	1.4959573671	-33.4517676841
2.8234716743	0.5392163294	-33.5908113532
2.0438541463	0.2366494332	-33.0424959483
1.4141295137	-0.1330945880	-32.3593149723
1.9752274953	0.6587870560	-32.1182910794
2.6097093876	-0.1107084753	-32.1911564042
2.1463038635	-0.7896786917	-32.7605901278
2.4645366770	-0.5880932189	-33.6869222354
1.9609334541	0.1644386248	-34.1112801247
1.3524710594	-0.4125050236	-33.5663860607
0.5812496609	0.0131771868	-33.0930867789
1.0986573967	0.7448993796	-33.5367892326
1.8824564389	1.2122545336	-33.1278415324
2.1944353873	1.2535986153	-34.0770305561
1.2297829621	1.4836883229	-34.2055001054
0.3102193712	1.8680420446	-34.1237993167
-0.0155631070	2.4045606963	-33.3453306190
-0.6915773558	2.4269940617	-32.6087836216
-0.6783705751	3.3989615066	-32.8435278803
-0.1720407409	3.2180582713	-32.0003765781
0.4647997966	3.9044860642	-31.6493053388
0.6268771670	4.3741190705	-30.7814483429
1.0613137417	4.8771739472	-31.5285766140
0.9620036307	4.5814359432	-32.4786695225
0.1867151710	4.0060716249	-32.7392145388
0.6249578182	4.4026244945	-33.5458676265
1.1621759905	3.5822273415	-33.3500484579
0.2179030745	3.3809962469	-33.6105378178
0.2062504395	2.8903543288	-34.4818211955
0.7924265662	3.2537442375	-35.2059381217
0.7939904838	3.7933918975	-34.3640486056
1.6926283492	4.1437559269	-34.1000504354
1.8529859292	4.4189202462	-33.1521210900
2.4393557377	5.1110137621	-32.7311970911
2.1890443918	5.3685768122	-31.7979203340
2.9334385583	4.7027461750	-31.8483870296
3.0877002330	4.1781081832	-32.6856195620
2.7932973994	4.0020975491	-33.6249529577
2.1423512974	3.2514824078	-33.7382935154
1.6353576969	2.9939973798	-34.5608863365
1.0506239370	2.2545100890	-34.8944204078
1.9998230559	1.9481351589	-34.8226190509
1.4009455976	1.3134902753	-35.3110570322
0.6951265077	1.7923582016	-35.8330770716
0.3037343717	1.3694156983	-35.0158061037
0.3748693435	0.4229500831	-35.3306753703
1.0512079878	0.4548047604	-34.5947736664
0.4805166716	-0.2789771579	-34.2261607015
0.0744910656	0.6154138825	-34.0385230880
