-0.1136613165	-0.5890439615	132.8630773841
-1.0959956921	-0.4393418801	132.9753647890
-1.2439488956	-0.5185303891	131.9895458251
-0.5645862800	0.1533723992	132.2845256202
-0.2659871619	-0.4896112240	131.5792521790
-0.1794969066	-1.3567531186	131.0887581724
-0.6149555575	-1.4913679744	131.9788450243
0.3357880538	-1.2348449517	132.1528637717
1.1815693506	-0.9124922960	131.7277252492
0.7874721115	-0.4192002254	130.9522574554
0.0107024761	-0.6549104173	130.3682457783
-0.5176857929	-0.0688335040	129.7539822446
-0.4450992108	-0.2675371555	128.7766143266
0.0204978174	0.6098693096	128.8922746153
0.8988744227	0.7508176929	129.3489890693
1.6107905148	0.1956741799	128.9188830850
1.0023341686	0.7024075499	128.3081440520
0.4326870454	0.4589211722	127.5231494413
-0.5015666313	0.3779805302	127.8704514425
-0.5483668111	1.1689397293	127.2603749814
-0.4284303267	1.3755144242	128.2314270578
-0.1843775210	2.3447165582	128.2643732504
-0.3540924842	1.9451236958	129.1652186175
-0.9421534370	1.1372048327	129.1271210257
-0.2453608402	1.0001445945	129.8311768247
-0.4817200964	1.8121241090	130.3648654699
-1.3289578029	1.9596642404	129.8545516663
-1.9595038829	1.9118305025	129.0798752341
-1.3212944891	2.5455058775	128.6426747206
-1.2964596762	2.2628920669	127.6837624900
-1.6704689132	1.4841056575	128.1873583789
-2.2237813707	0.7822998214	128.6360385464
-1.4179934792	0.2521208456	128.3721898635
-1.4863303437	-0.6323851710	128.8336865370
-1.0008959774	-0.6175556610	127.9595392030
-0.0290314027	-0.5336532448	127.7394491465
0.5694600063	-0.2395766601	128.4846518007
0.5158743539	-0.2414611954	129.4832132792
1.3778425151	-0.2597674526	129.9898450685
1.6658063230	-1.0293022167	130.5598390091
0.7798643507	-1.4892200541	130.6196922007
0.7875026275	-1.2735884822	129.6432472806
-0.1527946189	-1.0511113505	129.3856720211
-0.7065167786	-1.4308471168	130.1267472653
-1.1509098550	-0.9374767952	130.8744775104
-2.0487526940	-0.9601969434	131.3142070084
-2.3105475681	0.0023121914	131.3851972146
-2.9882479299	0.7330469181	131.4673493824
-2.0453783523	1.0349561713	131.6082314694
-1.2480701793	0.4411077310	131.5003254584
-1.0957286464	1.1700454508	132.1677397661
-0.4045050397	1.2744687097	131.4526833287
0.0432148659	1.0806629791	132.3256015522
0.0290448171	2.0780170775	132.2542992931
-0.8803994058	2.3077433805	131.9076914007
-0.1515342751	2.4390429842	131.2357419716
-1.0341772797	2.7411080014	130.8756058142
-1.4923896800	3.2891923915	130.1758595048
-0.5953505181	2.9249145752	129.9256147956
0.2460999636	2.4641663336	130.2078773414
0.5402339491	1.6291921670	129.7427931127
0.5945152081	1.7737083535	128.7547806549
0.5009025430	2.7268657512	129.0424047917
1.2328229965	2.4544342182	129.6669634434
1.5604525103	1.6315894633	129.2026516829
1.6454622156	1.1073387761	130.0499618781
1.2346712399	0.6976120651	130.8644401139
1.5332320193	0.2649778070	131.7151392733
1.0832502875	0.9546165236	132.2825147061
0.7657476213	1.6232955321	131.6101603051
1.1408542549	1.9012808911	130.7258418367
0.3604385405	1.2793397948	130.6614944569
0.4175768904	0.3601063695	130.2719496984
-0.4569624124	0.3038239689	130.7536272869
0.2796462669	0.4609269194	131.4114466516
0.5794889137	-0.0139125105	132.2388654712
1.2603537239	0.1903867166	132.9422038933
0.3215483422	0.4341219248	133.1855916570
-0.6755436075	0.4955772802	133.2306569782
-1.6025414246	0.8705152258	133.2404846966
-1.7684713818	0.3057157064	132.4321105553
-2.6482667055	0.7288733392	132.6486695685
-2.7288442336	-0.2209399732	132.3464082022
-1.9979406163	-0.8367125185	132.6406939045
-1.7146941147	-1.6283634339	132.0993435120
-1.4524764053	-1.9570720240	131.1920439276
-1.9483602776	-1.5085324469	130.4484637820
-1.5458959291	-0.7912945024	129.8796121500
-1.4920307796	0.0458863862	130.4238792770
-1.1865793359	0.9945604570	130.3419224415
-1.3580316835	1.6523637122	131.0753384012
-2.2235315508	1.5371849723	130.5878511321
-2.0411285745	2.4609324222	130.9246296989
-2.3756019839	2.4322350446	129.9826615472
-2.8293939863	1.6361338416	129.5822921014
-2.0631074865	0.9981102279	129.6579946012
-1.4767194981	0.2344388605	129.3878924546
-2.3556778312	-0.2423295398	129.3990343140
-2.4647353360	-0.4490973335	130.3713272432
-2.3969854115	0.5335325095	130.5440945414
