2.2664629676	2.3996985367	-143.3775533366
2.6215477747	1.5439047149	-143.0013463266
2.6465571072	1.1470385894	-143.9188820544
2.3026964871	0.3384190452	-143.4414992869
2.4523154010	-0.1374223938	-144.3082109492
2.2763153339	-1.0552962562	-144.6639236833
1.5423554525	-1.5596222892	-144.2089971564
0.7130587264	-2.0697508833	-144.4371106318
-0.1770515521	-1.6531516088	-144.6219043997
-0.7497521248	-1.1129012733	-145.2384622874
-1.2866711901	-0.4623104155	-145.7755371919
-2.0409639277	0.1579186074	-145.5602271243
-1.4546759351	0.4660343218	-146.3094474499
-1.1575883048	0.7779344697	-145.4069746039
-1.9664964167	0.9121952385	-144.8345746454
-1.4723533634	0.0736501607	-144.6050865294
-1.7270914785	-0.8606594600	-144.8544337277
-1.1464500466	-1.1238049656	-144.0839728458
-0.6116666196	-0.8942332269	-143.2707671504
-0.2725900372	-0.6024929523	-144.1651466467
0.6220133616	-1.0338363492	-144.2818840988
1.3945152940	-0.4159111656	-144.1355651600
1.5301627330	0.5504561253	-144.3540463524
2.0905313811	0.9745020234	-145.0655040493
1.6002144661	0.1425621220	-145.3252449266
1.4477057715	-0.8457115586	-145.3177462504
0.6102456201	-1.3905015968	-145.3609238967
-0.1031683675	-1.7935472846	-145.9341556612
0.6951470263	-1.4123074850	-146.4003624255
-0.0326566435	-1.5272433140	-147.0764479034
-0.7570066565	-1.0817150329	-146.5503095096
-0.1856622896	-0.5681787512	-145.9101172715
-0.6218798406	-0.0721428850	-146.6608919832
0.2240148715	-0.5213507860	-146.9484235428
0.7126301747	-0.0981104934	-146.1854538578
0.7456298982	0.8208719171	-146.5783690492
0.0823126773	0.5348937095	-147.2699084401
-0.4874299035	-0.1590990586	-147.7100986597
0.4821790414	-0.1585698771	-147.9547580432
1.0894026068	0.1283087579	-147.2138260690
1.2458385323	-0.8242376065	-147.4749452466
2.0271314624	-0.2028671648	-147.5339378863
2.7710981958	-0.1144084122	-146.8716022096
2.5353505142	0.8542670844	-146.7935585492
2.7158806257	0.4800933905	-145.8839416377
2.3395914042	-0.4437413138	-145.8136859543
1.6516603749	-0.6664625645	-146.5044436133
1.7434104037	0.3188174767	-146.3602036306
1.6795054987	1.3073818355	-146.2236142035
1.0619736957	1.9512916290	-146.6753161518
0.7430061657	1.6574307124	-145.7742581756
1.1255848183	2.5809035194	-145.8030947710
2.0219685433	2.3594070461	-146.1870681163
1.8922074818	2.0227470666	-145.2544255668
1.8883049767	1.8344619519	-144.2723189096
1.7410326714	1.3064080785	-143.4359756937
1.6635305086	0.6332913057	-142.7005117415
1.6728466039	1.5457713001	-142.2914964970
1.3385898605	2.4299873483	-142.6177393660
1.2046912456	2.4278452480	-143.6087320866
1.0860069970	2.5273923557	-144.5966614477
0.1877287587	2.7510277544	-144.2183977631
0.5024708230	3.2902025481	-143.4372268632
0.2641419026	2.4310608006	-142.9843750292
0.6653339233	1.5242854152	-142.8547472432
0.7995528405	1.4243670506	-143.8406486595
1.0845523135	1.3920246858	-144.7986305340
0.1335462685	1.6912088233	-144.7206795607
0.0565550926	2.4856506267	-145.3231200805
-0.0806679047	2.3480142052	-146.3040513036
-0.8061542947	2.2472081837	-146.9848652605
-1.1280430000	1.5812929045	-146.3118537433
-0.9050958236	0.9608465966	-147.0637453150
-0.1109896635	1.4024606289	-146.6461660375
-0.3031364468	1.4270606836	-145.6651082151
-0.1322776020	0.4924464806	-145.9770433793
0.6058160154	0.6204231789	-145.3145935497
0.4055714624	-0.3416756168	-145.1294772986
-0.5413424426	-0.0216030183	-145.0993510948
-0.3576286996	0.7656492027	-144.5107228580
0.4406588908	0.2403914433	-144.2160345326
1.0819706557	0.3528019339	-143.4570331479
0.3935086522	-0.3436183285	-143.2545019456
0.4397303667	0.3177854955	-142.5058975543
-0.5084241832	0.1213627960	-142.7557396496
-0.6981938730	0.1950220669	-143.7348013314
0.0498964512	0.7925774120	-143.4462039017
-0.3291942312	1.6558576862	-143.7794266841
-0.8343723050	2.5034043770	-143.9420911262
-0.7678005336	2.8945657396	-143.0241799171
-0.6030986067	1.9904566612	-142.6298956926
-0.3197623435	1.0686594571	-142.3653007635
-1.0063164450	1.0395593926	-143.0917969107
-1.3151077667	1.0450856297	-144.0429106686
-0.9633966534	1.6879713433	-144.7233496827
-1.7587178845	1.8409158959	-145.3099262789
-1.0017931772	2.4137006501	-145.6245413020
-0.7912419977	3.1207763232	-144.9494767175
-0.3079459057	3.4103325969	-145.7756619581
0.4902622082	3.4352180214	-145.1737944291
