-1.4450698271	-1.5507900993	-67.2683101709
-0.9096798618	-1.3528148246	-66.4472356459
-0.3445272761	-2.0847342192	-66.0665828452
0.0070041727	-1.8683911590	-66.9774183521
-0.4262354526	-1.1932928543	-67.5745328354
0.3165809879	-0.5311535183	-67.4755619539
-0.4557624172	-0.1859057970	-68.0087501716
-0.4233804186	0.3028617365	-67.1369372878
-0.5759535304	-0.1567482389	-66.2620200826
-0.0846153957	0.6166137847	-65.8613980438
0.4940423921	0.0866698516	-66.4813291629
0.3542490480	-0.3651388977	-65.6002351412
0.1405923168	-0.9454902978	-66.3860742174
0.6924059019	-1.5986661185	-65.8675540978
-0.0769880298	-1.2693886151	-65.3201883119
-0.0751953936	-2.2029748430	-64.9618399598
-1.0247906088	-1.9231896899	-65.1032231111
-1.6597819172	-1.6690443881	-65.8327408997
-1.1571193718	-0.8690485378	-65.5051176330
-2.1563557078	-0.8477638311	-65.4723501805
-2.2320248237	0.0390895021	-65.0165373348
-1.4347438376	-0.2478299347	-64.4854815318
-0.7600474276	-0.9833997692	-64.5464878665
0.1311974492	-0.5303408782	-64.5669869106
0.8578483501	-1.1639774613	-64.8324735370
0.3000489702	-1.5649804507	-64.1057986067
-0.5804372919	-1.6880339780	-63.6479757462
-1.3112025620	-1.0111773000	-63.5593915627
-0.4126993667	-0.5815695852	-63.4692293785
0.5181124754	-0.2574234524	-63.6381038859
1.2469070885	0.2384867033	-64.1102601410
0.9616491395	0.7047370146	-63.2728602666
0.4656305452	0.2622690883	-62.5257406722
-0.2609570099	0.5026168169	-63.1694047881
-0.5146929912	0.2522229839	-64.1037071910
-0.6844508824	1.2121388882	-63.8806742001
0.2592689818	0.9900379933	-64.1257538002
0.3871470637	0.4109142815	-64.9309015646
-0.5128918408	0.0407085716	-65.1608530871
-1.3724175086	0.0764204988	-65.6706964794
-1.3889447672	0.7291096036	-64.9132509155
-1.3733896568	1.6081822296	-65.3896849160
-0.9513894906	1.1151510302	-66.1504977025
-0.8615237121	1.2780920543	-67.1330323658
-0.5745040155	1.1322592980	-68.0797913113
-1.2828828347	0.4775645404	-67.8160220508
-1.7112602114	-0.3937218439	-68.0555066214
-2.2634288466	-0.2126473568	-67.2416750489
-2.7233223945	-0.9109114426	-66.6931085615
-1.7573133704	-0.8075118060	-66.4561801321
-1.1223229137	-0.5385801691	-67.1803782366
-1.4270990683	0.2759924205	-66.6868369600
-2.0976595179	0.8189371438	-67.1923660995
-2.9288406553	0.6399785187	-66.6659520729
-2.4323478778	-0.0439223792	-66.1313732820
-3.0930204119	0.4997106340	-65.6137103129
-3.2959921852	-0.4593289915	-65.4161110824
-3.5058992112	-0.2260028500	-66.3655835423
-3.3675904923	-0.3869232871	-67.3428119247
-2.9344712120	0.4063891235	-67.7706706727
-2.1334629942	0.7032303799	-68.2905467191
-1.6707263913	1.5129161417	-67.9295982416
-1.3652711644	2.1751887010	-67.2454256306
-1.7346150072	1.6690671961	-66.4660501447
-2.0458424031	0.9416266838	-65.8545210701
-2.3169418965	1.4217138167	-65.0202420944
-2.5967713954	2.2542534060	-64.5421487103
-2.2612973094	2.3371415519	-65.4805445185
-2.8642200286	1.6751519113	-65.9258016468
-2.6238821772	2.4642030250	-66.4911652971
-1.6736426078	2.7733725966	-66.4529692661
-1.2671575913	2.8612583341	-65.5435485558
-1.5463624599	3.7186297797	-65.9759359350
-2.4467767221	3.3006275446	-65.8554025874
-2.0021127567	3.3123704811	-64.9597820978
-1.0728277915	3.1790124424	-64.6153331364
-1.5917655350	2.3284064618	-64.5306390738
-0.6538167595	2.0439814439	-64.7290187699
-0.3969596351	1.1171068872	-65.0027485158
-0.1643886205	1.7882251513	-65.7066739371
-0.7080989992	2.2032965298	-66.4361222045
-0.1045441550	2.0245654281	-67.2131529268
0.2173956447	1.1823195441	-66.7807449756
0.7998555769	1.2378264703	-65.9697829490
0.8148398907	1.4586072251	-64.9945745976
1.5665552913	0.8030562287	-65.0665249117
1.3019096522	-0.1529083637	-65.1933885545
1.4319165034	0.3707807561	-66.0353196232
1.2520340438	-0.5807664941	-66.2847191648
1.3460116072	-0.0900712465	-67.1509676232
0.6423573365	0.5116802684	-67.5288112174
1.3692597430	1.0758909085	-67.1373022839
1.2983988749	1.9346661029	-66.6298735669
0.4342242948	2.3467227891	-66.3410629323
-0.1948087740	2.9626156982	-65.8667283217
-0.5533578025	3.7841690942	-65.4234534502
-0.0908191522	3.2459809164	-64.7188887036
0.4095795553	2.4540172587	-65.0687382405
1.2962761361	2.2250115341	-65.4703917624
1.8903273440	1.4793614911	-65.7722347277
