1.0260473266	2.0158542864	-178.1764602085
0.2678328590	1.9167790190	-178.8208940008
-0.4893335525	1.3907112249	-179.2081299771
-0.7370084077	1.9915310010	-178.4480821084
-0.1008125492	2.1096535731	-177.6856505458
0.4643386019	1.3903726238	-177.2816219671
-0.0090407464	1.1006409607	-178.1134678399
-0.1144780898	0.5121374904	-177.3118777750
-0.3600829527	-0.4152029292	-177.5942215327
-0.8774469601	-0.3192967119	-176.7438472143
-1.6714293239	-0.8857172298	-176.5230309948
-0.8687883136	-1.4543700388	-176.7030348597
-0.1430300933	-1.9259651212	-177.2039071827
0.8164330741	-1.7389364389	-177.4147405347
0.3438226732	-1.0725925665	-177.9914772619
1.2246290006	-1.1857619956	-178.4512303411
1.0128946150	-1.9704790914	-179.0338001906
1.1698573374	-2.3817218612	-178.1358903465
0.7630833711	-2.7517232078	-177.3006455059
0.3459370415	-2.8706599296	-176.3996222010
0.1476802962	-2.5683792703	-175.4672485281
-0.6110677859	-2.3393759331	-176.0770508071
-0.4226237422	-1.5055705874	-175.5581505392
-0.9688997202	-0.6761554814	-175.6749971816
-1.5070805800	0.1480473486	-175.8512102830
-1.8447370284	0.1124849790	-176.7918076680
-2.3899926794	0.3255165293	-177.6025566018
-2.7109093245	-0.3716859981	-176.9615252900
-2.3928137407	-1.3053029468	-177.1263724701
-1.6217207097	-1.8344093394	-177.4805785720
-1.0705059676	-2.4986180900	-176.9756141735
-0.3081140415	-2.8996700319	-177.4834683760
-0.9886778424	-2.4593757987	-178.0691081126
-1.6810148781	-2.3999637248	-178.7882323260
-1.8690445104	-1.4686903229	-178.4761831181
-1.9307807864	-1.5337638929	-179.4721520245
-2.3562479350	-0.6583290550	-179.2428235484
-1.4704879233	-0.4961141375	-179.6776976936
-0.9288977374	-0.3829432812	-180.5106877463
-0.5521055642	0.0032272794	-179.6687257778
-0.3333343455	0.4944185781	-180.5118570025
0.5808708614	0.4455927783	-180.1095575110
0.1790433722	0.5830930512	-179.2042242332
0.6754291611	-0.2781208802	-179.3133650267
1.6074689132	-0.6354161644	-179.3737138492
2.1601481615	-0.8453818257	-178.5672028018
2.6047359586	0.0501329584	-178.5473291460
2.0853765653	0.8697717918	-178.7891100453
1.2577675687	0.6418490759	-179.3020570059
1.0026232221	0.9655632286	-178.3909530000
1.4628657943	1.3303405441	-177.5815616949
1.3115535940	0.9100136061	-176.6868942241
0.4332529023	0.8341232036	-176.2148470424
0.5040995630	-0.0447845275	-176.6865481669
0.9567109145	0.3512625241	-177.4854785127
0.5288980128	-0.0436534715	-178.2985083262
1.4944224507	0.0047354766	-178.5542837541
1.9880572644	0.4663293290	-177.8172248786
2.1877261839	-0.4500045223	-177.4701447790
2.2373738980	-1.1707909509	-176.7787678710
1.8858146784	-1.5969958881	-177.6122877967
1.5377076511	-2.1388853475	-176.8473189664
1.2051804781	-2.3739030033	-175.9339776388
0.3887574462	-1.8745305342	-176.2239441369
0.6134691554	-1.2857020351	-175.4475514229
0.0253090694	-0.6590808164	-175.9588376066
0.1285014355	-1.0124991206	-176.8885939391
1.0119395818	-1.0913502667	-176.4267286575
1.2045991935	-0.7693063819	-177.3536428985
1.5678644620	-0.1888192983	-176.6248952808
1.1960814570	-0.1341170030	-175.6981887166
0.4811487912	0.2378878456	-175.1061720987
0.2824480878	-0.6530135568	-174.6977449674
-0.5466517626	-0.3510040807	-174.2272306591
-0.8303110478	0.2023247692	-175.0104066251
-0.4664416995	0.3245605752	-175.9338011805
-0.1694684570	1.0843318926	-175.3553943700
-1.0673125100	1.2695299408	-175.7548661955
-0.4052659840	1.4918134141	-176.4706066897
-1.0294061214	0.7565829030	-176.7349647508
-0.9113985670	1.2355189709	-177.6048466163
-1.2613000017	0.3108565048	-177.7550741427
-0.6902739347	0.4426154526	-178.5653634802
-1.4362227537	1.1085967313	-178.5599509245
-1.3814691224	0.5673423064	-179.3990252283
-1.9253696231	0.1856043785	-178.6517311766
-1.2160261103	-0.5147532455	-178.5721637239
-0.2548809543	-0.5297925999	-178.8477971884
0.2175202984	-1.3548150841	-179.1579180634
-0.5703038625	-1.2272832541	-179.7604699068
0.0780380026	-0.6255062754	-180.2268574000
0.7784939354	-1.3200343809	-180.0625643792
0.1928208083	-2.1156950004	-179.9079320191
-0.4091483559	-2.4936838854	-179.2045419935
0.1901526489	-2.9521345932	-178.5482941332
-0.0614853786	-2.0316271980	-178.2493887328
-0.8178788983	-1.6103213928	-178.7497588577
-0.7453149384	-1.3368481895	-177.7906202448
-1.5070601941	-0.7273114535	-177.5710544622
-2.3769167582	-0.5745977201	-178.0401259638
