-2.2303926653	1.1222277917	101.1344703871
-2.5804334228	0.4969223123	101.8319404764
-1.8761936924	0.0390771057	102.3745491466
-2.3231118700	-0.7004065214	102.8779655822
-2.6287450047	-1.5146242204	102.3843686559
-2.0234423885	-2.3055379810	102.4741693589
-1.0607702129	-2.4041372978	102.7262416840
-1.2579400483	-2.7845982490	101.8227077773
-1.4098216207	-1.9510855469	101.2914935423
-2.1789851284	-1.4149483460	100.9437229281
-2.4001167370	-0.6481216077	101.5462821079
-1.7376553529	0.0269589185	101.2216112011
-1.2762386588	-0.7918805879	100.8801489087
-0.4312370246	-1.2893032642	101.0764724153
-0.3828804357	-1.9620803958	101.8147356281
-0.7583943479	-1.2810351109	102.4433584258
-1.7019023255	-1.1505612204	102.1387779601
-1.0332248839	-0.4896522816	101.7980876995
-0.5943230818	0.3696856627	102.0605824721
-0.4187622313	0.3983054870	103.0446349572
0.0886797884	1.1382227720	102.6030185987
1.0043572119	1.1905943212	102.2045313633
0.3141621515	1.6208118321	101.6226863050
0.2755621191	0.6279182553	101.5101146265
0.5098272434	-0.1676067537	100.9513125046
-0.2333289947	-0.5059075922	100.3740159185
-0.5387844227	0.2393509726	100.9667103196
-0.8112827152	1.1726764189	101.2004800607
-1.4973096596	1.0497890422	101.9176032887
-2.0266201666	1.8679089392	102.1423480802
-1.3301775867	2.2514319387	102.7488774214
-0.6830505760	1.7887873055	102.1429182022
0.1313179682	2.1946448963	102.5577476733
1.0717585489	2.4812049978	102.7406542683
1.7243270880	1.8866758189	103.2104301267
1.4492929520	2.0796676072	104.1522955065
0.6622743723	1.8953308666	103.5635496180
1.1081169225	1.0412126020	103.2957690912
1.5460756631	0.3074248384	102.7763967204
2.1561145946	0.7771415228	102.1382597927
1.5351224533	0.4320211296	101.4345121997
1.0991025645	-0.3610681835	101.8598309012
0.4971006271	0.2169519080	102.4107269361
0.4971948832	0.1411771352	103.4078518906
-0.0238961600	-0.5239314690	102.8729737088
-0.0034035046	-0.5721528492	101.8743472773
0.5652347935	-1.3378530196	101.5737582972
0.3502055369	-1.5200395348	102.5332219455
-0.2262076471	-1.4933702737	103.3499450270
0.6417084863	-1.1958436400	103.7476880189
1.5174633641	-1.4955208877	103.3692082425
1.0379201710	-0.7701139598	102.8754237603
1.3155539393	-0.3755953023	103.7513658358
1.7575794295	-0.8864197938	104.4887068728
0.8668838705	-1.2214383409	104.7959917476
-0.0397648651	-1.5976092278	104.6049851136
-0.8579430202	-1.9159207765	104.1261717215
-1.6794608492	-2.4387162886	103.8985902874
-1.9708621985	-1.5806133562	104.3213722775
-2.4030871866	-1.7460196059	103.4349060727
-1.4391635049	-1.5153587108	103.3020652375
-1.5467557156	-0.6355980726	103.7651474501
-1.0975273566	-0.4401840793	102.8933635017
-1.6020658870	0.3026939655	103.3333329120
-2.5979943463	0.2263397736	103.3812551541
-2.2001891657	0.8494721394	104.0546473822
-1.6232935949	0.1344191755	104.4494774204
-2.5265812050	-0.2886732845	104.5206410606
-1.7957677909	-0.8067994557	104.9650024276
-0.8741964700	-0.8139778377	104.5768597073
-0.2584276910	-0.4794004759	103.8634966863
0.5123409131	-0.2755946929	104.4671347914
-0.0473468971	-0.5231198787	105.2580082563
-0.8765528128	0.0318817851	105.3242706331
-0.3997879998	0.4152948014	106.1152761780
0.5283064008	0.0437548127	106.1397469832
1.0790665081	-0.4079861180	105.4378969737
1.3293890468	0.4925574314	105.0824255369
1.5999580919	0.8823084369	104.2021491340
0.6704396295	1.0815151744	104.5124910486
0.0365069656	1.0807231466	103.7391032091
-0.4648477047	1.8646360077	103.3728736079
-0.0365706329	2.6863626975	103.7488310484
-0.0987553536	3.0814231065	104.6653791016
-0.1997808169	2.4277421014	105.4153757678
-0.9670498749	1.8522191315	105.6983448538
-0.9525970136	1.1883898475	104.9506003810
-1.8133938448	1.6618012375	104.7637569407
-1.2715928081	2.4957069003	104.8688901045
-0.4743533034	2.0038438859	104.5189187524
0.5051576414	2.1935344257	104.5865634732
1.1284006977	1.7770530971	105.2484633113
0.1945703555	1.4494669694	105.3921581997
0.2059526357	0.4608818994	105.2419250372
-0.4458631281	0.3827869860	104.4875793641
-0.9780003821	0.9438351575	103.8535013782
-1.0902102602	1.1360539394	102.8785855443
-2.0900024458	1.1343498660	102.8989001159
-1.7263348936	1.7302264857	103.6149147565
-1.1597766787	2.5405664189	103.7644506444
