0.1235451962	1.5159521356	-112.7976131114
-0.2189805167	0.6289393678	-113.1072653127
0.4854026260	0.2008841914	-113.6734924352
0.1987366061	0.5228247484	-114.5758099352
0.1564376360	1.2830317223	-113.9275074179
0.8018185596	1.9494626329	-113.5542068623
1.6851072539	1.7715548581	-113.1204443624
2.6706607505	1.6752851261	-113.2597872634
2.8081788644	0.8753037630	-113.8438408459
2.8345190639	0.1634294900	-114.5456536509
2.2003959298	-0.4837667063	-114.9687670332
1.5824353428	-0.8047035333	-114.2510454535
1.2233631439	0.0738190094	-114.5661094122
1.2485492039	0.9036803837	-114.0087085136
0.9683577763	0.9546136961	-113.0501165454
1.2948175448	0.0121128212	-112.9785894851
1.9722909510	-0.7131391841	-113.1012243608
1.9719667572	-0.2788385476	-112.2004564373
2.8421024610	-0.7386566597	-112.3777447917
2.7527686203	-1.3771685296	-113.1421544050
2.2989233275	-1.5889147675	-114.0077108624
2.7257202333	-0.6852839219	-113.9717150821
2.7876063666	-0.0328029600	-113.2164411578
1.9772083189	0.1204264380	-113.7819283422
2.0363851926	0.7998870682	-113.0506066964
1.6140047175	0.7501876339	-112.1455516149
2.0447324859	1.6503918673	-112.0814741016
1.0583394642	1.6667177532	-112.2450658871
0.7908175604	1.0551901108	-111.5004411671
0.2629977746	0.5097345766	-112.1515053221
-0.0940114941	0.5184887474	-111.2174455025
-0.1157311247	1.4237357037	-110.7931151998
-0.0865742274	1.5250221330	-111.7875451544
-0.8346491078	1.2241718641	-112.3790458636
-1.0605750022	0.4944065488	-111.7337551734
-0.6788753344	-0.3866832850	-111.4544953152
-0.5670708922	-1.1314998978	-112.1123311458
-0.6948931605	-0.2218988481	-112.5076631560
-0.4796070554	-0.3686740882	-113.4731210379
0.0091887669	-0.5718649006	-114.3215266826
0.6660769394	-0.8583079356	-113.6240682132
0.2922154246	-0.4644600732	-112.7843590796
0.2686972070	-0.5017869261	-111.7853327539
1.1016081952	-0.0032017347	-111.5451826079
0.5576404577	-0.1843380640	-110.7258604913
0.5597245615	-1.1708184782	-110.8897264395
1.2360007431	-1.0421228592	-111.6150456546
1.1344924313	-1.0810778257	-112.6091173690
1.4017570316	-1.6147276198	-113.4114810836
2.0756527571	-2.1343334818	-112.8862437093
2.0425146962	-1.4483702133	-112.1593625201
2.3072073684	-0.8614177858	-111.3942320494
3.2374592436	-1.2251609180	-111.4424231533
2.9821135462	-1.8753710871	-112.1579825924
3.6624741763	-1.8291551911	-112.8894014217
3.8660621507	-1.0686055764	-112.2728657615
3.9366912673	-1.9241737580	-111.7600162569
3.4426905805	-2.2294070435	-110.9458934388
4.2285942179	-1.8655129194	-110.4459569037
5.0741664253	-1.3763001753	-110.2322315353
5.6479970805	-2.0695757950	-110.6682215516
4.8763670550	-1.8503850819	-111.2653333795
4.2957735174	-1.0453559235	-111.1435171319
3.6363144471	-0.8488292827	-110.4179201267
2.7480035364	-0.3938096598	-110.4800560159
1.7591890055	-0.5035732806	-110.5810400302
1.4069015096	0.4301694289	-110.6444282998
2.1538845752	0.2620578770	-111.2876660520
3.0509030115	-0.0941996303	-111.5492736082
2.7095117423	0.4887539240	-112.2865775854
2.7576200493	1.1194763007	-111.5120616887
3.1929488355	1.5815063797	-112.2847304754
3.4568826872	0.9160846475	-112.9829803162
3.6947555489	0.0532035093	-112.5370513498
3.6632923249	0.7119256384	-111.7853231928
4.1109773605	-0.1567712767	-111.5733237154
3.7491535801	0.2332921939	-110.7266041391
4.6520472699	-0.1868672030	-110.6357797697
5.5057382273	-0.4262291285	-110.1732674802
6.1931426092	-1.1467457117	-110.2645421702
6.3235489422	-0.3525891436	-110.8580988512
6.2893036804	0.0577818783	-111.7693742686
5.7565813284	-0.4998747332	-112.4059479088
5.1955338578	-0.0785614556	-111.6934025714
5.4899141598	-0.8858935795	-111.1819780124
4.8720514979	-1.0616329041	-111.9483730939
4.6591723800	-0.3520651005	-112.6200843512
4.5018438355	-1.1755599956	-113.1651567195
3.6168712105	-0.7231528585	-113.2753893605
3.6812121791	0.1399425092	-113.7763151295
4.5715377747	-0.3153073930	-113.7845528610
5.4636283887	-0.1151754692	-113.3794336816
5.6707334109	0.5223445779	-112.6373584163
5.5991313710	0.8886923494	-111.7096394620
5.4890202158	0.4545328102	-110.8155583538
4.6489384136	0.7943045265	-111.2384268278
4.6581951023	0.6620619000	-112.2296009808
4.5132763617	0.5073958100	-113.2068813700
4.1225816422	1.2621723823	-113.7338253538
4.3260504811	1.5746602578	-112.8059504919
