-1.4560229516	-2.3037269158	-114.0422655538
-1.6438708005	-1.5478916629	-114.6695025555
-1.8041317407	-0.8020583242	-115.3160696920
-1.4330226535	0.1251629217	-115.2656831209
-0.8850065044	0.9609181450	-115.2311649073
-0.4867532882	0.2394604096	-114.6646906256
-0.5890014630	0.1623659237	-113.6729236414
-1.2385516608	-0.5190559272	-113.3356569787
-1.6501602205	0.3825015189	-113.2023431950
-0.9541069807	1.0973928872	-113.1357082277
-0.7871372990	1.2187256299	-114.1141761581
0.1370207352	0.8619303424	-113.9776878778
0.2745884672	1.7381903188	-114.4394709145
0.2273407238	0.9683403672	-115.0759445610
0.5630457835	0.0703048475	-114.7916307935
0.0269730550	-0.5678911621	-114.2390623515
0.3796025448	-1.2827317578	-113.6351953416
0.3998961485	-1.8881548387	-112.8395502808
0.9600701608	-2.4177653562	-113.4765100720
1.4362714346	-1.6884745078	-112.9852187071
2.3299210249	-1.5745311663	-113.4192778328
1.5444864302	-1.4312006341	-114.0213981330
1.2669347688	-0.4798793680	-114.1553866544
1.8629488119	-0.8520663564	-114.8668949861
1.5484688280	-1.6415121723	-115.3940359951
1.5211043932	-2.3438148636	-114.6826836791
0.9770496006	-2.5256032680	-115.5018035474
-0.0001318500	-2.3521664917	-115.3791817827
0.4135806233	-1.5160261870	-115.7393364443
1.0321380964	-1.1996748054	-116.4585780281
0.7557841319	-1.4087914201	-117.3966072002
-0.0727656593	-1.4845196956	-116.8418365524
-0.3280422885	-1.2687835655	-117.7843288679
-1.2124991460	-1.0061511745	-118.1700234290
-1.5201785695	-0.8459905552	-117.2321098144
-1.6883577375	-1.2173257783	-116.3189691245
-0.7303032454	-0.9863674637	-116.1492934131
-0.9864467952	-1.5788464324	-115.3855138942
-0.3753051773	-1.5608629093	-114.5941969439
-0.9804120975	-1.3785508660	-113.8192079544
-0.3703942737	-2.1364769139	-113.5880665247
-0.5051355387	-2.7149808425	-114.3925402633
-0.0948999078	-3.2783310122	-113.6753629397
0.6290697127	-3.1126378838	-114.3449999876
0.4753134094	-2.1246149519	-114.3580263115
0.7813048544	-1.2724543683	-114.7825160939
1.0021483280	-0.5887898147	-115.4780956640
1.7108923636	-0.2737476660	-116.1093090483
1.6149144254	-0.4505943570	-117.0888566394
1.1420718253	0.4107704258	-116.9031940788
0.4833274201	-0.3039279450	-117.1382728896
0.2572977553	-0.5914887118	-116.2075638073
0.4001642356	0.3746324102	-115.9926239404
1.1671218124	0.7313180803	-115.4591903379
1.7019936762	0.2369128781	-114.7740074534
1.1599994180	0.9640388349	-114.3526642833
2.1469303146	1.0421808664	-114.2117344132
1.8293985361	0.3792008426	-113.5337734574
2.2241967275	-0.4561974084	-113.1513546419
1.6078541950	-0.0229659804	-112.4937587079
1.2231079077	0.8938043093	-112.6010085574
0.8935949607	1.4585488411	-113.3576358313
-0.0346419801	1.8101096827	-113.2360580525
0.0016558912	0.8447985056	-112.9774912413
-0.7057697553	0.2142734618	-112.6581370120
-0.1455214930	-0.5385739562	-113.0035970672
0.4923874209	0.0304086101	-112.4846259151
0.5611041822	0.0152763676	-113.4821473544
1.0502261805	-0.7183738264	-113.0104302106
1.4048532144	-1.0103175354	-112.1221686852
0.4053244639	-0.9820727203	-112.1101475580
0.4040307090	-0.4628983356	-111.2554802049
-0.5501493700	-0.1921323732	-111.3828621915
-0.1194147260	0.5815915896	-111.8474253152
-0.6379414936	1.3772607713	-112.1605395829
-1.4701437353	0.8230483127	-112.1775095444
-1.7236251836	-0.1432170117	-112.2230998735
-0.9628330096	-0.7781274095	-112.0886229063
-0.5713469186	-1.4402536538	-112.7276279746
-1.2307549058	-2.1656738313	-112.9249770876
-1.8632873386	-1.3997586281	-113.0402013159
-2.4433491255	-0.5891590509	-112.9598480410
-2.1381378432	-0.8032153754	-113.8877628879
-2.4564825794	0.1433426128	-113.8359497245
-2.4756800584	-0.3151611674	-114.7244348062
-2.3936854411	0.0610354468	-115.6473394546
-2.3836113510	0.7130677832	-114.8892152266
-1.8704684193	0.9348917345	-114.0600720145
-1.4500034037	0.0468153490	-114.2458931759
-0.9290250388	-0.6589034787	-114.7260415690
-0.0963568334	-0.7074941926	-115.2776778643
-0.5289385168	0.0578144716	-115.7543074223
-1.3429159291	-0.1193865354	-116.3075167637
-1.4886001731	0.8576715932	-116.1521671117
-1.0891302940	0.7877557780	-117.0662434731
-1.3380009114	0.0867301952	-117.7345447136
-0.4566803180	-0.2355561801	-118.0800957285
-0.5352224381	-0.2422239176	-117.0832072309
-0.0000776525	0.5903791823	-116.9404061927
-0.4523982995	1.0542258597	-116.1786632623
