1.9599167627	-1.2851951049	173.5275410871
1.2214110599	-1.3619194600	174.1974087608
0.6080848410	-0.8708397335	173.5788041606
-0.3067381388	-0.8219578275	173.9796900233
-0.9515664771	-1.1182728690	173.2751378178
-1.1695784074	-0.6466224915	172.4207276589
-0.4415007460	-0.2505005579	171.8612722694
0.1283908546	0.5348807539	171.6196118494
-0.5410466830	1.2345019990	171.8693787340
0.3089794053	1.6606920452	172.1789230664
1.0538149529	1.0841839686	171.8429789570
1.4136798427	0.1556390210	171.9340917522
1.0407946002	0.3790875815	171.0335211904
1.3421451209	-0.5739129179	171.0647927700
0.5737561086	-0.4372876612	171.6900222198
0.1102754019	-1.2956988296	171.9098310016
-0.3768230527	-1.2531900214	171.0375190753
-1.1872672949	-0.6897424304	171.1978529220
-1.3359442299	0.2863750714	171.3562504965
-0.5010502020	0.1194635456	170.8317578802
0.3083294360	-0.4101720055	170.5780044867
1.1446964156	-0.2272696911	170.0612482397
1.4485082771	0.7247363645	170.0240619126
0.4682791966	0.6350321466	170.2004254665
-0.0424108976	1.2229591896	170.8277510756
0.8903968716	1.4999006123	170.5971581135
1.7822249725	1.3429757293	171.0214424752
2.3541961531	0.7186805995	170.4893667668
2.1974512895	0.1204513124	171.2752120236
2.5421957417	0.1070528857	172.2138129744
3.2566232703	-0.3757196214	172.7202949708
2.6559198452	-1.1737071000	172.6715981638
2.2749589031	-0.8313437199	171.8127290954
1.8149129588	-0.5184432707	172.6436629303
1.2053111431	-1.1460509776	172.1594169262
1.0738896589	-1.6469963091	173.0148596001
0.4160751512	-1.9297538398	173.7129486004
-0.0747075624	-1.6806376669	172.8780393476
-0.1407918444	-0.6839596332	172.8304392970
0.7245125210	-0.1927488684	172.7306377958
0.5084745359	0.7832995296	172.7562720261
-0.4310284126	0.4535333085	172.6635981396
-1.0149143745	-0.0278474600	173.3173180636
-0.4429386863	0.2861738023	174.0751006571
0.4856038185	0.2005468202	173.7138848812
1.4033728052	-0.1654186720	173.5597117791
1.8340143689	-0.5712469443	174.3658453022
2.7607622382	-0.1965867389	174.3935602320
2.4668241488	-0.2639960306	173.4401157465
2.9223012784	0.5680786489	173.1235840542
2.9918030088	1.4048107873	172.5804000724
3.4268608623	0.6746600853	172.0535180965
2.8302438912	1.0399346838	171.3389394392
2.1083444931	1.0912451724	172.0290325435
1.9123143540	0.5677722404	172.8582178510
1.2342613198	0.8988356816	173.5144503409
1.3671506414	1.7999523517	173.9271598936
0.6214358535	1.7932906997	173.2609278939
1.4208048473	1.5697417359	172.7032227096
1.9565842725	2.3460077441	173.0354146603
2.2535142535	1.4630433549	173.3990167420
2.1698212095	0.6579197145	173.9861891171
2.9969434907	1.1926744244	174.1591230124
2.2921600453	1.8545602054	174.4144414565
1.5967196439	1.3213641025	174.8961722568
0.8071036902	1.1252344013	175.4775841469
1.0374438922	0.1547805290	175.5494358915
0.8227181035	-0.8152004829	175.6635834808
1.7966601309	-0.6925657550	175.4728017971
2.0029282609	0.1957886689	175.0625824947
1.2153138707	0.4186308228	174.4881219245
0.6714711799	-0.4057204196	174.6452211188
0.2230471563	0.4724615010	174.8116915645
0.4966248313	1.2327017633	174.2224632561
-0.2159325399	1.1547677685	173.5251912251
-0.6490929199	1.4455091899	174.3783275044
-1.2540330050	1.0865640344	173.6675491503
-0.9949191429	1.5503049146	172.8203157689
-0.7524504767	2.1442727302	173.5873954128
0.1406843922	2.2443859420	174.0259013431
0.9073614640	2.7463607318	173.6256169718
1.6861632530	3.3162246154	173.3634663898
0.9086851278	3.9439843959	173.4014851077
-0.0165336457	4.2702201768	173.2077315622
-0.8912836062	3.8828420921	173.4988513419
-0.1537941237	3.2116870313	173.5740852942
-0.0226915947	2.5033335166	172.8805094692
0.1350620121	2.7564918327	171.9260333477
0.9123898409	3.2800886487	171.5773102187
0.9691859994	4.2113910541	171.9371018613
0.0590989185	3.9193366802	171.6430852840
-0.0315677197	3.2179649754	170.9360794195
0.2736669087	2.2658555068	170.9182081749
1.0400574629	2.1190986950	171.5435944209
1.9622848134	2.1973243090	171.9222465928
1.7571549774	3.1398079255	172.1861526045
1.0132236547	2.5611625902	172.5204216026
0.5009065349	3.4117683505	172.6387474629
-0.4818232110	3.5045666364	172.4786514766
-1.0946648604	2.7623495581	172.7498320834
