-1.2974606226	-4.1161763574	-203.2729062464
-0.3147931949	-4.3003886086	-203.2521559948
0.1065872905	-3.8293438633	-202.4772009417
1.0778034772	-3.5912534434	-202.4699849439
1.5473032649	-4.2143981590	-203.0954932275
1.8389569783	-3.9280446634	-204.0081485770
2.8230582122	-3.8001103172	-203.8849513182
2.2355924836	-3.2744718054	-203.2696561268
1.3435069731	-3.1074523928	-203.6895227222
1.2499728580	-2.6899386743	-204.5933665495
0.3999512434	-3.0562726750	-204.2148660150
-0.5037160863	-3.3572388004	-204.5195047331
-0.7829704929	-4.2830787240	-204.2648728178
0.0155369600	-4.8736301203	-204.1481042605
0.9468608865	-4.9149891060	-203.7862684162
0.6556826934	-3.9858952441	-203.5582336480
0.9005058691	-4.0532983107	-204.5254556697
0.5996202326	-3.3543119001	-205.1742128133
0.5006865709	-2.3758374044	-205.3553199417
-0.4838791570	-2.5508316786	-205.3580276221
-0.1294739729	-2.1194574066	-204.5283811897
-0.2553320870	-2.3074460494	-203.5543072678
-0.3586311017	-3.3007046196	-203.5017075868
0.4976068406	-3.0065849096	-203.0770310249
0.6313729792	-2.7089631219	-202.1317649820
-0.3327992880	-2.7226204579	-202.3966900968
-1.1604532666	-3.0389625200	-202.8602810710
-1.4387152635	-2.1291834105	-203.1682944357
-1.1503997864	-2.3785900781	-204.0927783457
-0.8298088676	-1.4354449911	-204.0050354954
-1.1393839917	-0.9928913186	-203.1634242494
-0.5647421771	-1.7057089204	-202.7613324048
0.0490684529	-1.7463988145	-201.9729284202
0.5796344363	-1.8930089892	-202.8077967895
0.1915535031	-1.3451336720	-203.5488945064
0.8537937522	-2.0493167639	-203.8049492379
1.3491068416	-1.3284775367	-203.3201237517
1.8831896944	-2.1628685139	-203.4563118695
2.8745123252	-2.2900423288	-203.4230513449
2.6515665792	-1.3320822377	-203.6036272522
2.0133425419	-0.5650668206	-203.6696380706
1.4330934025	0.2482296106	-203.7127640613
0.7131030761	-0.3971572321	-203.4576371258
1.1356791229	-0.8274372873	-204.2553141023
0.7271034417	-1.5623244934	-204.7966150417
1.6298114822	-1.7358739118	-204.4029161808
2.5913320496	-2.0056442095	-204.4548987257
2.2607523234	-2.9137313255	-204.1978095692
2.2195201895	-2.6259776122	-205.1546260153
1.4919592682	-1.9982245154	-205.4313590190
1.2918547613	-2.7959783233	-206.0001709813
0.7658897845	-2.0326995552	-206.3753594212
0.3082077385	-1.3709624237	-205.7815319096
-0.5019365928	-1.3801792675	-205.1953739000
-0.0136549891	-0.8662524488	-204.4900652438
-0.3914286462	-0.3337568479	-205.2475185421
0.0678216124	0.5335994439	-205.4393055670
-0.0859755377	1.2506512503	-204.7594650389
-0.3527717795	0.4269297297	-204.2591625086
-1.2076977614	0.3126119179	-203.7531654696
-1.9312461792	-0.3705246774	-203.6541600191
-1.8509450259	-1.3003860589	-204.0131997607
-1.5792750257	-1.0902444360	-204.9523674290
-1.0238597151	-0.4654781351	-204.4035679192
-0.3851765070	-0.3922994497	-203.6375857786
-0.1529823356	-0.5471959975	-202.6773290805
0.7753241275	-0.8806488586	-202.5128410872
1.6374672763	-0.4100224426	-202.7005109235
1.0868811907	0.4234011413	-202.7480513515
0.5481221078	0.0382270367	-201.9987986839
-0.2430559364	0.5776981143	-202.2869102229
0.1179001808	0.5052801772	-203.2166770345
0.5603585935	0.9262607482	-204.0085140833
0.5430195158	0.0979694670	-204.5685434663
0.7168260552	-0.3943340787	-205.4214376601
1.4240667687	-0.3140362684	-206.1238355779
2.3055806944	-0.4476964565	-205.6709910649
3.0252972204	-0.2649081924	-205.0012175415
3.0625872072	-0.3021910794	-204.0026087877
2.4209126451	0.4226394443	-204.2533566057
2.4494275295	0.6095365611	-205.2353221698
1.7161928539	1.1116157173	-204.7767554555
1.3630066270	0.5273144477	-205.5074068877
1.6839871095	-0.0992496549	-204.7972034273
1.5102420499	-0.9885029303	-205.2203361091
2.2666659879	-0.9515169856	-204.5673009907
2.5259146741	-1.4657368319	-205.3848387992
2.3902724129	-2.1185239605	-206.1301374921
1.8732355647	-1.2738688720	-206.2688122165
2.4182572578	-0.6152197935	-206.7875922714
3.1929660671	-0.3037286778	-206.2373200245
3.1064154923	-1.2982121726	-206.2965785806
3.6660506038	-1.1394852832	-205.4831818038
3.3294706984	-1.2102661879	-204.5441908396
3.6599367194	-2.1227948632	-204.3031853921
3.3014944140	-2.1760653842	-205.2352161669
2.9888221524	-3.0273195756	-205.6566451152
3.1667529657	-3.1410163995	-204.6791924780
2.5621385939	-3.9133878461	-204.8738301156
1.6494572079	-3.5516476527	-205.0639793206
