-1.2191948644	-0.5640383110	-100.9891212532
-0.3778045525	-0.4849750353	-100.4545079898
0.1323455262	-1.2212551623	-100.0099425033
0.4093558319	-2.0262259539	-100.5346208002
0.1461436450	-1.2136779387	-101.0547025897
-0.2914311067	-0.4281519907	-101.4922838069
-0.1426336064	0.5362905944	-101.7107095468
0.4401322399	0.3210823193	-100.9270837644
-0.0959625287	0.5295640658	-100.1090753534
0.4696819865	-0.2104739192	-99.7452209000
0.7311095675	-0.9862094093	-99.1708603257
1.2104300265	-1.5692696375	-99.8268272974
2.0825203800	-1.3875937334	-100.2811975002
2.2271031530	-2.2950452756	-100.6756940404
1.9338328552	-3.2463309129	-100.7708159029
1.6342426931	-3.2991359748	-101.7234214667
1.3022741091	-2.6830210771	-102.4377038282
0.9071748247	-2.3035995216	-103.2743255102
0.1009943425	-2.2299834922	-102.6872533592
-0.5077091125	-2.9963625338	-102.4819651023
-1.1015249471	-3.7701880735	-102.2615636760
-1.6896060710	-3.1286303754	-101.7690554915
-1.5789354592	-2.8364277361	-102.7189868750
-1.0285876432	-2.2860972395	-103.3468830654
-0.9008287693	-3.2349351513	-103.6356464415
0.0143548534	-2.8417504668	-103.5470759019
0.1031678946	-3.0171821802	-104.5275533151
-0.5342683904	-2.2699452241	-104.3396386693
-0.2065901587	-1.6875602419	-103.5956933023
0.5623487479	-1.2977861019	-103.0889299674
1.5518192836	-1.1609132749	-103.1359819410
1.6895113342	-1.8195011131	-103.8757812101
2.1007065100	-2.4580476078	-103.2252607250
2.3962870793	-2.7727779782	-102.3232757357
1.8677109721	-2.2730576164	-101.6370637722
2.5491245714	-1.5791836006	-101.4042240058
2.0075667071	-0.7689107292	-101.1802308061
1.6138877894	-1.1926344039	-101.9959974132
2.3272840058	-1.5825635754	-102.5782525803
2.5468696869	-0.6974767955	-102.1678826001
1.7219981205	-0.1373491793	-102.2443283495
1.3062155756	-0.1830906231	-103.1526413989
0.7585725961	0.6060431825	-102.8745137231
-0.2287046168	0.4742900712	-102.9635351951
-0.4409999902	-0.4285404463	-102.5895997312
0.5346025620	-0.2792983365	-102.4285827978
0.8616894897	-0.6201674735	-101.5472075241
0.9768803928	-0.7812622869	-100.5670139121
1.3389897707	-1.6263584036	-100.9603195844
0.7751664321	-1.8989572175	-101.7399304678
-0.1853305285	-2.1326286595	-101.5887906454
0.0522186750	-1.2890717429	-102.0704358513
-0.8564363357	-1.2733113014	-101.6531857104
-1.1638871344	-2.1799308866	-101.9421752156
-1.6839099834	-1.7720852146	-102.6926671505
-0.7252326324	-1.4880844016	-102.6758958935
-1.1531826810	-1.0731445620	-103.4788178607
-0.7356405510	-0.7696603917	-104.3352966567
-0.1121620991	-0.4981698366	-103.6021067096
0.3866270308	0.3275776670	-103.8654514730
-0.5018517809	0.3180529137	-104.3242702611
-1.4679242734	0.4552106900	-104.1054285751
-1.0953506671	-0.0582994536	-103.3324497653
-1.0940559269	0.9290450146	-103.1738646947
-1.0558813645	0.3713901636	-102.3446700433
-1.9704019104	0.1554201368	-102.6867359999
-1.3881563317	-0.6253455513	-102.4600312879
-1.9515630891	-0.2866383023	-101.7064729124
-2.0793159396	-1.2782433828	-101.7264372190
-1.6652165345	-1.5961575587	-100.8735291001
-0.7025059379	-1.7369885124	-100.6425421964
-0.4117174650	-2.2295688410	-99.8222942559
0.4103512011	-2.7859690630	-99.7013732022
1.3198804238	-2.6186896788	-100.0818652530
1.0141226066	-2.7361759522	-101.0266981127
0.4258385014	-3.0024564142	-101.7902533020
0.7826592723	-3.7833728163	-101.2775657652
0.8234298481	-3.5314154427	-100.3106866403
0.0330021389	-3.0962606460	-100.7418065069
-0.6727767105	-3.0978751285	-101.4502368911
-0.9400640398	-2.7791394892	-100.5408606896
-1.2674778416	-3.7151164891	-100.6702718872
-0.4739197845	-4.1037966840	-101.1384527457
-0.0783114101	-3.8247593435	-102.0134568466
0.4467370765	-3.4151197478	-102.7594591847
1.1269065796	-4.0014867449	-102.3195237443
0.9494947549	-4.9853965610	-102.2983927660
0.3212264544	-4.7851495586	-101.5466081688
-0.0899255791	-4.7481054357	-102.4574219469
-0.3847646609	-3.9883931051	-103.0369968692
0.1262084936	-3.8122648864	-103.8783560588
0.6025816958	-4.3490862284	-103.1820146059
1.2339642180	-4.0019983357	-103.8754741256
1.7263232877	-4.3726016703	-103.0879236733
1.5663874809	-3.3877745127	-103.1552735607
1.4129042783	-2.9182596834	-104.0247554361
0.7593287453	-2.2163651540	-104.3079216281
0.1768687828	-1.4524908291	-104.5858360174
0.8956854992	-0.9530694016	-104.1022238111
0.2979433274	-0.4436810073	-104.7212777342
