0.4581398627	1.0691483812	93.7645720930
1.0863628999	0.7249411107	94.4623236036
0.5087165760	0.0567149866	93.9934968001
1.3166525343	-0.4161185529	94.3451613152
0.7323109129	-0.1379147949	95.1074916495
1.1536001098	-0.9691824371	95.4701340623
1.2467340616	-1.4226828286	94.5837574708
1.3167107744	-2.0651706168	95.3468516338
2.2986369493	-1.9899054710	95.5205068812
2.2291192308	-1.1069271548	95.0562692482
1.9002003884	-0.1663282762	95.1404484900
2.4306858237	-0.2349982333	94.2955404240
2.4134444272	0.7222031701	94.5844490730
2.1084131812	1.4716538470	93.9968440849
1.7745561685	1.5081578433	93.0549274467
1.0326294364	1.1072216606	92.5175310365
0.3145863022	0.4145781041	92.4492744554
-0.2966166267	0.4406253059	93.2403196646
-0.0763227521	-0.5300826991	93.3362184543
-0.5644748091	-0.1921185132	94.1408847070
-1.5234035427	-0.3670010676	93.9175648108
-1.0174676588	-0.8922772003	93.2333763383
-1.2659888767	-0.7401632690	92.2767685001
-0.8689069404	0.1705829173	92.3902027098
-0.3199330444	0.4594287362	91.6058585542
0.6343602892	0.7532958475	91.5513943060
0.4881006757	-0.0506304354	90.9749303808
1.4134863273	0.3209591544	91.0496469952
2.2483666885	0.6724656370	91.4732245856
2.7882137973	0.9264836337	92.2757455863
3.2857153304	0.2871639627	91.6894328856
3.5731696621	0.2714619430	92.6470985129
3.4075692531	0.8046765663	93.4767120796
3.3744411251	0.2247670911	94.2907191605
3.7260836796	-0.6590938615	94.5991625594
3.0351983318	-1.2472147816	94.1786970797
3.2697778842	-1.9151390571	94.8849899339
3.0957665492	-2.5318412978	94.1172670662
2.2187814802	-2.9683557861	93.9163882713
2.0569920143	-3.0632412130	94.8986412553
1.1878637532	-2.9646606234	94.4139785549
0.6271772127	-2.9962594585	93.5865535632
1.4643321799	-3.5253802341	93.4479795187
1.2599084015	-3.5292703352	92.4691047637
2.2577685915	-3.4959988125	92.5253901713
2.9089345426	-2.8148975781	92.8601796762
2.4700631119	-2.0816360333	93.3795248159
2.6695065140	-1.1571115777	93.0547528029
3.1340480365	-0.3702986374	93.4611104913
4.0988528846	-0.1491856020	93.6034503333
3.8669130105	-1.1219007407	93.5980509152
3.4861672520	-1.8559310292	93.0357056450
4.1193077587	-2.2275697197	93.7146885479
4.2951417851	-1.5925155183	94.4668777240
4.8937775646	-0.9561384380	93.9804011929
4.8124121067	-1.5665164877	93.1924809567
4.3689267680	-0.8157707945	92.7028875964
3.4639196993	-0.9543256602	92.3006877023
3.1915772321	-1.7876515508	91.8196497198
2.2926036400	-1.8539157163	92.2526110819
1.6854168350	-1.4610502699	92.9432491383
1.7477488008	-0.7870237964	92.2071764251
0.9299899298	-0.3145436477	91.8784927808
1.2316278159	-1.0854977541	91.3175610992
2.2033557364	-1.3213490643	91.3066520195
2.5026351337	-0.4035419928	91.5675390099
2.6292124415	-0.1807438329	92.5341512202
1.7494755837	0.2869412454	92.4485140292
2.3296440171	0.5548795219	93.2176782957
1.3633437699	0.6330500598	93.4629397870
0.9834063535	-0.1880706226	93.0370191552
1.9105445451	-0.3662857109	93.3666464538
2.0716060887	-1.1471712173	93.9702001011
2.2277087391	-2.0163667577	94.4393813827
1.4802091563	-2.1218359843	93.7835455679
0.5639443666	-2.0442946376	94.1765419733
-0.4061940985	-2.0250065829	94.4183256152
-1.1778870721	-1.6755947673	93.8869111466
-0.8648093396	-1.0628822844	94.6125596475
-1.2598724725	-0.2227122123	94.9840961475
-0.4202691810	0.3128995894	95.0745743809
-0.1923719639	-0.6365444278	95.2904885228
0.2620010770	-1.5208657539	95.1831529185
0.2449349083	-1.0707918178	94.2903247167
0.9085043349	-1.1425330166	93.5456578002
0.5912822819	-1.1169553649	92.5976514960
1.0821457224	-1.8134799809	92.0742906815
0.6837573473	-2.1640563130	92.9218654203
1.6087538703	-2.5414598392	92.8777291452
1.7655028974	-2.7146249375	91.9053899084
0.8392698661	-2.7872500435	91.5355007821
0.3545670747	-3.0611379115	92.3661924456
0.0035521081	-2.2699902691	91.8653193068
0.2478204772	-1.3196685901	91.6723901220
-0.1440938067	-0.4821955875	92.0532341372
-0.4954239501	-0.4409400014	91.1178918966
-0.7350750360	-1.2975748830	91.5747770426
-0.4384066580	-1.4888635514	92.5104033135
-0.1459931078	-1.6690064450	93.4495746789
-0.3947499886	-2.5115647637	92.9718556256
