-1.8557168459	-4.1042670993	160.6474589255
-1.2170977837	-3.4332659031	161.0241857337
-1.4946429262	-2.9921105230	160.1707511290
-0.5735595279	-2.6558770022	160.3670987617
-0.5880907186	-2.6512784271	161.3669826037
-0.7641869742	-1.7810170022	161.8270208207
-0.1858674508	-1.6749351655	161.0181369151
-0.9614413703	-1.0444306506	160.9873286043
-1.2963340338	-1.9815940392	160.8894936057
-2.0676297131	-2.6018406811	161.0323119458
-1.8677676688	-1.9776950579	161.7876247315
-2.5909980345	-2.6138942710	162.0563037210
-2.4057618038	-2.1990747542	162.9471529267
-1.6201388646	-1.6116441830	162.7529316058
-1.0921318767	-0.8480694866	162.3812297042
-0.1964658949	-0.5730693394	162.0317195211
0.5404794945	-0.0075222701	162.4019464859
-0.3570051872	0.4326238932	162.3737933143
-1.3284183183	0.2236075386	162.4863485995
-1.3107419726	0.0844522152	163.4764613924
-1.9651896994	-0.5514575722	163.0674174888
-2.2095586020	-1.2832130130	163.7036704372
-1.3773854310	-0.8196282415	164.0079350804
-0.8442837161	-0.0621959159	164.3848950698
-1.4805048334	-0.4588127394	165.0466486381
-0.7350170172	-1.1096547260	164.9029384281
-0.1487020114	-1.8609148958	165.2059943161
-0.2369490573	-2.8560238705	165.2503856131
-1.1168693745	-2.4180542186	165.4345670981
-1.7720356700	-1.7884637264	165.0169872406
-1.8758818185	-2.5691861373	164.4007985564
-1.4673960089	-2.0281866728	163.6656394424
-0.7456645967	-2.1725784075	164.3425846363
-0.8496072265	-2.9302380781	163.6982650313
-1.0333619084	-3.2361734121	164.6324158694
-0.2965004167	-3.7364551287	164.1777144880
0.5245350730	-3.4690308648	164.6820804144
0.2418454194	-2.5998270373	164.2764065726
0.8974848346	-2.6285383858	163.5218784978
0.1714613906	-3.2997352798	163.3722633649
0.0624280219	-4.2466717063	163.0699007866
-0.6895109194	-3.6048505434	162.9193902437
-0.9842312485	-4.3166345619	163.5569664655
-0.9882768132	-4.6627762134	162.6187929258
-1.5726912511	-3.8691847869	162.4494636233
-2.1160540737	-3.5817437388	161.6607086000
-2.6225984815	-3.5402980615	162.5219257729
-2.2598047694	-4.1519624951	163.2249530435
-1.7506728052	-3.5480487863	163.8382008525
-1.6376402830	-2.9508062859	163.0441447810
-1.3461576239	-2.8944629042	162.0892294535
-0.8414194469	-2.3156392458	162.7297000189
-0.0684140525	-2.1999986547	163.3534707412
-0.6320396192	-1.3787173272	163.4419196061
-0.1239845837	-1.4668077710	162.5851114860
0.7535200237	-1.9328299576	162.6982882752
1.4085941623	-2.1555367130	161.9762913404
1.0427276883	-2.9742063910	162.4189217521
0.9986554868	-3.1936043956	161.4442822513
0.4175757066	-2.5872196216	160.9014712392
0.3125465535	-2.1586533933	161.7988562541
-0.0259793991	-2.8773089629	162.4062559180
0.3641161861	-3.7466311734	162.1027689682
-0.1443043354	-4.5876639914	161.9179112599
-0.6736201741	-3.7394631266	161.8984167533
-1.3351800391	-4.4180576868	161.5792804690
-0.6801445568	-4.4439006936	160.8241244217
-0.1868281881	-3.5834253403	160.9514866094
0.6019284734	-4.1711498438	161.1316055616
1.2567441094	-4.3143027765	161.8737131822
1.8294529163	-3.5985709880	162.2733788294
1.1017551196	-3.9108167135	162.8840821318
1.1482266400	-3.7927303948	163.8759974604
1.5632628833	-2.9541365154	164.2288504357
2.1191733769	-3.3486846930	163.4972116870
1.8884388284	-2.5202102515	162.9869258180
2.5172994928	-1.9547105954	163.5205402890
2.3662043290	-2.2392267905	164.4672296711
2.0611538996	-1.4131560781	164.9410982326
1.5390463630	-0.5603900609	164.9550208842
0.9455747031	0.0653644081	164.4488363987
0.0713082480	0.5184909450	164.6230044407
-0.5288749919	0.2218750381	165.3658362403
0.1293075175	-0.4878272039	165.1146022616
0.7461768949	-1.2588461257	165.2727224480
1.1111268622	-2.0599775940	164.7983809129
1.5278943711	-1.8936116998	163.9047214516
1.0808667473	-1.0159474722	164.0775560753
0.2382940575	-1.5520651273	164.1290257011
-0.0137513262	-0.5885758750	164.0386842078
-0.3249215673	-0.3777246239	163.1120155340
0.5052749003	-0.9322276144	163.1694634124
1.0604964914	-0.9874546638	162.3395965811
1.6963366284	-1.4488361072	162.9583327801
2.1648867455	-0.9997157997	163.7190901246
1.9280732406	-0.0661683849	163.9881785639
1.4242579001	-0.3407673787	163.1691758195
0.5647614321	0.0977038501	163.4318710860
-0.2965316386	0.5621666247	163.6379016114
-0.9462923226	1.0521681713	163.0567737959
