-1.7592490631	1.2371176041	-0.2309054733
-0.8246090720	1.3525501707	-0.5672437100
-0.4906561185	1.0439906124	-1.4578987632
0.3436805358	0.6171050547	-1.8066838945
1.0384583805	-0.0363271531	-2.1072002775
1.2152292197	0.4210202698	-1.2356583077
2.0440421133	0.9397593129	-1.0259466186
1.7904317146	1.0167934666	-1.9901807732
0.9610985623	1.5754059619	-1.9775870250
0.0052897134	1.6026633541	-2.2703095538
-0.5159746230	0.7876591548	-2.5233938219
-1.3390055951	0.7293807186	-1.9583950229
-1.4935812209	0.6646455263	-0.9725371575
-0.8934230700	0.3672330971	-0.2300036291
-0.3185814406	-0.4418674530	-0.3521240654
-0.1782273659	-0.4937312376	0.6366180048
0.3552165816	-0.7261674687	1.4498897635
0.7416572871	-1.3119341587	2.1623088579
0.2320571769	-0.5291663670	2.5194955206
-0.5099832618	-0.2509842568	3.1294059245
-0.7827091352	0.3637462210	2.3893200932
-0.6167896855	-0.3105274220	1.6697189603
-1.0507118544	-0.0477560045	0.8079401409
-2.0317475513	0.0752055768	0.6581088660
-2.0811451712	1.0533042235	0.8603040996
-1.3619106396	0.7166998549	1.4680862873
-1.0110716089	1.0439161340	0.5906801777
-0.1523874138	0.5343791687	0.5356026501
0.6449475492	0.2255867802	1.0541624033
1.1841843761	0.8957485621	0.5441557067
1.6933602425	0.0931132164	0.8548266562
2.4833994870	-0.4255480820	0.5279804388
1.7481829068	-0.8088603692	-0.0310618411
0.9866393168	-0.6258171711	0.5906668362
1.5508566023	-0.8838976420	1.3749201915
1.1855543172	-0.1410942614	1.9359882607
1.2359197314	0.8562307631	1.8830154332
0.3643381342	0.3963730961	2.0529461410
-0.2705321342	0.9547155574	1.5189110876
0.3832949942	1.5015795596	0.9959867630
0.0325637599	1.4989445713	0.0595143085
-0.2591304804	2.3238934635	-0.4246073657
0.1421082143	2.5180567856	0.4705507847
0.0295488621	2.4283476582	1.4601379030
-0.7489301744	1.8295143344	1.2720713186
-0.9659658213	2.1196925573	0.3400347705
-1.4715867749	2.2329829342	-0.5152504110
-1.5496569236	1.6379110581	-1.3151219721
-1.0255918981	1.7168653214	-2.1631326286
-0.5644170204	2.0619112805	-1.3456602937
0.2901396745	1.6255180511	-1.0640687376
0.8557144328	1.0699191482	-0.4546140207
1.7329576429	1.4488161505	-0.1598574906
1.4670906438	1.9720091066	-0.9695388288
0.8036155051	2.2791086850	-0.2872701214
1.7231325460	2.6546109845	-0.1711390124
1.0859790656	3.0335401922	0.5000152902
1.3653354703	2.0893221391	0.6744064233
2.0870023073	1.5643593073	1.1256391810
2.6936343234	1.5068285336	0.3327408224
2.4725693630	0.5424844721	0.1872388833
1.6156494322	0.2112678287	-0.2077089200
0.6424444805	-0.0124530600	-0.1545950233
0.0530237959	0.5432565518	-0.7409141207
-0.5054792717	0.0403899048	-1.4006106106
-0.8908840831	-0.3711192922	-2.2265181794
0.0785188587	-0.5692767362	-2.0816335227
0.4451831463	-0.3701718071	-1.1728351251
1.3813509508	-0.7196700518	-1.1348770087
0.8781099234	-1.3371855559	-1.7393793416
1.1850962857	-1.7765682413	-0.8951624092
0.6927510118	-1.0881358724	-0.3625678122
0.0262665638	-1.5163984804	-0.9728051588
-0.3927960433	-1.4989254402	-1.8805943547
-0.8377945695	-0.8938448839	-1.2204020857
-0.8884854431	-1.4134699780	-0.3675127629
-0.0949407222	-1.4742278556	0.2379583397
0.5893780179	-1.6281056765	0.9507202062
0.6688295585	-2.1788260099	0.1198203523
0.4294977898	-2.5871123014	-0.7611011020
-0.5599585466	-2.4434281306	-0.7429072175
-1.2775990421	-1.9016424360	-1.1804690764
-1.8061185245	-1.2573884315	-1.7332836334
-1.8274590153	-0.4643245148	-1.1245191408
-2.3232000717	-0.2651097042	-0.2792060247
-1.3948710954	-0.5719767938	-0.0693539314
-1.1278415084	-1.2134046365	0.6498578054
-0.4170796906	-1.5249315105	1.2805468294
-0.4502837319	-1.4273970462	2.2752249281
-1.3160114170	-1.3083086531	1.7890834569
-1.3061463520	-0.5808788788	2.4751946753
-1.8876579516	-0.1515643131	1.7841568592
-2.0794423252	-0.9133395989	1.1653538470
-2.4361475986	-1.7979406404	1.4657574843
-1.8062251872	-2.2276043498	2.1127403685
-1.2843452346	-2.3344541395	1.2664399268
-0.9033488161	-2.2906465312	0.3429018266
-1.6190562500	-2.3500564167	-0.3529669359
-1.9584831931	-1.4181778886	-0.4809972415
-1.9539558987	-1.8454423433	0.4231181214
