0.0816609595	-0.4980526695	114.0123865015
0.5467937453	-0.3965204912	114.8917855625
0.0796021893	-0.5767475918	115.7573779852
0.6089254937	-0.0037279308	116.3830498701
0.0184065667	-0.6326572087	116.8887527081
-0.0002926052	-0.5297798232	117.8832709756
0.9722993121	-0.3788062269	117.7064322474
0.3793620885	0.3463729402	117.3563742171
0.3972642299	0.3616824071	118.3560967454
1.2969118345	0.5836244701	117.9800968675
0.6690744569	1.3563174643	117.8864712083
-0.1651572184	1.2434465879	117.3467326817
-0.8912173175	1.5825552941	116.7485337032
-0.9160642392	1.9760566766	117.6675218927
-1.8049881967	1.6289291441	117.3686629395
-2.3321811700	1.0273111132	116.7685601868
-1.4772828469	0.7021309868	116.3643241881
-1.2344280426	0.7369773405	117.3337607645
-0.5454885760	0.3481398333	117.9454533379
-0.5623802726	-0.2693803045	118.7318270086
-1.0443007872	-0.9063697066	118.1301650443
-1.1843147572	-1.7358585852	118.6708537611
-1.0412379191	-1.7884380835	119.6591676863
-1.8450080280	-1.1935946838	119.6698887796
-1.5415005215	-0.4488062701	119.0756048303
-1.1296256177	0.4440679467	119.2576342139
-0.1580289079	0.6804434940	119.2688785085
-0.5017856250	0.0298357143	119.9460349428
-1.4783587746	-0.0865343227	120.1270401860
-2.4340811213	-0.0057164581	119.8440856511
-3.1715713089	0.3327311971	119.2596530991
-2.6268352580	-0.3763485202	118.8119159112
-2.2728449115	-1.2969595167	118.6470941057
-2.1647190588	-0.6992868821	117.8526784577
-1.6408055252	0.0913931574	118.1694428567
-2.3199765618	0.7568233080	117.8597181115
-2.2278911021	0.7985032800	118.8545965201
-1.6442790295	1.4110197867	119.3877198433
-1.9185904413	0.8859508487	120.1933598745
-2.7885426966	1.1715295475	119.7913301738
-3.0606946587	1.6313001289	118.9460229385
-2.8460766998	1.6349908322	117.9693318356
-2.0181533688	1.8302786381	118.4950747679
-1.3475282605	1.0970672081	118.3825449361
-0.3797547083	1.3059807560	118.5231489232
0.1080419889	2.1492082100	118.2972687713
1.0670214485	2.0994828280	118.5763490148
1.6136198521	1.7848559218	117.8003077175
1.6241447289	1.1108143844	117.0616892553
1.3397401812	1.0025295477	116.1091198628
0.4039961788	1.0651460349	116.4561967094
0.6972011182	1.8785761857	116.9585534086
0.9307930496	2.5886550645	117.6227994439
-0.0137946779	2.6350570977	117.2978365595
-0.1491002832	2.2886376357	116.3695661519
0.6226538864	1.9605896073	115.8247909755
0.0278978352	1.6293720814	115.0922882860
-0.7598572905	1.5018041701	115.6949227440
-1.2163375158	0.6998120544	115.3096508265
-2.0465473251	1.2007711828	115.5541740855
-1.7688967246	1.8075369015	116.2989864824
-1.3131263111	2.5182897656	116.8348070647
-1.1494742264	2.9834662845	117.7047661450
-2.0809511511	2.6334977892	117.8041280639
-1.7408902445	2.8452109544	118.7203900981
-0.9343978330	2.2539730710	118.7176052459
-0.5530755022	1.7585131295	119.4980619881
-0.8326149788	1.0570680263	120.1536780710
0.1525626274	1.2277261649	120.1363320657
0.5361770478	1.8543624575	119.4579760137
0.9796451420	1.0893532516	118.9909674867
1.2279569687	0.1397231527	119.1821321066
0.9455771422	0.5949270155	120.0265556241
0.6019889364	-0.0038368596	120.7500395332
-0.2949651955	0.3976942905	120.9350963371
-0.2784460544	-0.6007242448	120.8813604416
-0.9877694261	-1.1951088345	120.5024576654
-0.4460761982	-1.0030577324	119.6841149371
0.3578250046	-0.4142253933	119.6003334795
0.6461492541	-0.8137943289	118.7301531575
-0.1075901191	-1.4249312231	118.4885157145
0.1915641518	-1.6095536577	117.5523419706
-0.7837576658	-1.6577391872	117.3368761802
-1.7092594821	-1.6889128082	117.7143342486
-1.6921068407	-1.1454139297	116.8750996235
-2.2565573241	-1.0102257270	116.0607779416
-2.3183620877	-0.0121752107	116.0520981881
-2.7175677350	-0.3950203620	116.8852034883
-1.8160202544	0.0010233239	117.0594491173
-0.9441442205	-0.4709209934	117.1902189260
-0.4582877764	0.3135814208	116.8048626261
-0.9109181139	-0.3231022858	116.1805553018
-0.5936084411	-1.2534087863	116.3645237416
-1.2533422540	-1.1982916741	115.6150483250
-1.6295150552	-0.3419945447	115.2611426175
-0.7386465303	-0.1645815338	114.8429585733
-0.9587801411	0.6261903594	114.2718009714
-0.0006147936	0.5572019597	114.5495774415
0.6197939052	0.6005556430	115.3326569424
-0.2603516944	0.4934738615	115.7951255526
