-2.8539070941	1.3833150488	-174.7688459795
-3.0781333771	1.2481913988	-175.7339698955
-2.1172941683	0.9710899571	-175.7322948648
-2.2444548186	0.3928036571	-176.5381578335
-2.9340283998	0.2184153643	-175.8352517235
-2.6233576882	0.0649849998	-174.8971990426
-1.7887390436	0.0740876364	-175.4479520363
-0.9001355141	-0.0798497678	-175.0158790761
-0.0810287200	-0.5952800177	-175.2676641381
0.5326821358	0.0553112070	-174.8203498818
-0.0233622263	0.5275712896	-175.5042980390
-0.1710671354	1.3501513977	-176.0534293764
0.3362198746	1.4886345552	-176.9040070063
0.8754846759	1.1556803796	-176.1304858425
1.3634240837	0.3076431052	-176.3372415331
0.9404462463	0.5620960496	-177.2069216169
0.1291941683	0.5111355191	-176.6244500808
0.5441502345	-0.1658128159	-176.0165418518
-0.3990197918	-0.3789684659	-176.2714829633
-0.1679704186	-0.5001522620	-177.2368485286
-0.3400336150	0.4020363856	-177.6323860118
-0.6701132232	1.1305851064	-177.0321658742
-0.6715777632	2.0596070147	-176.6621440519
-1.4584582030	2.6760208295	-176.6913533373
-1.6063641302	1.9250295908	-177.3348873272
-1.6982214158	0.9294008589	-177.3179856326
-1.5645076378	1.4014081214	-176.4465903321
-2.4119932508	1.9224295387	-176.3450776799
-2.1821503522	2.1758015119	-175.4054102467
-1.8512829924	1.6514789865	-174.6208003566
-1.4962568950	0.7167009753	-174.6329057194
-2.3009012916	0.7914558534	-174.0438733746
-1.5077708770	1.1666722417	-173.5641267670
-0.7691953247	1.8402161804	-173.5931907700
-0.6324325190	1.5992127242	-174.5540306469
-0.4711143758	2.4924400864	-174.9736987728
-1.0610476899	2.2258003620	-175.7358548869
-1.2057689088	1.2999460289	-175.3867853772
-1.1061655468	0.5474728724	-176.0378332396
-1.0939430268	0.1141836327	-176.9390052791
-1.5655528817	-0.4907598073	-176.2974231883
-2.2946682997	-0.9469855714	-175.7872773667
-1.6208233583	-1.5875265302	-176.1555711014
-0.8802001341	-1.1675081007	-175.6311077960
-1.4709958794	-1.2965938709	-174.8346799893
-0.9321065446	-2.1378635271	-174.8778500065
-0.2619865475	-1.4544095106	-174.5883162490
-0.2349705389	-0.5159433802	-174.2440032266
-0.3121523209	-0.4656338814	-173.2482563075
-0.4919273604	-0.1884121958	-172.3044188892
0.4669240679	-0.2880118979	-172.5702832114
0.2720802942	-1.2596944342	-172.7039580127
-0.1902823042	-1.4256572187	-173.5749787828
0.6418815103	-1.9336166453	-173.7974211499
1.5563027931	-1.6019621880	-173.5653887413
1.4316860348	-0.9097828634	-172.8545030641
1.6748671405	-0.0683065885	-173.3369765128
1.6123396243	0.2477471539	-174.2836550969
1.6198285964	-0.7489285507	-174.3647812649
0.6769906901	-0.9725446555	-174.6118693466
0.6921924609	-0.7913488701	-173.6285398018
0.5469778321	0.1962458570	-173.6882839780
0.5748974356	0.8723800603	-172.9520346759
-0.1849974053	1.5001952012	-172.7834880067
-0.3859391355	0.5904311472	-173.1467396925
-1.2449378165	0.6157420009	-172.6353879284
-1.3767958967	-0.3186010701	-172.9664717129
-0.9402710590	-1.2157060289	-172.8982899045
-1.1547999900	-0.9602893302	-173.8410197957
-1.8820671980	-0.3049251792	-174.0449321242
-0.9863971067	0.1074544800	-173.8784445745
-0.2951669869	0.5446714898	-174.4538072495
0.1144029476	1.2390431169	-173.8621143289
0.9301476121	1.0622977717	-174.4128608452
1.4908290820	0.9856561580	-173.5883838277
0.9545891985	1.8284100873	-173.5413455256
0.3485025840	2.1522466928	-174.2678363161
0.4023369841	1.6045986119	-175.1028114276
0.8567495637	2.4951796648	-175.1221659039
1.4476053432	2.0324532954	-174.4612772939
2.0327849851	1.2241723134	-174.5264435495
1.5029033917	1.5249399264	-175.3193901681
1.2182290256	0.5687466783	-175.3876175646
1.3554817363	-0.4205275876	-175.3376363657
2.2012069090	0.0740257760	-175.1372220383
2.3740391073	-0.9090128394	-175.1985743975
1.7784772434	-1.6475524159	-175.5145892076
1.2013448896	-1.9434867152	-174.7534445849
0.3373186762	-2.1106449991	-175.2283306877
0.7215687604	-1.2816589526	-175.6346975263
0.8098863926	-2.0008101254	-176.3239156242
-0.1732491974	-1.9486295594	-176.1486398408
0.2480081460	-1.1919130929	-176.6485622748
0.8742435314	-0.4610391754	-176.9199523241
1.6115498806	-0.8230501532	-176.3495775355
2.3583537141	-0.1763263330	-176.1945538775
2.4281910858	0.7654062841	-175.8655213266
2.0600819182	1.3218242674	-176.6104338507
1.4047430511	2.0493393549	-176.4073260795
0.4572774287	2.2771859006	-176.1828381156
