0.5054748791	0.5305453076	140.2405889213
0.5030494855	0.2514569301	139.2803265639
0.1447111737	1.1662491532	139.4667369790
-0.4415410825	0.3959748723	139.7177067465
-0.7116810171	-0.0633508705	140.5639007419
-1.2421864761	-0.5158189313	139.8470767663
-1.7070866675	-1.0385809240	139.1325225619
-2.1426345946	-0.1421599511	139.0505015744
-3.1058590294	-0.1645077229	139.3182687595
-2.5975368339	0.3911697735	139.9761677377
-1.7010030132	0.6123432013	139.5923586405
-1.0752887199	1.1315168389	139.0101727963
-0.3321484426	1.6975427085	138.6533013304
0.3933842088	2.2259946790	139.0941424432
0.6570238440	2.1802810538	138.1306049986
0.7348506606	1.4513209143	137.4504872869
1.0831390747	0.5155393788	137.5053334199
1.6908077294	0.1383604252	136.8064236667
1.2842314859	0.3472702762	135.9170123826
0.9653073393	1.0156919801	135.2450750235
0.3586590114	0.3385193643	134.8286436910
-0.6402394932	0.3201903593	134.8718388878
-0.2134306579	-0.5077302368	134.5079959209
-0.2253242218	-1.0767256836	135.3302505802
0.4457357643	-0.3776092398	135.5770596019
0.1018197127	0.5361573692	135.7932824819
-0.1962102349	1.4897375717	135.8364443591
0.5988870716	1.2266559460	136.3828950260
1.5958236609	1.2332946542	136.4608268198
1.8822903803	1.2775156700	137.4178959502
1.8276076290	1.0465057667	138.3893094674
0.8392873959	0.9587042742	138.5138647350
1.2549977544	1.3101449926	139.3527177134
0.7454875032	1.8139863811	140.0502441710
-0.0894136714	2.3006970227	140.3072515248
-0.7438526744	1.7799510715	139.7590423989
-0.3305352053	1.2509955360	140.5002405581
0.3844627868	1.4099743351	141.1810515544
0.2624667823	0.4619820999	141.4750374334
0.3489837993	-0.4302162347	141.0317576826
0.1282865523	-0.4861884260	140.0580226884
0.4646322874	-1.1360052419	139.3763998804
0.1829296808	-1.7135949823	140.1425811470
-0.6452286709	-1.2237985930	140.4150756268
-1.4010035474	-1.6048259841	139.8825134584
-0.5496016415	-1.3352245449	139.4325914001
-0.1929652610	-0.5273918898	138.9633186719
-0.7335216004	-1.1263373220	138.3725029534
-0.6393964960	-2.0236939020	137.9413514336
0.0858045290	-1.8979094789	138.6183017657
0.4921466282	-1.0668658022	138.2384958865
1.2830366556	-0.5730830838	138.5999811441
0.5333401841	-0.0219601757	138.2336223845
-0.2501805275	0.4750209177	138.6065903286
-1.0696601783	-0.0557022844	138.8228910100
-1.7009145574	-0.5048830397	138.1906295468
-2.2011184866	-0.7694069259	137.3661156640
-2.6631401245	0.0758785577	137.0977344852
-2.6941456537	1.0689713059	136.9845733135
-2.4138472854	1.2241846784	137.9318544934
-2.6632933579	0.9031610116	138.8454848684
-2.8680279509	0.1585739599	138.2101315267
-2.8980686704	-0.8277601992	138.3721268404
-2.7145500126	-1.7304137145	137.9828486191
-1.7232839539	-1.6892407470	138.1081338444
-1.2081414718	-2.0230699758	138.8975553218
-2.1472940988	-2.1714180638	139.2073700858
-2.4044266310	-1.8757489000	140.1274041104
-2.6482642736	-1.1995228288	139.4322339840
-2.1903482366	-0.8151783528	140.2338524886
-1.7796071032	-0.0164027254	140.6734536923
-1.3137864579	0.8661397733	140.6091896716
-1.8814698037	1.5747016612	140.1900528564
-2.0128012612	1.7283565594	139.2106947909
-1.4112355428	1.9307753372	138.4379430036
-1.4174637153	1.7661137554	137.4516125451
-0.4342116746	1.7961760108	137.6313670589
-0.9245519988	0.9600577750	137.8772789584
-1.7139471012	0.6154881493	138.3853411056
-1.6139030885	0.1846996321	137.4884506725
-1.5567937595	-0.2740654730	136.6017302527
-2.2351190422	0.3429658305	136.2027977004
-1.5719764853	0.9216578413	136.6775160441
-1.2309953893	0.6006401758	135.7939553215
-1.5433935544	-0.2743529814	135.4240981041
-0.6343386419	-0.2291958069	135.8383202613
-0.0583890392	-0.7588495453	136.4610151887
0.2415100457	-0.4801691424	137.3733735458
0.4962583812	0.2078488638	136.6938630539
0.0552586232	0.6385784182	137.4812582941
-0.5370174481	1.0040839499	136.7631950924
-0.5441201984	0.0151073741	136.9110966931
-0.5917410707	-0.1983914920	137.8868786804
-0.7740410946	-1.0204130678	137.3473907471
-1.1616995307	-1.3321578750	136.4799023540
-0.4269032880	-1.9902753987	136.6440845902
0.2055699238	-1.5898886343	137.3071593034
1.1967541391	-1.6773969759	137.4066386561
1.3050476929	-0.6894310709	137.5170736002
0.9935101299	-0.9495465210	136.6031347076
