0.9867840496	1.8125988402	52.7108736247
0.2736242307	1.7327467269	52.0144350325
0.5459914591	0.8693348447	52.4390949135
-0.1341097721	1.3298341280	53.0095357302
-0.6705067125	2.1535146020	53.1934617997
0.0777929839	2.5884909582	52.6926193755
0.5634059541	2.9983814050	51.9204990061
0.5841090388	3.7089114693	51.2171367879
-0.2634952098	4.1035119034	50.8623727322
-0.5281570228	3.1476770302	50.7345688984
-0.3796083751	3.2520284479	51.7179528930
-1.3523809301	3.1053324061	51.5385265079
-0.9300123307	2.3890902803	52.0940460696
-1.6273111583	2.6031474336	52.7781176157
-2.3970667587	2.1019353922	52.3828167112
-1.8231178770	1.9919096519	51.5713507429
-2.4469735109	1.3022612100	51.2036699375
-2.4898038855	0.7916869832	52.0624362142
-2.3759136282	1.0549244456	53.0204211032
-1.4943201091	1.1589402071	53.4808269987
-1.4498474249	1.5037896187	52.5432231038
-0.6549248910	1.2584377835	51.9883351493
-1.4496333826	0.8002929924	51.5901621169
-1.3696520261	0.3774725167	52.4928391510
-0.4019276464	0.3819674547	52.7448100232
-0.5159259308	0.1988801220	51.7683452671
-0.0533751774	-0.6075189272	52.1368115125
0.1903354934	-0.4779672520	53.0979678329
-0.6121105126	-0.1810228935	53.6155627086
-0.9143004952	-0.5966743642	52.7577077854
-1.0859225879	-0.7452220309	51.7838086900
-1.9733075797	-0.3064128697	51.9252102334
-2.3116684973	0.2219012430	51.1464958520
-1.3690844372	0.0100263405	50.8883402490
-1.3470871807	0.0456482057	49.8892170317
-0.5014952684	-0.1910830876	49.4107480017
0.2240381195	-0.5228505405	50.0136838691
-0.7031578345	-0.8666070309	50.1624761340
-0.3283584271	-0.4601020222	50.9957102440
0.5979411204	-0.8304216783	51.0652264335
1.4082571355	-1.1186631771	51.5754271724
1.0000563722	-0.4612305435	52.2087947348
0.5039038140	0.1406490990	51.5830363669
0.4995236332	0.3895035618	50.6145053812
-0.4593944433	0.3287365133	50.3374070445
-0.7672748574	0.9613354353	49.6267536448
-0.0051532095	1.2597374105	50.2013203119
-0.0302438233	1.0945277527	51.1872595748
-0.9206302560	1.1468840029	50.7350750730
-1.8499004069	1.1858360855	50.3677336489
-1.2772181161	1.9347386772	50.0342971452
-0.9802982008	2.1828420090	50.9564052194
-0.0310171536	2.3222361822	51.2382469445
-0.1653756825	2.2279051069	50.2518142636
0.7507926985	2.2047144950	49.8516921658
0.7937979909	1.7131058880	50.7214458795
0.9859685996	1.1067753771	51.4930894298
1.6599801295	0.9437862613	50.7725736384
1.4538088761	0.0810105069	51.2342135541
1.5871499600	0.4942690841	52.1350118133
1.8710125854	1.4524326811	52.0983439606
2.5756011009	1.7821320149	51.4699703670
3.5248731147	1.7164097680	51.1624590176
3.7507276291	1.4045568300	50.2395627702
3.1933193818	0.6975237707	50.6747642165
2.5183132711	0.5228583510	51.3916036280
2.3632467700	-0.2578301917	51.9969793622
2.2649097532	-0.5417253661	51.0431799278
1.4729887287	-0.7947862217	50.4874630086
1.4050851994	0.1105447086	50.0682196218
1.8299378627	-0.4251127518	49.3384447938
2.4145408235	-0.0368065249	50.0508054134
2.1532557827	0.9006761579	49.8209003312
2.5701498999	1.5408332116	50.4661896010
2.8889268406	2.4730194269	50.6376833968
3.7578649096	2.4562245604	50.1430476068
3.9002550533	2.0531002847	49.2390476813
3.1538293018	1.8626235014	48.6014214644
3.1629265276	1.1685223069	49.3212414226
2.8315932641	2.0729569227	49.5899723178
3.0319094668	3.0524927792	49.5704038516
2.1174669013	2.8784762237	49.9357982039
1.2756814939	3.1098401744	49.4480810213
1.3558108613	3.5856269946	50.3239840902
0.3875990713	3.4676470418	50.1034242111
0.7624103595	2.8026888100	50.7494482417
1.4401796120	3.1298775048	51.4079134255
1.2136825880	2.1862223852	51.6491894360
1.7968402183	2.2093868242	50.8371607499
1.7697255035	1.8800848294	49.8933254950
1.1095888681	1.1292707266	49.8710139377
1.4638839826	0.6301726362	49.0802067121
2.4214856253	0.3994631919	48.9076603528
2.1874118528	1.3716451789	48.8991955341
2.0244072442	2.3574686303	48.8594259456
1.1462232845	1.8878705272	48.9503685341
0.8063448632	1.1507880545	48.3662520327
0.4893542739	0.2313775633	48.5990637914
0.3365671827	0.4277864400	49.5676089158
0.1984131087	1.3452025222	49.1944317676
