1.0555600711	-0.9414586988	10.6584093488
0.3318316377	-0.3835566370	11.0645650382
-0.5837582333	-0.0338421462	10.8660833939
-1.5648918214	0.0648277086	10.6998271397
-2.4608876687	-0.3792177928	10.6959497415
-2.9603888775	0.1275998459	9.9933585208
-2.0189238292	0.3426686144	9.7337646307
-2.6537345630	0.5329934635	8.9849043072
-2.5553111476	0.3708799139	8.0030529802
-3.2288311470	-0.3344889812	8.2240179828
-3.5598291919	-0.2938404281	9.1667735128
-3.2452066250	-0.9803200176	9.8223331314
-3.0524927820	-1.5162195013	10.6443265122
-2.3048544855	-1.9901237508	11.1095702547
-2.3348237997	-2.5775132822	10.3008209866
-1.7205428441	-3.3531877056	10.1559482961
-0.9084410181	-2.8666083743	10.4780215464
0.0403430027	-2.5508582742	10.4885456187
0.4770012860	-2.5713421755	9.5891514040
0.8171209888	-1.9783367339	8.8593136590
0.9283453351	-1.0450225956	8.5179137994
0.8290627668	-1.7444533572	7.8101429457
1.1148237021	-0.8321898245	7.5166877790
0.6677106689	0.0353470831	7.7345630862
-0.0207653564	-0.5240664266	8.1961443768
0.0492547671	-1.1746919784	7.4399806553
0.3140883577	-0.4168661790	6.8436894287
-0.0965520611	-0.5229193657	5.9380807008
-0.1301369527	-1.4217122065	6.3751659149
-0.8935873740	-1.1660267923	6.9682666004
-1.1050740554	-0.5850198445	6.1823249294
-1.7344078290	-1.3528280003	6.3023650774
-1.8313824075	-1.4981893822	7.2869797227
-1.0341043457	-1.9718757517	7.6611039208
-0.7184177759	-2.2122546860	6.7431932729
-1.6992538172	-2.3957970480	6.6778261447
-1.3536517316	-3.2004460191	7.1606296572
-0.6845462672	-2.9611463198	7.8642158505
0.0698016650	-2.3991763450	7.5248798155
-0.2122949667	-1.7966531006	8.2714635216
-0.2537936478	-2.6638870772	8.7676319298
-0.2223986247	-3.3684022326	9.4766261106
-0.7993754776	-3.9313683731	10.0683750740
-1.2267888237	-3.6977235175	9.1950321214
-1.1425555394	-2.7328309127	9.4438031304
-1.2505806694	-1.9458513334	10.0512516576
-0.3501443372	-1.9306522318	9.6165294485
0.1173673594	-1.1592037081	9.1849046244
0.6438731118	-1.5844824556	9.9210633570
1.2814397806	-0.8876164527	9.5926025270
0.9845779181	-0.0310451438	10.0146909389
0.6658764700	-0.2072526507	9.0833583981
0.2495123749	0.5425764469	8.5691626525
-0.1755862541	1.1328089177	9.2553964216
0.7434370714	0.8390702541	9.5182913144
0.0609780661	0.5066228912	10.1692355955
-0.4534251658	1.3623995461	10.2243321658
-1.4246714347	1.1609702717	10.3512452566
-1.1914404589	1.0831474275	9.3819429730
-0.9603171399	0.2611304380	9.9023947771
-0.4479390869	-0.2674125632	9.2255557810
-0.0028458299	-0.5514698414	10.0747927651
-0.7703490148	-1.1065600946	10.3954384762
0.0625248351	-1.4812381025	10.8027927946
-0.4587209255	-0.9933060566	11.5029536159
-0.9955475368	-1.7655938578	11.1632644321
-1.7363138189	-1.1411894869	10.9155054831
-2.1598827749	-1.2975228390	10.0232335388
-1.4467058284	-0.7061001039	9.6469387189
-0.9527232211	-1.2456884791	8.9651575450
-1.1099955550	-0.8691128543	8.0522193150
-0.6479427482	-0.2280177908	7.4394352394
-0.4646017845	0.3262604259	6.6275474703
-0.2062473523	0.7954179754	7.4720261149
-0.5773937208	1.2823325078	8.2626996324
-0.7725125253	0.3044318020	8.3377919868
-1.5053266567	0.2894701680	7.6575276277
-1.5443471208	0.3266887229	6.6589825949
-2.0623974481	-0.4474149526	7.0228333307
-2.7820773383	-1.1413086672	7.0467575564
-3.4714608008	-1.5541305820	7.6420125508
-2.5364865923	-1.7157832951	7.9577523642
-1.9734063011	-1.3425806571	8.6950856516
-2.2007127927	-0.6740724764	7.9869694385
-1.7252647430	-0.1145013855	8.6658135637
-2.4773139043	-0.5648229381	9.1470957660
-3.0249952706	-1.3391378424	8.8301075171
-2.9754407458	-2.0352312119	9.5463465624
-1.9963601642	-2.1263450851	9.3644139464
-1.3319195316	-2.2268683822	8.6238643448
-1.7611269372	-3.1232124459	8.5127413389
-2.0569117800	-2.5858787647	7.7229414644
-2.7147020860	-2.2287952217	7.0597648238
-3.2586562133	-2.5940543351	7.8152115046
-3.5941094599	-2.2139888559	8.6771983669
-2.6354004199	-2.4983442866	8.6815533396
-2.4310379795	-3.1746604817	9.3892484696
-3.3320663139	-3.2621838897	8.9644101550
-2.7631578605	-3.4588958144	8.1658817646
-2.4933090303	-3.3702728921	7.2070660438
