0.7692553303	-1.1229603145	219.7005395223
0.3542870773	-1.4611602306	218.8558963042
0.0744512526	-0.5139060427	219.0121058260
0.6121357760	-0.0276897950	219.7009375280
0.5322534121	-0.0172248101	220.6976868907
-0.1145294802	-0.6026162950	220.2088221859
-0.3139604373	-1.4375864179	219.6959360511
-0.8731064313	-1.0421070696	218.9672716273
-0.4870264976	-0.8339680088	218.0685945907
-0.3531926027	-0.4612947808	217.1503336508
-0.4744881883	0.3095174063	216.5249250219
-0.1881037526	0.9199577904	217.2634008119
0.0067227401	1.8454600971	217.5881901559
0.0657812883	2.7064599971	218.0933547431
0.2799750749	2.7514066036	219.0691112825
1.0726013211	2.9142757965	218.4815593617
1.1084582647	2.0293246696	218.0172579696
1.5369018940	1.2368749804	218.4513772465
1.6503812236	1.1400422201	217.4625669217
1.6503140572	1.9921754495	216.9392420181
1.0618908815	2.7467799718	217.2296386112
0.5647868051	3.5946809640	217.4138977891
0.4466510966	3.8330853146	218.3778517921
-0.4428862840	3.5874548725	218.7630646351
-0.9921286257	4.2860711115	218.3045145281
-0.5274595243	4.4671681021	217.4377466779
-0.4853030922	3.4922423607	217.6562475565
-1.2456199326	3.1123694183	218.1831392434
-0.9406015425	2.4594987943	217.4897968099
-0.6298076841	1.8897921871	216.7289804331
-0.0314660969	1.2092426634	216.3060860127
0.8668506900	1.1151223320	216.7352343713
0.5443472584	2.0591045654	216.6653124187
0.0091549209	2.8477751714	216.9679141986
-0.3239775393	3.7316049792	216.6394821131
-0.0877576090	3.0980404165	215.9027351488
-0.9860695788	2.9634534472	216.3209718671
-1.9565898747	3.0753418965	216.5344462918
-1.4668012957	3.5733161629	217.2500780252
-2.0131146045	2.8010981103	217.5744559650
-1.7190470520	2.1304494494	216.8934606286
-1.5581247576	2.0401977532	215.9106286763
-2.0330460797	1.2704218193	216.3371198829
-1.8385421726	1.0560953291	217.2943201680
-1.5230571721	0.4023502184	216.6065072975
-1.2275804210	-0.5340108320	216.4169776880
-1.3811638542	-0.5057503238	217.4047091661
-1.3087438774	-0.2109895550	218.3575320437
-2.1211580383	0.1400891860	217.8919926269
-2.4318025991	-0.0243934320	216.9558059867
-2.4655172638	-0.8540869943	217.5130060532
-1.9164756767	-1.0175569247	218.3326589782
-1.8948667875	-1.0900894523	219.3297909095
-1.2356572584	-0.6946485068	219.9693761308
-1.1675082903	-0.0330981756	220.7161738794
-1.6111616748	0.2600370994	219.8692716508
-2.1943816216	-0.0087322686	219.1027095069
-2.8492943777	-0.4716295150	218.5053692176
-3.2064038914	0.3424397002	218.0473690996
-2.6396998558	0.9710733880	218.5799723503
-1.9789666588	1.1753868242	219.3022518406
-1.4952176280	2.0325851458	219.4788811493
-0.9456130581	1.2281302274	219.7042410859
-0.2455509396	1.8880123361	219.4313516708
-0.7933894688	2.1987965996	218.6546367376
-1.6904364550	1.8352458157	218.4033649085
-1.5928384996	0.8407290446	218.3658012140
-1.0484269361	0.4568798545	217.6199621907
-0.9291205283	1.4382893878	217.7702995077
-0.6933762418	1.1705272943	218.7044986795
0.0563646573	0.7865811455	219.2434550219
-0.7277931246	0.1665079662	219.2680685455
-0.3404154070	0.4239171715	220.1533250084
0.4614979551	1.0209711446	220.1748078606
1.1090097389	1.0153267223	219.4127733271
1.0735591550	1.9758354918	219.1367911540
0.3007640756	1.6648982337	218.5835228766
0.6680223210	1.0934037556	217.8496867624
-0.0687358674	0.5235643054	218.2136515585
0.8215070786	0.3960340284	218.6509198121
1.7891203212	0.1774594703	218.7772122316
2.1267844899	0.5745933340	219.6305981956
1.4273739418	0.5134917545	220.3427017569
2.2105295557	-0.0578216933	220.5881976404
1.4358632142	-0.6901303362	220.5970203155
1.6107811712	-0.4320844517	219.6468539985
2.1739023667	-0.8168120609	218.9154996481
2.0264210839	-1.3391437917	219.7553918044
1.5044655315	-1.5729188661	218.9350799028
1.0775297855	-1.6717148002	218.0362110402
1.6602447211	-0.8772903833	217.8649418083
1.1160376649	-0.6288321022	218.6662577027
0.4429932122	-0.3554166465	217.9790494714
1.2477364088	0.1801121563	217.7229297947
0.5087612250	0.1789685452	217.0491981197
0.4821283029	0.2422913442	216.0515604547
-0.1634194292	-0.5150900528	215.9533690857
-0.4657638822	0.3016827304	215.4619730617
-0.9884259757	1.0537642609	215.8634674049
-0.5379285638	1.9100379826	215.6107869834
