-1.8557168459	-4.1042670993	160.6474589255
-1.1638419917	-3.4651906247	160.9834506598
-0.9357038696	-3.5134271918	160.0110175100
-0.5100475250	-2.6851379289	160.3753711478
-0.5425090192	-2.6151120444	161.3723880117
-0.7508851229	-1.7399242381	161.8089950468
-0.1508412944	-1.6519253708	161.0138827257
-0.9207176085	-1.0156968853	160.9638449890
-1.3070553735	-1.9218159557	160.7915331740
-1.8847290434	-2.6796231333	161.0948834875
-1.7587643551	-2.0076492216	161.8246669892
-2.5106806574	-2.6185193587	162.0725773557
-2.3337000818	-2.1945313912	162.9607845833
-1.5614428479	-1.5948644557	162.7509791229
-1.0293893368	-0.8232333361	162.4024042005
-0.1520366268	-0.5552516379	162.0043614493
0.5728553164	0.0014710391	162.4100602680
-0.3231349729	0.4288945694	162.5305199179
-1.3013890322	0.2223174631	162.5119485825
-1.2656304209	0.0660260325	163.4990120610
-1.8638696491	-0.6096287962	163.0681984372
-2.2049349806	-1.2578967400	163.7489503103
-1.3797959554	-0.8145715470	164.0991050795
-0.7905268479	-0.0819961795	164.4398326097
-1.4279048847	-0.4115767912	165.1363423790
-0.7544095110	-1.1198327594	164.9247355144
-0.1298678498	-1.8416528994	165.2229357810
-0.2306410698	-2.8357433861	165.2632949489
-1.1535946991	-2.4717750920	165.3885294453
-1.6723147801	-1.7256620519	164.9711030338
-1.9070041790	-2.5298465217	164.4250185855
-1.4558778692	-2.0076271188	163.7012976809
-0.7341464570	-2.1520188535	164.3782428748
-0.7594219613	-2.9275628622	163.7474555577
-1.0372093294	-3.2299184778	164.6592753095
-0.2989181377	-3.7939360443	164.2893965444
0.5038595773	-3.4340399271	164.7648150181
0.2241290828	-2.6017335570	164.2862578566
0.9189298459	-2.6211288562	163.5673171622
0.1831669473	-3.2797834898	163.4097512055
0.0739461616	-4.2261121522	163.1055590250
-0.6779927797	-3.5842909894	162.9550484822
-0.9727131087	-4.2960750079	163.5926247040
-1.0034983894	-4.6597092548	162.6615917288
-1.5611731113	-3.8486252329	162.4851218618
-2.1054270440	-3.5639437572	161.6959804840
-2.5791665579	-3.5565337043	162.5766143262
-2.3008006313	-4.1691151831	163.3163820890
-1.7353368293	-3.5412368519	163.8511899889
-1.5916041632	-2.9385361897	163.0662741765
-1.3308216480	-2.8876509698	162.1022185899
-0.8260834710	-2.3088273113	162.7426891553
-0.0530780766	-2.1931867202	163.3664598776
-0.6165386117	-1.3743234487	163.4758909877
-0.1131198704	-1.4716829097	162.6173511190
0.7690210311	-1.9284360791	162.7322596569
1.4793773205	-2.1502850753	162.0642948636
1.0582286958	-2.9698125125	162.4528931338
1.0395644094	-3.1731442273	161.4739611350
0.4299039074	-2.5890654453	160.9380823717
0.3280475610	-2.1542595148	161.8328276357
0.0056891638	-2.8700912764	162.4522386082
0.3796171936	-3.7422372949	162.1367403499
-0.1118020008	-4.5700134099	161.8660119271
-0.6567704401	-3.7337598944	161.9267528350
-1.3196790317	-4.4136638083	161.6132518507
-0.6142882865	-4.4619541807	160.9060800635
-0.1174196749	-3.6019058446	160.7901557672
0.6761638412	-4.1070254620	161.1293892781
1.2391863954	-4.2949996097	161.9341695732
1.8638223527	-3.6163394449	162.3204988391
1.1067165799	-3.8844638080	162.9162338260
1.0702607229	-3.7324481401	163.9039393526
1.5895214366	-2.9627144943	164.2752591955
1.9673940745	-3.4097918281	163.4644977466
1.8964593899	-2.5132367980	163.0272822980
2.5880239324	-2.0012277779	163.5367773882
2.3778105409	-2.2363117934	164.4857483233
1.9961014524	-1.4678837016	164.9993789684
1.6274932475	-0.5391005590	164.9607801952
0.9110467875	-0.0424797300	164.4708085408
0.1284682889	0.5385539766	164.6943498687
-0.4923843315	0.2226223540	165.4117961967
0.1596299533	-0.4918284681	165.1579509777
0.8413833882	-1.2140888522	165.2743648586
1.0523869773	-2.0644663430	164.7923528167
1.5643850315	-1.8928643839	163.9506814081
1.1173574077	-1.0152001563	164.1235160318
0.2747847179	-1.5513178114	164.1749856576
0.0227393342	-0.5878285592	164.0846441643
-0.3768414362	-0.4193354827	163.1835640951
0.4917933809	-0.9124621661	163.2315185396
1.0587006085	-0.9499259025	162.4085892208
1.7038333283	-1.4665319451	162.9715474524
2.1355330297	-1.0024519210	163.7450234371
1.8957783006	-0.0703228964	164.0164145779
1.3785862953	-0.3051328531	163.1933855907
0.5218017532	0.1207503753	163.4841496261
-0.3560210558	0.5774462408	163.6285656998
-1.0256889841	1.1057072468	163.1065645739
