1.6511532858	0.1107142036	245.7580857380
1.3876197255	-0.7338415541	245.2919573922
1.1049992896	-1.4016112428	245.9805859801
1.5673060451	-1.6053407445	246.8435846788
0.6706405812	-1.1926480164	247.0038212479
-0.0169561215	-0.6134007939	246.5660045858
-0.4641763624	-0.2969689701	245.7294252668
-0.1285150292	0.5384154739	246.1647002375
0.5284954930	0.4968215333	246.9174333362
-0.4295525058	0.3503292328	247.1637746396
-0.6274196299	0.3728241811	248.1437453425
-1.5439161782	0.2447581940	248.5227350256
-1.4381070049	0.2697128115	247.5286617457
-2.1005835183	-0.4776156100	247.5798974722
-1.2167143142	-0.6020230151	248.0307832977
-0.6636238292	-1.4260472813	248.1535632797
-0.2252663574	-1.7555168970	247.3173261726
-0.0945493047	-1.6212816677	246.3350360142
0.1669149998	-1.1099925321	245.5163664610
0.0812426675	-0.5459007889	244.6951108633
0.6034436907	-1.0043319053	243.9759815267
0.7377827697	-1.5893656289	244.7757868494
-0.2473591197	-1.6898179959	244.6364858094
-0.7029049445	-1.8822373044	245.5056536937
-1.0925434122	-1.0643660598	245.0822525934
-1.6358488252	-1.3236239178	244.2837511273
-2.4797736678	-1.2028389198	244.8064382654
-2.4022781901	-1.4542835949	245.7712024989
-2.1871351771	-1.0264446861	246.6490791144
-1.3564869618	-1.3399342757	247.1092397598
-1.1850276347	-1.1617781985	246.1402907873
-1.0945623767	-0.3322550974	246.6913873867
-1.9735657874	0.1135861030	246.5223352412
-2.9238841952	-0.1581185166	246.6742283735
-2.8455591238	0.5853243618	246.0100312117
-2.0135232585	0.6042794511	245.4556333189
-1.5207328294	-0.2388439097	245.6708090409
-2.5002437422	-0.4034750322	245.5548135015
-2.1018524632	-0.0868799916	244.6939697473
-1.7808231926	-0.3704471180	243.7903493114
-0.9609397401	-0.0650355792	243.3060819098
-0.0578381946	-0.4893540429	243.2400407113
-0.7022579592	-0.9212760218	243.8710451259
-0.9189329408	-0.1574226349	244.4789760065
-0.2788475606	0.4650292807	244.0285935926
0.6158028393	0.8746544037	244.2069413443
0.8786520790	-0.0195281926	243.8445220270
1.2400609776	0.2628290271	244.7331490626
1.5749412371	1.1657042960	244.4635726158
2.1541416871	1.2513574309	245.2742454099
1.5684807794	1.8993376904	245.7611980611
0.9219085093	1.6868876482	245.0285253653
0.8140856733	0.8745409542	245.6016458455
0.5821139064	-0.0972876784	245.6433376697
1.0402439978	-0.4127294596	246.4743691385
1.9985049922	-0.6985405168	246.4812905630
1.8606315578	0.1724593150	246.9528308150
1.4350712854	0.9370063207	246.4687168506
1.2531851608	1.8663153795	246.7901233082
0.5141560349	2.0039400387	247.4495893076
1.2468838867	1.3814846302	247.7246514089
1.4088992954	0.4193780436	247.9439729158
1.1788559978	-0.3308690703	248.5638191462
1.3670779591	-0.5351912106	247.6031813600
0.4970238733	-0.0715892047	247.7707494593
-0.2497557854	-0.6963893173	247.5428350881
0.4712287618	-1.2080416839	248.0101606047
0.0138442465	-0.5892356935	248.6488143070
-0.5465851446	0.0641423748	249.1577504498
0.2764899418	0.4804263627	248.7714150467
0.2985740233	0.9079914137	247.8677002574
0.3952760463	1.6369401806	248.5454040378
-0.4682979818	1.2354608958	248.8504520371
-0.5070437536	1.6657474724	247.9485916116
-1.4110929148	1.2626091339	248.0906289100
-2.3562665883	1.2245244308	247.7662891462
-1.9942548833	2.1409994106	247.5959332338
-2.0399834176	2.2347057980	246.6013840826
-1.1089158156	2.2924697270	246.9616290673
-1.1839856552	2.7852264124	246.0947061364
-1.0454093061	2.3499968413	245.2051153227
-1.4371153378	1.4683472426	244.9419416731
-2.1648368126	2.1538004387	244.9179547777
-2.3800197579	1.6009241760	245.7229542423
-2.3404270954	1.1758768859	246.6272590705
-1.4590396027	1.2032153462	247.0988613353
-0.5063848958	1.4474936447	246.9178168038
0.3863624779	1.4241345472	246.4678651627
-0.0360502376	2.3287675196	246.4112375798
0.0570684275	2.2894482117	245.4163592424
-0.4166484116	1.4861020795	245.7772295075
-1.3586768455	1.6716146972	246.0568140175
-1.1503335011	0.7076644543	246.2223222650
-0.9851865398	0.6230908110	245.2396861268
-0.0072242226	0.5026329192	245.0691587026
-0.3301938103	1.3764958042	244.7057659349
-0.9241684392	1.3855989849	243.9013336678
-1.5344192678	0.6654535073	244.2314615477
-2.3910621816	1.0684467038	244.5535786101
-3.1085573393	0.5149019032	244.9764129185
