-0.3618488091	0.9095806774	-89.0413959884
0.0881263220	1.6484207993	-89.5430309709
0.8369493336	1.3561012909	-90.1378531312
0.9753929993	1.2872903854	-89.1498762030
0.4749061553	0.4316707907	-89.2818914603
0.3486928273	-0.4284692842	-88.7876959046
1.2248858087	-0.7000644702	-88.3895477986
1.2970024773	-0.3341216767	-89.3173867168
1.4402696404	0.4597054591	-89.9084137876
0.8766194816	0.4093634321	-90.7328919127
0.4600577246	-0.3380633166	-90.2153693934
0.2188159156	-0.8412723250	-91.0451784578
0.5132417035	-1.2110049652	-91.9264339430
0.3721114420	-0.4443195970	-92.5527531870
0.5428008218	-0.0012962328	-91.6726421518
-0.3499876318	-0.4405580093	-91.7725314344
-0.8026179712	-1.1436226938	-91.2240555231
-1.2288520218	-0.9681133564	-92.1114793264
-0.4086631642	-1.5399465008	-92.1287157103
-1.2427827615	-2.0827660629	-92.2266515074
-0.7541965297	-2.2244091125	-91.3657097320
-0.0233935015	-1.8954476426	-90.7676200353
0.5871916000	-1.5444366771	-90.0577065646
0.5676033468	-1.6814155536	-89.0673262903
-0.1312739066	-2.1729555446	-89.5869020998
-0.3684482318	-2.0247842043	-88.6268012752
-0.0193828982	-1.1969014190	-88.1877528877
-0.2934047401	-0.4447139181	-87.5884816690
0.3976398433	-0.3869561156	-86.8679808570
0.8025559481	-1.0499895572	-87.4976074157
0.8969633448	-1.8524940982	-88.0867370323
0.5238165072	-2.7489113199	-88.3258972343
-0.0454830151	-2.4250935192	-87.5702252910
-0.7363488697	-1.7021528049	-87.5624089851
-1.3100268649	-2.3129879580	-88.1080956841
-1.7864024358	-1.5340677357	-87.7002359009
-2.7369139292	-1.8087611649	-87.8453958850
-2.2231434297	-1.8661124955	-88.7014044706
-1.3593140265	-1.9359612230	-89.2003232190
-1.9994906265	-1.7867999392	-89.9539310959
-2.6586164695	-1.3285831943	-90.5502452227
-2.4026888927	-0.3745446258	-90.7061666305
-2.4241141041	0.5643117777	-91.0498083244
-2.8594886966	0.8831545114	-90.2079126804
-1.8598822608	0.9070397218	-90.2226256054
-1.4451608705	0.0007801447	-90.3044775894
-1.5589457608	-0.9837006243	-90.4380837800
-1.0949737822	-1.8620801001	-90.3232817783
-1.7929258316	-1.8009401614	-91.0368116267
-2.1274986367	-1.0512868399	-91.6078465955
-1.5741691900	-0.2767438648	-91.3013996946
-1.3816656913	0.7017268809	-91.2269859670
-1.2351042542	0.3538385177	-92.1529953794
-0.2539796548	0.4215753023	-92.3341203321
-0.7011684998	1.2320283949	-91.9557185329
-0.2552286047	0.6437167813	-91.2811616003
-0.5453039348	-0.1883405362	-90.8083646848
-0.4793742607	-0.9710250611	-90.1894477174
-0.3684260262	-1.1330289575	-89.2089145834
-1.2785690862	-0.8555795827	-89.5165856003
-1.1777643852	-1.0234789894	-88.5359489696
-1.6890418954	-0.1907043654	-88.7482735631
-1.4399944183	0.6334076176	-89.2570119965
-0.8895937442	1.1816448687	-89.8866904974
-0.1448945513	0.5737783322	-90.1622288541
-0.5214901647	-0.0613772559	-89.4878749983
-0.6376159933	-0.0989792350	-88.4953525134
-0.2565456662	0.6495007414	-87.9526158085
0.5464672966	0.0617654937	-87.8539372384
1.1830709142	0.4563069618	-88.5165629728
0.6912708173	1.2314419293	-88.1199542905
-0.1462259234	1.7603792310	-88.2571568420
-0.9311757556	1.8799255024	-88.8650733247
-1.8723141168	1.5511612704	-88.9436396331
-2.5949594326	0.8599566795	-88.9391718657
-3.0588317205	-0.0231292092	-88.8685899008
-3.1847597675	-0.5595505205	-89.7030923297
-2.3248902385	-0.0568623428	-89.6140474581
-2.2617918316	-0.9943269034	-89.2717335835
-2.9571032833	-1.6867416894	-89.4643569186
-3.2897967210	-1.1541167352	-88.6861373258
-3.3542666547	-0.7974221369	-87.7541434464
-2.4217375269	-0.6702355601	-88.0920975860
-2.1096445492	0.2499932345	-87.8559261673
-1.2781035783	0.7512808639	-88.0951965714
-2.0882609618	1.3090537694	-87.9148236254
-1.8647819800	1.1499556935	-86.9531870273
-0.9413714735	1.3770733156	-87.2625906830
0.0263154470	1.5904883134	-87.1282922737
0.6337044639	0.8061859463	-87.0020053814
-0.1945539492	0.6129554956	-86.4760301025
-0.5321159353	-0.3254788965	-86.4025944350
-0.1623309098	-1.2077930278	-86.6937658770
-1.1575286512	-1.1538443092	-86.7754420128
-1.4184915442	-0.5605200976	-87.5369305212
-1.0546249515	0.3089954748	-87.2029488268
-1.3445038077	0.4267224535	-86.2531537925
-1.9401820466	-0.2331840567	-86.7110739093
-2.4210710761	-1.0779519845	-86.9458352554
-2.2294949520	-2.0575371183	-86.8849127287
