0.6411994785	1.9559158239	229.7061554853
0.9471817937	1.2714264508	229.0444537997
0.1726121706	0.7472497090	229.3984038560
-0.3180705105	0.5484804558	230.2467677464
0.5138992219	0.0227482622	230.0694769540
1.1203117012	0.2709539972	229.3140579854
1.7915976492	-0.2934704312	228.8336412489
1.4476645126	-0.7238229393	229.6682110280
1.5465966553	-0.7222056630	230.6633038958
2.2785548389	-1.0988490591	231.2310863979
3.1031316738	-0.5987006815	231.4955190809
3.7128720798	-0.0125395250	230.9620101908
3.6527197809	0.9318283056	230.6386665631
2.9305337048	0.6770173625	231.2817207247
2.3363809003	-0.0723296451	230.9893827231
2.9458690346	-0.7204197953	230.5327610291
2.3314131214	-1.3361359692	230.0394684954
2.0788229969	-1.3536141326	229.0720529989
1.0917087101	-1.3353169043	228.9130857186
0.4423572761	-0.6019201617	229.1142620917
0.1148700848	-1.3458361083	228.5317320891
-0.1531647012	-0.4746690815	228.1203619823
-0.3881442583	0.3842742014	228.5753356569
-1.0196101786	-0.2759882629	228.9819119346
-0.7638417014	-1.2318078372	229.1267961211
0.0694337351	-1.6087220876	229.5312558778
0.5017472200	-2.4228791898	229.9188810366
0.8338979543	-2.3758112236	228.9768298192
0.0918080656	-2.4084649812	228.3073252791
-0.3320763653	-2.5878079012	229.1951079700
-1.2607974156	-2.2181587930	229.2240345592
-0.8745636206	-1.9232508263	228.3500478621
-0.9295674037	-2.9217016039	228.3584519344
-0.4865000993	-3.6538743520	228.8757665686
0.4845688235	-3.4227656002	228.9358822251
0.0079812322	-3.3992656368	229.8146950718
-0.4920129156	-2.6364790604	230.2247712732
-0.8758953224	-1.7282834667	230.0579927934
-1.4835543771	-0.9561414868	229.8721239249
-1.1519940015	-0.1318709946	230.3310856585
-0.3818903125	-0.4461015943	229.7759285292
-0.3488779180	-0.7441386288	230.7299118141
-0.2058835197	-1.3534057295	231.5098773275
0.0213512960	-1.7452068072	230.6183302148
0.5904659717	-1.0289570578	230.2144802644
1.2871093649	-1.7231025676	230.0332345909
1.7476268963	-1.9755411280	230.8842330494
1.5632254845	-1.6789656012	231.8212704426
0.8758213395	-1.3832598807	231.1579201066
0.5019264217	-2.2448714322	231.5011811222
0.5362322543	-1.7664824824	232.3786588271
0.5288828611	-0.8166953004	232.0658485084
1.4079672930	-0.5702445325	231.6578379933
2.2407993958	-0.5901105051	232.2110070738
1.4346915677	-0.8927956538	232.7195067005
0.5889508641	-0.7621262161	233.2368539343
-0.2330608573	-0.4854247025	232.7391260948
-0.4476691210	-0.2676245130	231.7870198137
-0.1852695426	0.6074831995	232.1936313640
0.4002289731	0.3354626242	232.9573042617
1.3731305257	0.2348565769	232.7491192664
2.2833662969	0.5315893673	232.4602932083
1.7091792550	0.5419964352	231.6416352004
0.7946836881	0.2474826947	231.9190509800
0.4700945571	-0.2840262751	231.1366571462
1.2456526690	0.2496040741	230.7993912786
1.9712384424	0.9310893213	230.7039808837
2.2218733935	1.4998383869	231.4873751789
1.5883448647	1.3255350720	232.2412053704
1.1312070268	1.1993214963	233.1216002423
0.1601260494	1.4090420848	233.0074993656
0.8004640392	2.0611201771	232.6015912229
0.5287311983	1.3074258933	232.0031714792
-0.3451696652	1.3813695676	231.5227241732
0.1753449433	1.7462947194	230.7507823516
0.3940749477	2.3403425718	231.5249040049
0.9074905568	2.4199189742	230.6704614916
1.5348182161	2.7145010752	229.9495721842
1.5823038070	1.7205598562	230.0486982250
0.8727366739	1.0275401950	230.1761275500
0.4088310012	0.7492255276	231.0171581515
1.1660391928	1.3881938505	231.1526396522
1.4149975447	2.1974395815	231.6847496840
1.9032165901	2.7434535715	231.0039333457
2.5063855490	2.0565984618	230.5984493568
2.7826930258	1.3052441196	229.9991824458
3.3042693140	1.7540254046	229.2735423603
2.4166430157	2.1714276210	229.4682085985
1.5596949280	2.1501754206	228.9532442124
2.0898831936	1.5046996118	228.4034611796
1.5735022197	0.6486869921	228.3791078467
0.6576743345	0.2475365730	228.3974824440
1.0761394744	-0.6209540375	228.1317551660
1.9128577765	-0.2194161191	227.7593712470
2.5888323277	0.2593337917	228.3196006011
2.9069734828	0.7710034838	229.1177110769
1.9727852798	0.9918950727	229.3978883551
1.9467781404	0.1173743126	229.8821786283
2.9087762811	0.2611035513	230.1143455582
2.7058045507	-0.4680849135	229.4608268825
