1.7442182024	-0.0812587222	91.8738384619
1.1469102427	0.2861541916	91.1609352763
1.1186954716	-0.7134428710	91.1578305971
0.6333800284	-1.1882083497	91.8920421885
0.4961699943	-0.2117456594	92.0584573950
-0.0698551443	-0.5384138679	91.3015535543
-0.5268562080	0.0603825341	90.6438356082
0.0989743559	0.5502968060	91.2507294304
0.7695670480	1.2921037069	91.2560174497
1.2871645393	0.9656968677	92.0469355316
0.7393910541	0.6202627750	92.8089194530
0.0813205128	1.0650669296	92.2013896787
-0.5628844256	0.3268763417	92.0012031326
-1.2657253726	-0.1785450155	91.5006395953
-0.8789657964	-0.8367646267	92.1465219172
-0.9379239943	-1.7171779201	91.6759941669
-1.7299009702	-1.9884376221	91.1290109462
-1.8891513351	-1.2427667328	91.7760150004
-2.0528559643	-0.8525111923	90.8699789043
-2.2749194595	-0.5182115942	89.9540468201
-2.7075661875	0.1355404602	90.5748729310
-1.7193522468	0.2759165747	90.6359282653
-1.6655630355	0.3387140513	89.6393525292
-0.8814554560	0.8551831184	89.9834964040
-0.9579128629	0.9784561347	90.9729194825
-0.2215652330	1.5880114694	91.2665765306
0.1142635683	1.1589418284	90.4280550584
0.1138817216	0.7266892134	89.5263025807
0.4990978210	0.1098960042	90.2127242397
1.1828856683	0.8205003914	90.0469666308
1.1828710377	0.1150153743	89.3382417966
0.3425440634	-0.4204624343	89.2538967147
0.9977679958	-0.8459195248	88.6296628943
1.8818600110	-1.3098776100	88.6855574714
2.3799385488	-1.5750649180	89.5111442094
3.2582711221	-1.2351407708	89.8472743400
3.5016694912	-0.2670664888	89.9071860968
3.0938054497	0.3709319400	90.5603361014
2.3634026726	-0.0409827390	91.1051645886
2.0288927976	0.7797423940	90.6420086758
2.4886788601	1.2339160837	89.8789077412
2.8366764667	1.3468013653	88.9482334808
2.5060205401	0.9723126433	88.0819628214
1.5842778406	1.3600464538	88.0892352431
1.3605413570	0.3890216100	88.1732158289
0.4296408940	0.3777976625	88.5383162958
0.4053528063	1.1856422725	87.9494214199
-0.2173454929	0.5118445523	87.5516231540
-1.1434090278	0.3944018328	87.9102504494
-0.5936349376	0.7065725299	88.6850393920
-0.6296155635	1.5906373107	89.1510167068
-0.2859790883	1.9893208177	90.0012904475
0.6558762611	1.8360498512	89.7022645096
0.9233185678	1.1604644830	89.0151989939
1.8814111749	0.8741485458	89.0242400318
2.2887109444	0.2051716813	89.6459930796
2.8803076392	0.2794844396	88.8431911335
2.7708784004	-0.6700114197	89.1372708078
1.9834790999	-0.2323825806	88.7031241265
2.2523136286	-0.0525953835	87.7568659377
1.3980868471	-0.4900346728	87.4758971247
0.4625902632	-0.4725110011	87.8287980491
-0.3269734980	-0.4757601452	88.4424579794
-1.2258322267	-0.2683590822	88.8285121011
-0.8433179291	-1.0441439751	89.3303493378
-1.7694143730	-1.2517224072	89.0152992288
-1.7277779318	-1.4608578852	89.9922991052
-1.0334168321	-2.0803705364	89.6261478546
-0.1007639322	-1.7894465826	89.8395062883
0.1505797736	-1.4345475744	88.9390213991
-0.7063974587	-1.5692253875	88.4415760153
0.1330561040	-1.6630735580	87.9063095050
1.0102947251	-1.8706230544	88.3391785477
1.9351499498	-2.1939029360	88.1388464947
1.6747103951	-2.4202214673	89.0774364801
1.2330275228	-1.6430574075	89.5256911673
1.6877370561	-0.7525422333	89.5107926830
1.5421864869	-0.1711315327	90.3112779290
2.4306660680	-0.6193433715	90.2127376753
1.7996908880	-1.3717836273	90.4016926534
2.3531924818	-1.1237147769	91.1967384579
3.2523502067	-0.8384701641	90.8648485716
3.5157577997	-1.6065564091	91.4485093979
2.9598043605	-1.9178196148	90.6777753386
2.0262647586	-2.2752071115	90.7056677893
2.2483682361	-2.9230803717	89.9770181589
1.3010639114	-2.6031239974	89.9925884822
1.0639333747	-3.0036447171	90.8776603785
0.3523248127	-2.4559554379	91.3177168613
1.2426406176	-2.0110992564	91.4148803591
0.7700562260	-1.8545502570	90.5476108487
0.7708677829	-0.9407883637	90.1413614871
-0.2180255428	-0.7932106562	90.1589913130
-0.5491146055	-0.0474490053	89.5808740303
-1.2263307129	-0.4889414744	90.1694848895
-1.0130322988	-1.3004919781	90.7134422100
-0.1027227645	-1.5770490152	91.0214239577
-0.5361738865	-2.4064351704	90.6689488090
0.2553664700	-2.7343274255	90.1532448891
0.5145162867	-2.4554362057	89.2285497717
