-0.0624653235	-1.2425006813	22.8744334466
-0.3708625524	-1.0191007434	23.7990866881
-0.6756672851	-0.1749033267	24.2400229608
-1.4433705970	0.3853240102	23.9289330125
-1.9655058416	1.0005343601	23.3382630440
-2.4907253380	0.7379289105	24.1476967093
-3.0472227302	0.1165938996	24.6992884575
-2.1239430169	-0.2470587184	24.5755494395
-2.0338118373	-0.0581019130	25.5533897619
-1.3766989336	0.4742774499	25.0197467672
-0.6065973823	0.9127818663	24.5564353412
0.0750134217	0.5777403541	23.9059325380
-0.7205441024	1.0467905345	23.5224222329
-0.1378757006	1.4907580696	22.8416944155
0.1950405048	0.5499205903	22.9048738249
-0.5265076125	-0.0540459074	23.2433893845
-1.4436254187	0.1351549241	22.8925361747
-1.8508682698	0.7245276363	22.1948306018
-0.8795388450	0.8369319204	22.4043167003
-1.2277016361	1.7154772943	22.0772988156
-1.6044481584	1.2855797648	21.2567805817
-0.6863547313	0.9010405755	21.3528746556
-0.0727029157	1.5406502709	21.8158334947
-0.4532664594	2.3580805113	22.2482444003
0.5168097381	2.4685005003	22.0320047252
0.6479724179	2.1834505897	22.9815008547
1.2142620803	3.0044335158	22.9086787892
1.8797740822	2.2979732596	22.6678309498
1.5207328438	2.1882307997	23.5946782844
1.9218415994	1.3519735397	23.9685573576
1.9342934732	1.0521903847	23.0146312541
1.8171270227	1.0583190235	22.0215378735
1.3948825689	1.9182969955	21.7349240060
0.8367344986	1.3076500393	22.2966899951
0.3532409589	0.5760661936	21.8160455592
1.2326512980	0.1410939898	21.6225600626
1.1788055481	0.4032672489	22.5860774819
1.5946004212	-0.4246938667	22.9623686121
2.0585669662	-0.3111572788	23.8409154170
1.2878760948	-0.7936462782	24.2571364474
0.4280425251	-0.2985161058	24.3817652756
0.4465676642	-0.4027046412	23.3873802555
0.4113113438	-0.3969251641	22.3880186645
-0.1038726679	-0.9622454146	21.7438149323
-1.0897838191	-1.1016885625	21.6514308939
-1.6118754330	-1.8735466409	22.0142744602
-1.4136509619	-1.6528653255	22.9692649398
-1.0492979213	-0.7789322518	22.6475696732
-0.6178617920	-0.0737082646	22.0849667989
-1.2190769140	-0.0680496438	21.2858996196
-1.9164327730	-0.4503149939	21.8921734918
-2.6780080450	-0.4543374133	22.5402374741
-2.7725459959	0.5012918328	22.8192272944
-2.3558903598	-0.1192495641	23.4835513537
-1.5447187535	-0.6870357688	23.6236208039
-1.2411143917	-1.2839580224	24.3662567945
-0.4293134769	-0.9998379243	24.8764087764
-1.3174912666	-0.6021684149	25.1066242738
-0.5470433246	0.0042654695	25.3032149970
-0.9625303287	0.4181976298	26.1131722280
-0.3100277281	0.5126213046	26.8650528873
0.1935380895	0.4723047826	27.7280685566
-0.5375854405	-0.2067318520	27.6619804881
0.2930075847	-0.4759406576	27.1744952622
-0.2933108920	-0.4496040273	26.3648428517
0.4981638053	0.1606031340	26.3299856591
0.5079811785	-0.3092839276	25.4473137107
0.3224314268	0.5806011603	25.0305694007
1.2543640167	0.3463084434	24.7537868674
1.1674453103	0.4067151282	23.7594045612
0.8532373018	1.2726151654	23.3701868164
0.1189396332	1.6367601532	23.9430789195
0.8862450183	1.2921484139	24.4838979235
1.0349458825	2.2792707181	24.5428691831
0.6114300652	2.4879309123	25.4243992596
0.0828092574	1.7107977384	25.0828965925
0.7982449722	1.4556151164	25.7333068995
-0.1147304708	1.0611373974	25.8375334300
-0.7551919607	1.5923502427	26.3921702417
-1.2474388843	1.0541037736	27.0762635868
-0.4572809743	1.5784582429	27.3936007383
0.3041476923	1.4055787194	26.7688295354
0.1162504976	2.2529348442	26.2721583746
-0.6447329736	2.4598484367	25.6572673909
-1.5545888856	2.3234058746	26.0491164010
-1.8390503128	2.2734821426	25.0917296884
-1.1357908115	2.9701579203	24.9500648215
-0.1631111551	2.8105580557	24.7814760637
0.3701085133	2.9599708069	23.9487980857
-0.2647338893	2.4924341061	23.3336683781
-1.1120712918	1.9748125549	23.2149786307
-1.4057020587	2.7362835619	23.7928565401
-0.8417900648	2.0793768137	24.2933331002
-1.5678985558	1.4007372272	24.4038535547
-1.1110125322	1.5006798500	25.2877464405
-1.7271165227	1.1020019849	25.9670636218
-2.3154387059	0.9388529746	25.1750665200
-2.6349694256	1.6997902371	24.6103766920
-2.2039777789	1.9555907077	23.7450372675
-2.1236902510	1.9178798002	22.7489791365
