1.0391680920	0.1781001641	-207.5036750506
0.3795104379	-0.3571043136	-208.0313188191
0.0581060251	0.5838776823	-207.9252429647
-0.9055896189	0.3513488299	-207.7940140099
-0.5229266357	-0.1710605864	-208.5560228307
-0.0163655822	-0.5946628927	-209.3069935260
0.0692032267	-1.4133168755	-209.8748699522
0.2914085180	-0.6078373827	-210.4242583352
0.3634679096	-0.4594320021	-211.4105561031
0.6599896660	0.2932158629	-210.8226819335
0.5648294413	0.1493188306	-209.8376752454
0.3746381678	0.4305785197	-208.8970795475
-0.4113740320	1.0471298113	-208.8518100600
-1.3885792983	0.9401697774	-208.6684268038
-1.4205178849	0.0855894545	-209.1867629866
-0.5553342545	0.2320736486	-209.6663457914
-0.9064789093	-0.6291227104	-210.0338213180
-1.4118367868	0.0846675594	-210.5187098273
-0.5159321098	-0.0821416897	-210.9304494102
-0.4899869303	-1.0813531629	-210.9605040180
-1.3667099499	-1.4068982270	-210.6064176470
-1.4087057057	-2.4031894428	-210.6815187107
-2.1332707482	-1.9851946564	-210.1335352642
-1.8981059796	-1.1012866345	-209.7293024841
-1.1702624767	-1.0142440472	-209.0491058779
-0.3821359800	-1.5764047060	-208.7984427195
-0.4364024549	-1.2396037035	-207.8584319566
-1.2774305990	-0.6987437308	-207.8703546531
-1.9401197533	-0.0183105659	-208.1831705619
-2.2313040229	-0.7047338550	-208.8495299163
-2.7097641644	0.1719332258	-208.8998362030
-2.2361210475	-0.0532818581	-209.7512705010
-3.2043170956	-0.2991626194	-209.7050204867
-2.9100599474	-1.2227639276	-209.9507303851
-3.1428821615	-0.8952895935	-210.8664565325
-2.2031902230	-0.6277492669	-210.6533808785
-2.8584363931	0.1274215703	-210.6341594540
-2.7265707836	1.0247364868	-210.2129262625
-1.7785490854	0.8873281517	-209.9259178845
-0.9276383930	1.3909305224	-209.7764667357
-0.6617578647	0.8520945806	-210.5758185810
0.1215388963	1.0882025238	-210.0007540426
0.4540871152	1.9536618371	-209.6260650260
0.5450215615	1.8149264746	-210.6122107686
-0.1026996051	1.3866325510	-211.2423072734
0.1014671472	0.5295300498	-211.7152673560
-0.8949935617	0.5533252293	-211.6346457387
-1.6099903136	1.0834910039	-211.1789003096
-2.1204885050	0.3189357843	-211.5724062341
-2.4674132199	-0.6181444408	-211.6114433172
-2.2085465236	-1.4740036061	-211.1636787332
-1.5437378526	-1.4050583029	-211.9075039654
-1.4174531147	-0.5482496071	-211.4075729464
-1.5457543120	-0.2710981439	-212.3597944906
-0.9296719654	-0.9581827857	-212.7449661889
-0.1466976181	-0.4499969530	-213.1037116849
-0.5975874167	0.3623624730	-212.7338866552
-0.4566225730	-0.3427650400	-212.0389592467
-0.3296642866	-1.3345570197	-212.0237848457
-0.7756563416	-2.0188854378	-211.4469090331
0.0714432475	-2.4654205824	-211.7350559587
-0.6629402312	-3.1073812314	-211.5146757611
-0.0890030560	-3.0478700952	-210.6979416896
-0.5830343424	-2.6498723899	-209.9249404512
-1.0644254865	-1.7954291765	-209.7295194659
-1.6706602498	-2.1173807956	-209.0023148408
-1.8731230927	-1.5646125339	-208.1939485586
-1.0983050343	-2.1792744448	-208.0461388446
-0.8260220154	-2.7311693154	-208.8343482137
-0.0080096467	-3.1532458389	-208.4435705620
-0.0763566710	-2.2435276099	-208.0340080784
0.6024096016	-1.5781879000	-207.7232036101
0.5343961852	-1.2137568948	-208.6519469641
1.4502190477	-1.2464998993	-208.2517015641
1.9491545624	-1.0577132408	-209.0975283488
2.0465246456	-1.4920506648	-209.9930003299
2.5211045411	-0.6202709574	-210.1145489396
1.7301127690	-0.0235206445	-209.9795634568
1.3650176074	-0.6059468856	-210.7058452179
0.9924990201	-1.4996078081	-210.4556451824
1.6877271264	-1.7815091584	-211.1168482593
0.9921526296	-2.4959002566	-211.0405496467
0.7045788156	-2.3936717575	-210.0882625916
0.2074247544	-2.3614983416	-209.2211970169
0.9882826727	-2.3544051809	-208.5965286260
1.1611110532	-1.7589930528	-209.3811398346
0.9886543047	-0.7827648749	-209.5124304071
1.3771079614	-0.0635895353	-208.9363309474
1.3139765396	0.7866466184	-208.4137288937
1.2269432524	1.0733298616	-209.3677927936
1.2103238954	1.0360586406	-210.3669597732
1.2249623442	1.2160259461	-211.3505234390
1.8570128460	0.4971327253	-211.0612057933
1.2546167044	0.0078100265	-211.6918262695
0.5708937802	-0.0560709539	-212.4187665582
0.6782385555	-1.0454510014	-212.5167676852
0.3518302508	-1.9617042197	-212.7490125099
1.0843407916	-2.0894479287	-212.0803497756
0.5419804409	-1.6043674072	-211.3943890350
-0.0309153435	-2.0673687348	-210.7180605713
