0.3399429250	-0.6304150814	-214.9147579535
-0.5854336778	-0.7355169127	-214.5505715342
-0.6268233640	-1.4702447613	-213.8734734006
-0.7588553853	-1.4889380489	-212.8824042273
-1.1078842293	-1.1103182257	-212.0251843631
-1.3956397502	-0.2333823369	-212.4101261861
-1.8176981229	0.4241562409	-211.7860190248
-1.7462716646	0.6764755810	-212.7510232796
-1.7725267922	1.6690866474	-212.6325583520
-1.4975941004	2.0104063769	-213.5313980804
-0.9337976636	1.2579834073	-213.1908202585
-1.3365037384	1.0022009604	-214.0696849564
-2.1759958158	1.1860461086	-213.5583592154
-2.3939669870	0.2118083268	-213.6162324653
-2.4788511282	-0.1306770779	-212.6805517344
-2.2256583197	-0.5975224602	-211.8332331457
-2.0800993533	-1.2992009802	-212.5306998774
-1.5886364684	-0.9003671715	-213.3049064556
-1.3617742707	0.0435349071	-213.5448698056
-0.5586251393	-0.4915185904	-213.2828216660
-0.6003158967	0.3679840895	-212.7733935316
-0.3386035473	-0.4238135789	-212.2215211745
0.3061845872	-1.1816818646	-212.3209390952
0.3119338814	-1.1261748329	-213.3193808387
0.4652224139	-0.2479037129	-212.8664542823
1.2955352648	-0.7812371032	-213.0281208045
1.3742424166	-0.1016944670	-212.2987190017
0.5742160900	-0.1278105275	-211.6993227821
-0.1070155060	0.5919762981	-211.8328534462
-0.8717829905	0.1048638499	-211.4111282307
-0.7809543177	1.0497286914	-211.0965164327
-1.0374769201	1.1912203624	-212.0526420842
-1.7475304468	1.6547513416	-211.5225826343
-2.5583093139	1.3067852848	-211.9932813191
-2.4417881195	2.2952414885	-212.0901169760
-1.9329803029	2.6956932676	-212.8521884808
-1.1841551068	3.1770281724	-212.3965817039
-0.8542146070	3.8875171630	-213.0181480003
0.0556414835	4.2976408072	-212.9552155678
-0.3473556361	3.9229903937	-212.1202123407
0.5938141325	3.6323976349	-211.9477150502
0.6457415565	3.6820123033	-210.9502974209
-0.1939413397	3.1485672226	-210.8484692333
-0.5913366321	2.2599010846	-210.6196691530
0.3944238131	2.2327941074	-210.4537126632
1.2776775918	2.1158993810	-210.9078033870
0.5970306706	2.5461796685	-211.5007440609
-0.2572359037	2.9469330460	-211.8318412530
-1.1210750305	2.4705794165	-211.6679230338
-0.3030435870	1.8959501770	-211.6429071456
0.3540646543	1.3292189919	-211.1458915291
0.9051318139	1.6123780042	-211.9308411831
1.2432665757	0.7242389499	-211.6195954553
0.7177642014	0.6471004170	-212.4668834237
1.6274417040	1.0122133973	-212.6648211738
1.7427542474	1.1885024345	-213.6423820121
2.4229911228	1.6727749881	-213.0921476192
2.4115129374	2.0950344891	-213.9985499388
2.1084265914	2.6548082918	-213.2273223740
1.5647685571	2.2001704010	-212.5218152303
2.0199263703	2.3758937991	-211.6489162370
1.5868262379	3.2753266751	-211.5902240162
1.5225883646	3.2596383551	-212.5880353071
1.8600725479	3.8174464954	-213.3462928522
0.8656311554	3.7989581554	-213.4499485239
1.0077235419	3.8652397230	-214.4375802911
1.6655157264	3.3582310570	-214.9945826741
1.5595098583	2.9992707675	-214.0672692068
1.3175484453	2.0311997332	-214.0017470957
0.3911082903	1.9360597033	-214.3659682014
0.1250471930	2.4239047623	-215.1973638298
0.6979664807	3.2118531972	-215.4229757835
-0.2094011897	3.4564460698	-215.0811304421
-0.9578252131	3.1418909353	-214.4972498476
-0.7651066872	2.1644326708	-214.4110239176
-0.3600131742	1.5149310340	-215.0544886559
-0.3138989387	1.2384611714	-214.0945730907
-0.1525925668	1.9686684248	-213.4306622372
-0.7098270512	2.2044610225	-212.6344891529
-0.8400583871	2.8636990847	-213.3750598629
-0.0334835029	3.2366740928	-212.9164460825
-0.1666377083	3.5422367002	-213.8592617859
0.4863465365	2.9741613856	-214.3601629867
0.7532899567	2.6700003733	-213.4457083465
0.4230679481	2.3769173369	-212.5484593516
0.8357456554	1.6244213890	-213.0617301947
-0.0045301971	1.3825785069	-212.5764998245
0.1501216353	0.7622846326	-213.3454720738
0.7500764092	0.9406003247	-214.1253809038
0.1570401509	0.4749798714	-214.7822717546
-0.4309278971	0.2209763955	-214.0143031298
0.4949896270	-0.1458551605	-213.9242401076
1.1909387681	0.3039709561	-213.3644979725
1.5895808583	0.2226333599	-214.2779905446
1.1916187406	0.3559380615	-215.1856556862
2.1894304431	0.3882090013	-215.1279461315
2.4800280024	1.0151325539	-214.4050907395
1.5750487113	1.2482335513	-214.7610070326
0.7485334751	1.4758659651	-215.2758429760
1.1614108284	2.3434050274	-214.9985195790
