-0.4183412946	-0.6291866825	-193.2724278745
-0.1659176493	-1.5894831719	-193.1536299126
-0.7961555577	-1.7688676805	-193.9090247609
-0.4827545757	-2.6037978358	-194.3614310610
-1.0917189886	-2.1061147615	-194.9790667961
-1.3716854428	-1.7601378269	-195.8745659559
-0.5945788665	-1.9464818541	-196.4757159144
-0.9639852230	-1.0228729856	-196.5781151422
-0.4502546211	-1.2617479241	-195.7540886665
0.0370806644	-0.5620719485	-195.2316349857
-0.7846575884	-0.9200005139	-194.7882013539
-1.3298798407	-0.9437906647	-193.9502474623
-1.7999178686	-1.7595279606	-194.2873482134
-1.8071126455	-1.1555488291	-195.0843158689
-1.2705025268	-0.5539080231	-195.6759896989
-0.5653861902	0.0642641665	-196.0233714712
0.0203675225	-0.5997976519	-196.4880374688
-0.6646640955	-0.2050792373	-197.1003519759
-1.1706890873	0.5562877936	-196.6950632492
-0.5386476428	0.9164727030	-197.3812049573
0.2114051790	0.5072558810	-196.8616259382
-0.3917080936	1.0521336807	-196.2790776021
-0.2257051918	1.5649420614	-195.4367768237
-1.1889842281	1.2967345320	-195.4493553537
-1.1038972888	0.3679413583	-195.0886567907
-0.1268091120	0.5199179305	-195.2376595296
0.5566757155	0.1436400952	-195.8631701061
1.2167550988	0.6869330557	-195.3443946569
1.7196837674	1.4223030146	-194.8901989084
1.0310416329	1.9418643671	-195.3959933446
0.5759418162	1.3152861304	-194.7633134333
-0.0031569722	1.9319316649	-194.2300284458
-0.5996736778	1.7959336270	-193.4390339112
-0.8880895916	1.1235351036	-194.1207204127
-1.3820896917	0.3111202180	-193.8109689726
-1.1451375360	0.5741303622	-192.8757260417
-0.5304107716	0.4083286249	-192.1046094557
-0.2264019475	1.2752527294	-192.4996046861
0.4345031841	1.9707168416	-192.7816225501
0.7384783940	1.2748384968	-192.1309671874
0.4266028770	0.4857568512	-192.6601966447
0.5489067489	-0.1095102946	-193.4543621111
-0.2806547714	0.4486155901	-193.4363848818
0.4532644794	1.1140748832	-193.5724968305
1.2685256077	1.1060544206	-192.9934588655
1.4636039037	0.1315333227	-193.1041525339
1.3389974428	0.4008720871	-192.1492023468
0.5376301551	-0.0626278367	-191.7710776441
-0.2282370147	-0.7035015077	-191.8233118858
0.4099053624	-0.6384384793	-192.5904762156
1.2232210146	-0.9602116382	-193.0752232466
1.3688000013	-0.4566018123	-193.9268005490
1.9301068209	-0.7570276695	-194.6979548517
1.9211318012	-1.3048253745	-195.5345175351
1.5092626046	-2.0176380149	-196.1021986997
2.4509980222	-2.2226430822	-195.8355391308
2.7514100955	-1.7396630699	-195.0130533292
2.6609541028	-1.2106282316	-194.1692880459
2.4554285191	-0.2642881695	-193.9198893263
2.8367018965	-0.2654552682	-194.8443509261
2.8336519721	-0.2836631358	-195.8441804974
2.6399076771	-1.1602764716	-196.2846486661
2.4917423696	-1.0668131249	-197.2691849247
1.6587352388	-1.1066859808	-196.7173613339
1.0841770491	-0.2887001071	-196.7453255444
1.8905481993	-0.0859174449	-197.3008836061
1.1301690108	-0.0010770130	-197.9447978789
0.2451106978	0.4643725099	-197.9394570662
0.1506373089	-0.4953039153	-197.6747006921
-0.1668350441	-1.3846565049	-197.3456668390
0.8154345047	-1.2283528528	-197.4491835131
0.5706321004	-1.7013272370	-196.6027988401
0.6415375642	-2.6003711410	-196.1707195950
1.3202667393	-2.9129696653	-195.5061830125
1.6864938230	-2.1469149411	-194.9779426480
1.8375475369	-1.7103032387	-194.0910644168
1.2433317257	-2.4470892524	-193.7684904877
0.2533238827	-2.3840559063	-193.6423506128
0.6827156787	-1.4988244379	-193.8212023189
1.0254477803	-1.2642495889	-194.7308777263
1.0323132492	-0.2917611320	-194.9637276059
1.6976715867	-0.2598749294	-195.7095704531
0.9074152956	-0.8495306494	-195.8763071504
0.5541997592	-1.7277216609	-195.5537868684
-0.2219847048	-2.3578170815	-195.5310395888
0.1913937171	-3.1164754958	-195.0274964519
0.6943750364	-2.3530164457	-194.6223544134
0.0007549367	-1.6380598896	-194.5344437763
0.2315495062	-0.7058429080	-194.2556869541
-0.5143435903	-0.0442453696	-194.3327076375
0.4128927875	0.3300662144	-194.3438223931
1.2892465757	0.7277088668	-194.0720056188
1.9270502689	0.2676694552	-194.6897192974
2.3022417892	0.7016663499	-195.5087907342
1.8157200694	1.4480105624	-195.9629569293
1.5581452651	0.6309106574	-196.4787116824
0.7557710366	1.1567771203	-196.1964705435
0.3665658414	2.0779232882	-196.1994794587
0.2515163458	1.6679629442	-197.1042977443
1.1218005572	1.2702273746	-197.3948348469
