-0.1372168947	-2.3640403142	6.9444360876
-0.7968820205	-1.7624425245	7.3949047560
-1.7239932858	-1.3990058934	7.3033705173
-1.3518317392	-1.4053620193	8.2315167250
-0.4460426456	-1.2834744435	8.6373363115
-0.6822915583	-2.2244176834	8.8798487248
-1.4027274066	-1.7023727706	9.3364024430
-1.9807661675	-0.9428070466	9.0381892611
-1.4677027577	-0.2339182217	8.5542031338
-1.9963281572	0.5137476450	8.9561371317
-1.5564159133	-0.0023507252	9.6910654887
-2.0725360549	0.2843152342	10.4981854470
-1.4716797079	-0.4287081372	10.8595292199
-1.2527564076	-1.1464919647	10.1985761463
-0.9077247924	-0.7279565969	9.3584682185
-0.4945716521	0.1295855320	9.0519947613
-0.5657467956	0.1773432350	8.0556748826
-0.8071198007	-0.6933925460	7.6272378721
0.0288902064	-1.2332841661	7.7252394372
0.9309867883	-1.0468174388	8.1144076740
1.8051513747	-1.2833628815	7.6902820685
1.5232980596	-0.3358640753	7.5392697477
0.9219975003	-0.9385616796	7.0146811135
0.7724999264	-1.8942254679	7.2683683208
0.2441896820	-2.2640497134	8.0326446537
1.2257938438	-2.1654653714	8.1961512194
1.7894191721	-1.6280147331	8.8234257212
1.2781426230	-1.8413262499	9.6559486861
0.5998801335	-1.5342164720	10.3235140983
0.4499956077	-0.5587520368	10.4847709267
-0.4696165616	-0.2468743810	10.2459283303
-0.9311257579	0.6292539059	10.3852426749
-0.4484232084	1.5039371651	10.3413400019
-0.5111453740	1.2178472757	9.3851922596
-1.4448608483	1.5124805209	9.5885802233
-1.5414746853	1.3598603118	8.6050290868
-1.4853944388	0.6668883013	7.8862490101
-0.9751797156	1.0643330286	7.1235442016
-0.9056934879	0.1533943277	6.7168965072
-0.9176269638	-0.8343978353	6.5615767245
-0.0913036368	-1.3910959580	6.4762716291
0.1305966939	-0.5316879284	6.0156437077
0.0207262136	-0.4875474568	7.0086090124
0.5078741734	-0.0475297041	7.7629771205
-0.0257874339	0.5718875541	7.1871928301
0.1746655152	0.5358967097	6.2081508114
0.4889347846	1.2902370299	5.6317780955
-0.1886500393	2.0213429337	5.7115462845
-0.0740244033	1.4790370734	6.5438715319
-0.7722246030	1.0202519485	5.9942965231
-0.3481069481	0.5495320847	5.2206383139
0.5398935987	0.1037873249	5.1076487661
1.1917438144	0.3611405295	5.8209934404
1.5660304376	-0.4549202073	6.2613959807
0.8878290050	0.0630115134	6.7827303740
0.9853143424	1.0482880334	6.6422782893
1.9806996878	0.9669302167	6.5913968605
2.2439272288	0.0528703452	6.8999512526
2.4046704897	0.2883155508	7.8584538135
2.1345761059	0.7625564736	8.6963944862
1.5294502061	1.4690800509	8.3294516021
1.5444000636	1.6113668996	7.3397390406
1.3342876494	0.6764435568	7.6256955348
1.3324189680	0.1776877771	8.4924360843
1.9474361512	-0.6071427329	8.5685605541
1.1675300345	-0.7947657732	9.1656736456
1.5415753575	-0.8860944056	10.0885762283
1.7784873803	-0.0521576342	9.5901565711
1.1632819440	0.3883174739	10.2439944334
1.4913489371	1.2374400033	10.6579545499
1.4238864481	1.8340143267	9.8582371691
1.3282763724	1.0073193343	9.3037697644
0.4720850495	1.2149166622	9.7768868408
0.4974502406	1.5591598327	8.8383490170
0.2682049522	0.6350409593	8.5326516086
0.5388770723	0.1487004161	9.3634400772
0.2285718500	-0.4280487400	8.6077476266
0.1364697063	-0.8749504375	9.4975768619
0.4506751209	-1.6652490640	8.9715511606
0.1259453855	-2.4373723131	9.5177894668
-0.4325184263	-1.6451452678	9.7637457222
-0.4464239411	-1.9424562000	10.7184251691
-0.4856775731	-0.9623887268	10.9131734695
0.2644756300	-1.3486775492	11.4498774080
-0.1650745215	-0.5578742427	11.8859012581
-0.5352583077	0.1855192604	11.3288284945
0.0689428064	0.5231709320	12.0505849372
0.5647661021	0.1342270489	11.2741302281
0.1985999440	0.4905921465	10.4145220256
0.5359466842	1.1626724510	11.0736921411
0.6191123025	1.9885869196	10.5160643346
0.1235012868	2.2102572416	9.6762834171
0.9042155820	2.7645554165	9.3877721997
1.3609193125	2.5321083407	8.5290580100
0.3916732507	2.4367397549	8.3021948250
-0.5252839625	2.1179151272	8.5420704717
-0.8029804305	2.0775212987	7.5822512125
-0.4501049985	1.2207962931	7.9584176574
0.5101058412	1.3833696104	7.7313382444
0.5903727891	2.2056796883	7.1679881287
