1.4221593001	-0.8417964049	-178.1676843082
0.8137834857	-0.8871701296	-177.3753333169
-0.0267832281	-1.4181091356	-177.4828106244
-0.1665463092	-0.5253387251	-177.0545265185
-0.9851397398	-0.0295810425	-177.3445767135
-0.9892055644	-0.9697272785	-177.6853237223
-0.6583179271	-1.2292005545	-178.5926202508
-0.4508891574	-0.3527101010	-179.0270598787
-0.1298814733	-0.4924934342	-178.0903557171
0.4431987597	-1.1934846410	-178.5148440850
0.3456161739	-0.9143557844	-179.4701266193
0.5909194231	-0.1438926167	-178.8817280953
0.6723893613	0.1250499166	-177.9220236809
0.0289256168	0.5148710515	-177.2632415528
-0.6730485372	1.2083992521	-177.1012201896
-0.2004983926	1.3742037871	-177.9667866036
-0.2299035074	0.4791605777	-178.4117955839
0.6179906178	0.9152338649	-178.7133177897
0.9149926253	1.2346400564	-177.8134458586
0.3230528407	1.6524615100	-177.1242198257
0.1846645022	2.3929093804	-177.7819322392
-0.8024207239	2.2479007252	-177.8500148828
-0.6073606541	2.7146257622	-178.7126383863
0.0315787332	1.9538104568	-178.8262893010
-0.4972156268	2.1019978089	-179.6620027887
-0.2561024565	1.2861247931	-180.1875650221
-0.0429363544	0.5948703547	-179.4971104513
-0.5636222284	0.1433619713	-180.2216975063
-1.3358421377	0.4921036369	-180.7527866347
-2.0142965843	0.4590984303	-181.4866873230
-1.9771676521	-0.3590801368	-180.9129231949
-1.0140832933	-0.6203233697	-180.8479578887
-0.8100829114	-0.9066506742	-179.9117952325
-1.5508893456	-0.2358527879	-179.9469523488
-1.1018568524	0.3913078417	-179.3105253186
-0.7278158375	1.2559449649	-178.9751211380
-1.4202883225	1.9678809239	-178.8583776250
-1.5817591596	2.5414749800	-179.6614448871
-1.2900128475	2.0472004749	-180.4803324269
-1.2643568466	1.2027808982	-179.9452648160
-2.1121652385	0.6798537703	-179.8571277100
-2.8248656403	0.7616854707	-179.1604486518
-2.8676210938	0.1503666510	-178.3702200318
-2.1518205873	-0.0856300344	-179.0274378034
-1.4770642829	-0.8195127440	-179.1056688605
-1.2461043809	-0.1978331944	-178.3572224287
-1.9434020062	0.2509606258	-177.7983305530
-2.5871259921	-0.4852362203	-177.5894439002
-2.3435269779	-0.9708713336	-178.4289783290
-2.7233032701	-1.8057351068	-178.0305157234
-3.4477285643	-1.1268452744	-177.9108637756
-3.8951915376	-0.3479306951	-178.3502599131
-3.7686845479	0.5218784731	-178.8271540234
-3.5962359677	0.3245225401	-179.7921991637
-3.5702044377	-0.1803272900	-180.6550137490
-3.8645384393	0.7743509673	-180.6992508434
-3.1675941005	1.2823683980	-180.1931017757
-2.7174463844	0.5236675733	-180.6639946428
-2.0321975949	1.2488359297	-180.7315590665
-2.4242870518	2.1253097513	-180.4521677675
-2.2131070229	1.6792219305	-179.5824501975
-2.5291150843	1.6543672717	-178.6340193086
-1.8397994708	0.9440624732	-178.7765362484
-1.1743997841	0.9232191229	-178.0303400198
-1.8026084436	1.6754791997	-177.8316979876
-2.5901788848	1.0926162559	-177.6316890155
-3.4131430603	1.2994848397	-178.1607781902
-3.5014376713	1.6150445907	-179.1055671112
-4.2680353905	1.1958503687	-179.5919868285
-4.4469855476	1.2542458511	-178.6098632065
-4.2317829304	0.9791744362	-177.6728340980
-3.4128616676	0.4374218766	-177.4834347070
-3.5772587471	-0.4522348465	-177.0574247125
-4.4800913616	-0.1834979509	-177.3930938220
-4.7839368945	0.2624635941	-178.2349941680
-4.7867493859	0.2830734120	-179.2347778072
-4.1959384241	-0.5119929034	-179.3719345114
-3.2161637754	-0.4240607478	-179.1921858710
-2.6613533949	-0.2988723769	-180.0146901648
-2.3881113696	-1.0972812090	-179.4781436780
-2.4493597304	-2.0391740048	-179.1478610727
-3.2466475118	-1.4718503760	-178.9417637805
-3.3920367676	-1.2195421833	-179.8984259676
-2.6871708093	-1.2232215888	-180.6077569501
-1.7243901840	-1.2142246383	-180.3376226828
-0.8946957296	-1.7085703806	-180.5969090101
-1.6185983366	-2.3075065844	-180.9393129229
-2.2171972362	-2.1757282389	-180.1491776022
-2.1387893613	-3.0255956025	-179.6280464580
-1.8612504983	-3.6727496302	-178.9180014989
-1.6568825330	-2.7275951057	-178.6632140196
-0.7308237086	-2.7140492241	-179.0403500201
-1.0131581199	-2.6410585823	-179.9968852502
-0.0233269544	-2.5715130648	-179.8727978421
-0.4122272317	-1.7339554090	-179.4890612821
-1.4086223839	-1.8137154873	-179.5179581772
-1.6098698053	-1.6797091352	-178.5476274227
-0.8733703646	-2.0896349776	-178.0095480813
0.0632627176	-2.1839704446	-178.3469192257
0.5523383268	-2.8113834044	-178.9528548876
