1.1074562088	3.6985604549	-177.5467890533
0.2689319642	3.1715176125	-177.6850024155
-0.5435623970	2.9739892683	-178.2334871156
-0.4165451269	2.4962494817	-179.1027576773
-1.3561590005	2.2356556578	-178.8809094691
-1.1395449128	1.9683895596	-179.8198701551
-0.2645000284	1.5670932965	-180.0905318620
-1.0936308828	1.0330704634	-180.2559454044
-0.2962201866	0.4990940985	-180.5370244383
0.4205042972	0.4108208036	-181.2287713861
1.0339423770	0.5583245035	-180.4529257954
1.2127274478	1.1536225235	-181.2362878865
0.7651134472	1.6675963075	-180.5045279150
1.1011812253	1.4038894266	-179.6003613764
1.1703941084	1.6796796753	-178.6416386242
1.2586694907	2.3356555092	-177.8920366217
0.6690460547	2.0308563705	-177.1440782747
1.3695657014	1.8369586365	-176.4572916315
1.9243295032	1.8329768769	-177.2892899907
2.4391554475	1.3034025223	-176.6151199453
2.3329770628	0.7479278864	-175.7903932758
1.4366412027	0.3097967513	-175.7223996409
0.7286581517	0.9997064807	-175.8733452098
0.6726886842	0.9962978125	-176.8717718719
1.6144092045	0.6641650116	-176.8183840061
2.0439830618	-0.1985858221	-176.5516869869
1.4001406094	-0.9124445668	-176.8271367811
0.4613953688	-1.1701148768	-176.5983063099
-0.4434783052	-1.4157531387	-176.9459634374
-0.2650290730	-1.1568326331	-177.8952347597
0.2353059787	-0.4662705085	-177.3729428988
0.8330143548	-0.0130512682	-176.7116282857
0.5321688887	-0.3044756126	-175.8035733000
-0.3265901129	-0.4186502534	-176.3030701752
-0.2806807332	0.4705818926	-175.8479234741
-0.4104324487	0.4774611036	-176.8394461258
-1.3086014002	0.2358795264	-176.4721167422
-1.1459298974	1.1690342236	-176.1515542783
-0.3209780039	1.5059094231	-176.6053928766
-1.0176350522	1.2930412103	-177.2904885494
-1.2719496930	2.1033222243	-176.7625029987
-1.4830885354	2.6930819773	-177.5419924617
-0.8700453005	3.2637654876	-176.9956424610
-0.1531647442	2.6485850514	-176.6675642709
-0.4318947562	2.1968728997	-177.5150698534
-0.7028906031	1.6613715316	-178.3149445534
-1.0135631921	1.1146346252	-179.0924799530
-1.7212629290	0.5227852386	-179.4783236857
-1.4269248485	0.0380584927	-178.6546701929
-1.7190314381	0.9475691628	-178.3589269235
-1.8163586252	1.7685789742	-177.7963699857
-2.0494182770	1.1081293714	-177.0825846392
-1.6751672468	0.2942544492	-177.5270436107
-0.7631731606	0.4798453258	-177.8928616164
-0.7849018863	-0.4051332844	-177.4277372008
-1.4045861139	-0.9063532708	-178.0316991064
-1.0580062136	-1.3339935783	-178.8665680423
-0.5574575575	-0.4948903809	-178.6535965255
0.0901579073	-0.5500843874	-179.4135622033
0.5822179646	-0.3339067015	-180.2568558106
1.0535664870	-1.1167789600	-179.8507257855
0.4093330912	-1.8809861880	-179.8815583069
-0.0268290463	-1.5631390167	-179.0396938490
-0.5326633829	-1.3917201892	-179.8851210839
-1.1327926242	-0.5927059724	-179.8474226059
-0.5407340730	0.1595257509	-179.5582615671
0.3635556042	0.5854478269	-179.5874260132
1.0148301739	-0.1147308380	-179.2948661524
1.7159941426	0.5731338726	-179.4825127057
1.7295986146	-0.1716115412	-180.1497227079
1.9419385750	-0.7018074814	-179.3288670530
1.7179974164	-0.0782411620	-178.5798574384
1.8895681960	0.9024853094	-178.4863745211
1.2344784490	1.1067572567	-177.7589610246
0.8605863046	0.6316888988	-178.5555253470
-0.1283766938	0.5950536473	-178.6990873410
0.1752534854	1.5115225395	-178.9596511217
0.6360626349	2.2918469347	-179.3824380256
0.8365880190	3.0681476941	-178.7848205046
0.2827097316	2.3610760804	-178.3451972844
0.2919977477	1.4849060854	-177.8632845613
0.2648041391	0.5101485985	-177.6416805237
1.1069717897	-0.0271303500	-177.6873421045
0.4944342026	-0.4035795041	-178.3823843613
0.9897456392	-1.1616740009	-178.8066004793
0.8582356711	-1.2653471497	-177.8207216802
1.8145751550	-0.9792307860	-177.8803221667
2.6461087505	-0.6433252210	-178.3227239420
2.2269193412	-0.0056037616	-177.6765106806
2.5010654335	0.9560038009	-177.6889531817
3.1900280046	1.1356357961	-178.3911375748
2.7797873744	0.4106735184	-178.9444298315
2.6674072310	0.3873804781	-179.9378220690
2.8238905154	1.3749349462	-179.9220374494
2.1279441992	1.5459810044	-179.2246122054
2.2263380444	1.8431013225	-178.2748553060
1.8525920000	2.5083945275	-178.9211515582
1.5721431747	2.3473924953	-179.8674214996
1.8696384676	1.5175128204	-180.3394345034
2.0540874206	0.6718886622	-180.8403320647
