-1.8976466452	1.0534713727	-220.3955837128
-2.3452756501	1.1298786946	-219.5046346710
-1.4672834042	1.2818017538	-219.0507084654
-0.6839131400	1.5243645086	-219.6229796766
-1.0533965180	0.6126306557	-219.8024884918
-1.3641740221	-0.1365919312	-220.3873669905
-1.4027067785	0.4950278391	-221.1616871391
-0.9114228514	1.2818681364	-220.7881600992
-0.1591049618	0.7584071226	-220.3881521491
0.5298529259	1.1665442674	-220.9871188426
-0.1292096513	0.6105875156	-221.4936251204
0.4989645168	0.0660062355	-220.9379017686
-0.4780436568	-0.1269301345	-220.8471791922
-0.6113253622	-1.0837453051	-221.1055214386
0.2355329433	-0.7360861949	-221.5079691414
0.6421441551	-1.2294925463	-222.2768758293
1.6245254648	-1.4115200259	-222.2345324830
1.5632014477	-2.4094981266	-222.2512380342
1.6915589014	-3.3454671554	-221.9233869380
2.5000174338	-2.8866026009	-221.5548247017
2.0314955618	-3.1110262965	-220.7003533679
1.6000043587	-2.3643593513	-221.2066179378
2.3950108711	-1.7578317012	-221.1971916467
3.0865116948	-1.3309566567	-220.6144358598
2.5374560728	-1.4216782942	-219.7835883958
2.2729909549	-0.5248597047	-220.1382355711
2.1173570196	-0.6284986198	-221.1205985658
1.6257662270	0.2423277034	-221.1206843541
1.2381416892	-0.4310157700	-221.7502522889
1.0799668661	-1.3177597358	-221.3158954489
0.1774129247	-1.7474097499	-221.3441310358
-0.7079954994	-2.0608814285	-221.6873327683
-1.0810679610	-2.2138922542	-220.7722346175
-0.2723283174	-1.8225739626	-220.3331330537
0.3247391140	-1.0332759124	-220.4763778453
1.2073961235	-0.5642918700	-220.5075318442
1.7433690251	-1.4081793901	-220.4833057821
0.8835586445	-1.9183286536	-220.4615379535
1.6791292489	-2.3525959113	-220.0390697747
1.4717339840	-1.5306648267	-219.5085827379
0.5783015471	-1.0845581370	-219.4559775859
-0.4040974546	-1.2694035085	-219.4290630906
-0.4332069917	-0.3535699315	-219.8295646438
0.5122956697	-0.0324518409	-219.8834894902
1.2163981841	0.6251637281	-220.1514100246
0.5545218145	1.2778169301	-219.7826777786
-0.0592643611	0.6169893109	-219.3507363608
-0.1388432399	0.5240413779	-218.3582506512
0.0433289741	1.4511240820	-218.6858646683
-0.8595271967	1.3733699003	-218.2630112398
-1.8094455569	1.2547590459	-217.9738978118
-1.4454383706	0.6489957429	-217.2664025191
-2.3298868965	0.3655661243	-217.6371024736
-2.9263481288	-0.2261673202	-218.1793990059
-3.2255465956	0.3598985752	-218.9323977069
-2.6852025652	1.0977520053	-218.5279219419
-2.1366557475	0.3014757882	-218.7829524789
-1.2154958265	0.3578529516	-218.3978732462
-1.5656727291	-0.4308418058	-217.8925647101
-2.0181154067	-0.7634490074	-218.7200114292
-1.3797004400	-0.3579483991	-219.3742251457
-2.2210698517	0.0008160532	-219.7784349683
-2.8616299680	-0.6598503469	-219.3870238734
-2.0716508538	-1.0782819980	-219.8351845058
-1.1254872701	-1.1375163797	-220.1534073224
-1.8071061234	-1.4210545920	-220.8279455504
-2.4020673510	-2.0047918818	-220.2754313749
-2.9176537945	-1.1824291118	-220.5160349782
-2.3335140972	-0.4238708799	-220.8047740002
-1.5438073603	-0.5549544898	-221.4040905750
-0.7314679190	-0.2475120223	-221.8996546590
-0.4543522515	-1.1714118741	-222.1635030451
-0.1052591686	-2.0201005420	-222.5608210090
0.4264928354	-2.7795713639	-222.9355794336
0.6441101778	-3.5197998246	-222.2994155252
0.0884944766	-3.8828287231	-221.5514173892
-0.2341509944	-3.0224604949	-221.9459632191
0.6369448042	-2.5603270323	-221.7797562025
0.9202809258	-3.2874778703	-221.1544784234
0.8074910483	-2.9608686257	-220.2160729434
0.6202929039	-2.2765133466	-219.5113639916
-0.2789368026	-2.2717571938	-219.0739130642
-0.2680928051	-2.8183685906	-219.9112292462
-0.0219790370	-2.7751069589	-220.8795042300
-0.8239140286	-3.3519948628	-221.0347479594
-1.4059822583	-3.1632729457	-220.2438114170
-1.9191262379	-2.7105725636	-219.5146025167
-1.1908534143	-2.0402050985	-219.6568212082
-1.7885550363	-1.7722157061	-218.9012191592
-1.0416732459	-1.1882125576	-218.5832444530
-0.5148881782	-0.3602219965	-218.7754139696
-0.4256864440	-0.3301967358	-217.7798530552
0.4814058575	0.0467481295	-217.5925134569
0.7486193978	-0.9052019848	-217.7421393362
0.0562704516	-1.1457837758	-218.4224137945
0.5061902868	-0.2699711915	-218.5971262984
0.9726050408	0.4792903513	-219.0673011785
1.4671573744	-0.3049049361	-219.4420754313
1.4220701908	-0.9152791731	-218.6512464759
0.9189865561	-1.7730254447	-218.5455195158
