-0.7135712994	-0.2564238930	73.2278848482
0.2448152622	-0.5236556443	73.1274737451
0.5168503166	0.2475636706	73.7029889033
0.5138919836	1.2066090325	73.4197518256
0.2883897963	1.1307824355	74.3910391624
-0.1964486772	0.5545495679	75.0489809052
-1.1040260238	0.1362188674	75.0128867929
-1.3725024510	-0.8270017040	75.0016378447
-2.3586480145	-0.6644959392	74.9683391363
-2.0203914826	-1.4887116706	74.5141905409
-1.6553513862	-1.7803108663	75.3983373822
-1.2000946898	-2.3761727189	74.7367559489
-0.8953303883	-1.5650120512	74.2376196031
-0.5590018162	-1.5906844983	75.1790143222
-0.7765736879	-1.1561690875	76.0530045043
0.1985891649	-1.3774352926	76.0430708760
1.1390380115	-1.4194780533	75.7057455534
0.8110482140	-0.4830887691	75.5808543955
0.4418020384	0.3192237950	76.0498445992
0.1308772569	-0.4908092329	76.5470088317
-0.5422244531	-0.1256252865	75.9039110371
-0.1104087127	-0.5033352958	75.0848443028
-0.2605011417	-0.6404728826	74.1057296287
-1.2560627193	-0.5792073510	74.0342895844
-2.2413808300	-0.6425229759	73.8757356431
-1.7411569758	-0.6430100471	73.0098396571
-1.7406330062	-1.5231675353	73.4845211518
-1.1874858673	-1.6773625142	72.6658318632
-1.3117311818	-0.8779958189	72.0779747477
-0.7198722593	-1.6189833330	71.7607358473
-0.6465399100	-0.7673097913	71.2418191440
0.2206962793	-1.2515172036	71.3577698827
0.4137990483	-2.1644027172	71.7174243831
1.1002178931	-2.8907374584	71.7530195123
1.9527782929	-2.3776776260	71.8525703683
2.2645511290	-1.5718779480	71.3490978491
2.2843243420	-1.1339027969	72.2478674453
2.4214014557	-1.1070119639	73.2380627533
2.4026771029	-0.1757491342	73.6019294056
1.5258918491	-0.4181159725	74.0172677430
0.7292149593	-0.2086136539	74.5842022292
1.1508611368	0.4783415201	75.1760696890
1.2673745962	0.6504881578	74.1979131836
1.6109947121	0.4861913792	73.2732879706
2.4790545618	0.6076776023	72.7919220028
1.6781337240	0.7624444694	72.2134991225
0.8849802099	0.8881903906	71.6176002499
0.7348855267	0.3065127183	72.4170517316
-0.1111592720	0.5096238552	72.9099554388
-0.7644493682	1.0885926465	73.3978152433
-0.5386338680	0.3621826735	74.0469191726
-1.1359655912	1.0264135418	74.4963545584
-1.8571765722	0.3766971626	74.2560977218
-1.5665249828	0.3591557289	73.2994295705
-1.0629640948	0.3228413259	72.4362333609
-0.2869219443	0.5208129931	71.8374297206
-0.3325953423	-0.3751475982	72.2792085788
-0.0045384197	-1.3064954327	72.4372271435
-0.3306523348	-1.4674774828	73.3687498184
-0.9439444754	-2.2479105572	73.4903926016
-1.4802953650	-3.0071479009	73.8590202989
-0.9150273007	-3.7979815949	73.6243842321
-0.4887244841	-3.1128296030	73.0337636631
-0.2933732759	-2.2532014393	72.5616648115
-1.1327628149	-2.6772914143	72.2217046742
-0.4080996476	-3.3042865628	71.9358019325
-0.4725125913	-4.1071075865	72.5285323743
0.4465538617	-3.8623689884	72.2196313003
0.5993449150	-3.0260224779	72.7461096079
0.3140404080	-3.6224773192	73.4963382134
0.0785630992	-3.9215988832	74.4210418021
1.0764819841	-3.9851678620	74.4318530895
1.5371813857	-3.6774959267	73.5993303922
1.7454008430	-3.0832731700	72.8224494662
1.1748250189	-2.6302910939	73.5074680555
0.2050587347	-2.3869381964	73.5257087086
0.7732096315	-1.8788274515	72.8783849647
1.7670928543	-1.9881914546	72.8937359983
2.4666599194	-2.4836340380	73.4086559609
2.6630511393	-2.4754610246	74.3891475165
1.9584101179	-2.1052771509	74.9944944671
1.5309215882	-2.9626554255	74.7078656981
0.5600039112	-3.0162638960	74.4745311822
-0.4139678976	-2.9910874282	74.2492645377
-0.2184611678	-2.8910853335	75.2248549742
0.4774300435	-2.1857363691	75.3598300113
0.0363691126	-2.0663091696	74.4703344243
1.0337052197	-2.0550159905	74.5423979621
1.7759212593	-1.6587819803	74.0019222829
2.3676346034	-0.9375733325	74.3621075198
1.4900404588	-1.0416029142	74.8300886770
0.5125263003	-1.2524111072	74.8351853159
0.6240419349	-1.2609231121	73.8414590916
1.3442101794	-1.0632435379	73.1764173743
1.8076400411	-0.3159242874	72.7002381004
1.6933677072	-0.2176719270	71.7116591670
1.3101744780	-1.0014176415	71.2228794579
1.2668773320	-1.6388978745	71.9921286436
0.8541555033	-0.7505214616	72.1932456272
0.5982625528	-0.1634272686	71.4252357273
