-1.5187481520	2.4163291303	-236.1025235273
-0.9943443985	2.3033350379	-235.2585845257
-0.1232603840	1.8206750963	-235.3494251577
0.7139588919	1.4884026137	-235.7837739592
0.4477787373	2.1538837525	-236.4811138901
-0.0898684929	1.3228119290	-236.3387935470
-1.0146932392	1.5140363083	-236.0099585954
-0.9316154566	0.7749961866	-235.3414395003
-0.5506495279	0.4116066464	-236.1916235999
-1.4988152752	0.0938779405	-236.1861295008
-1.2515194916	-0.8404921692	-235.9296196695
-1.3241894348	-0.3390576243	-235.0674813531
-0.8805226237	-1.2144554056	-234.8755478092
-0.3021818958	-0.4064523834	-234.7630617280
-0.1819243328	-0.8520933306	-233.8759640644
-0.4596303818	-0.2256426642	-233.1476516912
0.5206605325	-0.1381929137	-233.3248020921
0.5626282372	-0.0919247263	-234.3228491685
0.7824349561	-0.4255403974	-235.2395746401
0.3346585918	0.3953004123	-235.5941401385
0.1615699745	0.9238618555	-234.7630786898
0.6409637991	0.8688263744	-233.8872061781
-0.2821392402	0.8141623743	-233.5065585381
-0.7737348096	0.4640647190	-234.3039075382
-0.7668457585	1.4550001454	-234.4380698341
-0.0457614758	2.1446259013	-234.3713332313
0.8389533556	1.8880121800	-234.7604721076
1.6259533317	2.2296238398	-235.2742157319
1.9760389209	1.2939889883	-235.2291879074
2.2525620554	0.4032692534	-235.5899555748
1.7907252197	-0.1440716570	-234.8920124074
1.1262073916	0.6008126144	-234.9517072845
1.2999554640	0.6294244248	-235.9360816907
1.5612899366	-0.3313084765	-236.0293371772
0.6814882329	-0.6917056268	-236.3392772619
1.1244401735	-1.5329974964	-236.6491507337
1.2410371847	-1.3347027006	-235.6759681656
1.5785139879	-1.2668345497	-234.7370840825
0.5835116656	-1.2659671663	-234.6372360670
0.1728945299	-1.3330752537	-235.5465710287
-0.2793723748	-0.4778411728	-235.7996111715
-0.3947674396	-0.3984405685	-236.7897523347
-0.3453906839	-1.3587373257	-236.5151761629
-0.8276793711	-1.7471681738	-237.3003634644
-1.2404600525	-0.8365609761	-237.2801981349
-1.2944578541	0.1591389804	-237.3554698693
-2.0110077216	0.5784179173	-237.9129296979
-1.5287933370	-0.1851555489	-238.3423768413
-1.4073427259	-0.7127487009	-239.1831474491
-1.1106233481	-1.1617914993	-238.3403436902
-0.2060534758	-1.2034542351	-238.7646284561
-0.0723787215	-1.2434278697	-237.7744097083
-0.4145819548	-0.3162823113	-237.9270467303
-0.4607100605	-0.1412503213	-238.9105283013
-0.3579456983	0.7755156457	-239.2965071187
-1.1898394407	0.3166643972	-239.6086101994
-1.3717143923	0.9733199664	-238.8766778490
-0.8661198174	0.7168035669	-238.0529221433
-1.0869110623	1.6914407187	-238.0894412960
-1.8858358418	1.5779219150	-237.4988207088
-1.8802801359	0.9181194409	-236.7474021641
-0.9175836559	1.0669223283	-236.9733959431
-0.1129230420	0.6161407722	-237.3598118913
0.4423070854	0.2472836311	-236.6143832125
1.3977981253	0.3059859201	-236.9035041457
0.8896382448	1.1594283554	-236.7877045538
1.5661187305	1.6283617705	-236.2198351985
2.4605762528	2.0465364523	-236.0614821866
2.6968564773	1.7839250578	-236.9970071254
2.2954598417	1.0162474999	-236.4974554183
2.5525743244	0.0515255418	-236.5540565340
2.0773181662	-0.7390434778	-236.9402329307
1.8133383203	-0.2648044306	-237.7801209989
1.1856503297	-1.0415326146	-237.7281487507
0.6316814998	-0.2304559441	-237.5403372228
0.5846764985	-0.5025539723	-238.5014580231
1.1603686374	0.2948820402	-238.6822185472
0.4925494291	0.1736508327	-239.4166029829
0.6990875548	1.1090359848	-239.1295548687
1.3251293815	1.6316620267	-238.5508203427
0.5943712523	2.1652991611	-238.9765244246
-0.0645987255	2.5046446062	-238.3052545554
-0.9068309235	2.8179800670	-237.8665452967
-0.9322739019	3.2495305250	-236.9648153720
-0.6211766301	2.3091455296	-236.8273579316
-0.1211135189	1.6005645857	-237.3252032196
0.7051908281	1.9712540895	-237.7492438048
0.2918172177	2.7758039204	-237.3228380967
0.3999662562	3.2760285986	-236.4637228211
-0.2752873188	2.7580958865	-235.9385768269
0.5740106847	2.6280530878	-235.4269306877
1.2500213659	2.7321817029	-236.1564283165
1.5330628510	2.3625686669	-237.0414558422
1.6800546092	1.4488895650	-237.4203805336
1.8814493860	0.7018111022	-238.0538739546
0.9189724863	0.8298508895	-237.8146167073
0.1597897455	0.4645718532	-238.3533307240
-0.0745479176	1.4366731617	-238.3430883752
-0.5460874025	1.8629330313	-239.1150683216
-1.0929444510	2.6868506899	-238.9663838896
