1.5089529495	-3.1414452257	48.7012273218
1.1057983850	-2.2274090341	48.7459960333
2.0782567183	-2.0336425551	48.8755311309
2.1819631763	-2.7902782164	49.5210909241
2.5828009899	-1.9057910344	49.7598616765
2.5117695589	-1.0881310407	49.1885590680
2.4034679540	-1.1639645544	48.1973375789
3.1484977846	-1.1734684252	47.5303741406
3.1351672501	-2.0131928125	48.0732233372
2.2621677738	-2.4768726473	47.9219853618
1.9286199675	-3.3719903324	47.6261641477
1.2218308491	-3.4103245535	46.9197792458
1.5040944715	-2.4514567356	46.8897833242
1.1344062767	-1.9797301624	47.6902860904
0.9058662107	-2.9455357422	47.8127157452
0.6014451860	-3.8844204393	47.9734122453
-0.0226403883	-3.9360697410	48.7530593101
-0.9951702440	-3.7215836126	48.8435102938
-1.3047265818	-3.2568019511	48.0139604876
-1.0238001146	-2.3641833617	47.6613808884
-1.1795684196	-1.4047239270	47.4264897894
-0.4825419683	-0.8320158889	47.8579519886
-0.4583022213	-0.2517800401	48.6720396954
-0.5328158846	-1.0338004491	49.2908222047
0.2183931947	-1.1383850777	48.6390960547
0.6313043921	-0.9578697078	47.7463931118
1.5782187832	-0.7490330542	47.5019746428
2.1551386332	-1.5217572152	47.2372845263
1.8508550671	-1.6067906041	46.2885059250
1.0003420246	-1.4810597541	46.7992106517
0.8674944299	-0.4908552364	46.7562393856
-0.1248923768	-0.5634176343	46.8557538283
-0.4953043752	-0.2999459299	45.9650363577
0.4890607464	-0.1545491459	45.8656126049
0.4926637359	-1.1495890631	45.9650237794
0.3113497340	-2.1330076944	45.9686332693
-0.6278485485	-2.2412349939	45.6427599229
-0.4371635917	-1.5782549131	46.3667051278
-0.0782132143	-1.8166551687	47.2691019057
0.1452403158	-2.0418654423	48.2174419568
-0.7175717967	-1.5949005422	48.4536148525
-1.3666183846	-1.8161191440	49.1814890565
-1.7496478679	-1.7405551744	48.2608487894
-2.4620040328	-1.4224922500	48.8864562306
-2.8136926819	-1.6096483660	47.9692388723
-2.1848660854	-0.9356863906	47.5814859002
-1.6044368818	-0.2127397156	47.9562525537
-1.3950415998	-0.7509584266	48.7726312863
-1.6681543740	-0.6052357084	49.7235120895
-1.6934294076	-1.4990156800	50.1713050496
-1.4727542139	-2.3826948510	50.5841168487
-0.5782241674	-2.8197764027	50.4904380723
-0.6303692231	-1.9685632542	49.9682148738
-0.4438992214	-1.8335131187	50.9413491911
0.3840367631	-2.1586771185	50.4844133325
1.2645721189	-2.1775658621	50.0108093814
0.8707666308	-3.0417561018	49.6976122117
-0.1233984893	-3.1321858981	49.6388060400
0.2370097788	-2.2574697210	49.3148037411
0.3170319358	-3.0258785252	48.6798672372
-0.6327604208	-2.7135324471	48.6981540301
-1.1782308244	-2.7412341378	49.5358261945
-1.8802012688	-2.8695899009	48.8352819109
-2.3622006794	-2.6125284784	47.9976686391
-2.0263365390	-2.0240713096	47.2622004619
-1.7699000131	-2.9241113693	46.9098253788
-0.9751395402	-3.5270967377	46.9788502743
-0.5088722572	-3.9987060275	47.7273016746
-0.2473976590	-3.0336829404	47.7082891542
0.3112633054	-2.7922565825	46.9148086942
-0.6340770674	-2.5465097447	46.7004723437
-1.4117267711	-2.0139830403	46.3662923809
-1.2778173604	-1.0301867619	46.2470734546
-1.1528332586	-0.3477408850	46.9672446838
-0.6215338462	0.2553436372	47.5622320731
-0.8192264070	0.6229522096	46.6535068182
0.1786493175	0.6151278273	46.7181815229
0.5416235359	0.1033064949	47.4968269111
0.5945361294	-0.1724458304	48.4565981925
0.3209655511	-0.4141718397	49.3875802949
0.5408369502	-1.3139271013	49.7645379015
1.4961382492	-1.2925050811	49.4696811141
1.3444696773	-1.1806142650	48.4876031693
1.5849774760	-0.2644581300	48.8082492905
2.4628314758	0.1135803699	48.5142097564
2.5297632842	-0.2977737228	47.6051949362
2.0266714001	-0.1363269797	46.7561757931
1.2903994402	0.5378773462	46.8140733583
1.6603232239	0.3147872908	47.7159531848
0.9833101824	0.8303338409	48.2411817983
-0.0052020458	0.7639627138	48.3769700453
-0.1095563766	0.5260925354	49.3426449139
-0.6997517104	-0.0866066230	49.8682580885
-0.8160691147	-0.9376008746	50.3803899515
0.1087454830	-0.5587102003	50.4144460358
-0.3892475353	-0.4477893246	51.2745038903
-0.3377013682	0.4234498982	50.7863592300
0.4636597890	0.4683502354	50.1898659313
0.9993493787	0.4962920327	49.3459133737
1.2676667779	-0.2565522421	49.9469385572
