-0.4059180572	0.2679199061	67.5806646652
0.1585024456	-0.5542288395	67.6548329604
-0.4538721796	-1.2545784919	68.0215858510
0.2052039367	-1.5737468994	67.3405937801
-0.5645780075	-1.0939104251	66.9196511280
-1.2013591465	-0.4710512262	67.3741356704
-1.7185588022	-0.2115658243	68.1897163484
-2.5929603105	0.2572067682	68.3149132284
-2.8695454806	0.3867266112	69.2671344495
-2.1432625764	0.4754445810	69.9487811797
-1.8590809546	0.8691425562	69.0745714165
-1.0649092678	0.7425706756	68.4802054593
-0.2259991649	0.6062962112	69.0071391454
0.4789244796	0.4386611897	68.3179503796
0.7720689625	0.9186556236	69.1447947759
0.3764736480	0.3169647839	69.8386769565
0.3161624118	-0.4663695344	70.4573447999
-0.2154268529	-1.3133713825	70.4581951355
-0.5566586296	-1.6521075881	71.3350181835
-1.4399159400	-1.7035689876	71.8010742402
-2.2798536220	-1.2646276955	72.1201905709
-2.9065067222	-0.8735962185	71.4460983844
-2.9496854599	-1.4531539245	70.6323118878
-2.8828887037	-2.2922662856	70.0924705788
-2.9925193828	-1.5614799723	69.4187254649
-2.1050662324	-1.4706005875	69.8705748238
-1.7767135139	-2.3943875701	70.0675573182
-1.2214777037	-2.7811043216	69.3312398940
-0.5515273171	-3.5227747096	69.2982018106
-0.4111315164	-3.1179333687	68.3946573968
0.1554380573	-2.5797668682	67.7706576084
0.7024369221	-3.0883858009	68.4355628822
0.1609216943	-2.5624439333	69.0914183616
-0.6320361709	-2.1039900918	68.6901230849
-1.3870403266	-2.5514172576	68.2107717981
-0.7623216942	-2.4968803072	67.4318286992
-1.4866467907	-1.8276100214	67.2662073261
-1.5070967006	-1.2713276951	68.0969490276
-2.3266794647	-1.2100184263	67.5272778362
-2.2706129655	-2.1359342431	67.9008236137
-3.0146791679	-2.1999117008	68.5658592304
-2.3059500565	-2.6115017995	69.1388309900
-1.7271321448	-1.8108600835	68.9840968055
-2.3988554549	-1.1719870775	68.6090913697
-3.2233448725	-1.1165896396	68.0459321346
-3.1887008838	-0.6968861071	68.9529319907
-3.7143867670	-0.1385597636	69.5947466417
-3.8428777239	-1.0495524741	69.9866424894
-3.4283424498	-0.4214156760	70.6451291403
-2.5032255166	-0.0649257885	70.7757952036
-2.6896326327	-0.5572765725	69.9255934084
-2.0834332338	-0.3129417633	69.1687428354
-1.6553850368	-0.4866961278	70.0556386364
-1.1284605168	0.1661080507	69.5113985656
-0.4809509695	-0.5593814975	69.7446287130
-0.0684199650	-1.3878117706	69.3657864596
-0.9536178450	-1.6440679406	69.7540614764
-1.0954697189	-0.9618484939	69.0368065201
-0.5844135123	-0.3087368719	68.4779981782
0.2506623749	-0.4331576900	69.0138785032
0.9585614532	-1.0322565733	68.6397669917
0.3814649751	-1.8113592893	68.3949025134
1.2444361325	-2.0270789076	68.8517896195
0.7908637170	-1.9411603496	69.7388578611
0.8973807650	-0.9468498005	69.7396643518
1.2418552309	-0.0788162486	69.3820960436
1.3408681326	-0.1035602459	70.3768745012
1.2380716985	-0.9189453332	70.9465937764
0.5020736064	-1.2988191824	71.5069531853
0.1215634880	-1.1080547911	72.4118404693
0.5169517754	-0.2223097174	72.1686866775
0.6963552147	0.2012176920	71.2807458351
0.0471536258	0.8467349353	70.8784464621
-0.8613462847	1.1125254321	71.2009109165
-0.5134310336	1.7652390704	70.5279176888
-0.0602723972	1.2558967848	69.7963319547
-0.9235812541	1.3886713083	69.3094348985
-1.2658132816	1.0615783230	70.1902796171
-1.5291814884	0.3454569688	70.8366598408
-0.6011499673	0.0830101285	70.5723131901
-1.0355399496	-0.7358567248	70.9474963719
-0.1449979732	-0.5456969169	71.3607447667
-0.8906579826	-0.7038621446	72.0080274802
-0.6609825607	0.0126172287	72.6667432826
-0.4740313510	0.3677867294	71.7508263262
-1.4517506091	0.4687261489	71.9348814426
-1.9086449575	-0.3834128722	71.6797214082
-2.0373703003	-0.9792057033	70.8869662830
-1.3610382313	-1.6989902333	70.7304889276
-0.6421870967	-2.3325945032	70.4444842505
0.0952105775	-2.9310341740	70.1312517000
1.0062148606	-3.0439443915	69.7346127219
1.7708570189	-2.4289733002	69.9273117788
1.3319063562	-2.0249743413	70.7298746467
0.3431942462	-2.1337265784	70.8329344083
-0.2635841280	-2.7018179095	71.3888950581
-0.7478218924	-3.5289868246	71.1037540868
-1.2116591116	-3.3157928140	70.2438684271
-1.4792002111	-2.7192640677	71.0005554264
-2.1727003717	-2.0309349870	71.2133008231
