1.9471661725	-1.1305270269	203.2056085725
1.2028773369	-1.7983300241	203.2141692982
1.0232037647	-1.0365292566	202.5917731237
0.1378972217	-0.6934129680	202.2779203916
0.3783455893	-0.3363852145	201.3753043239
1.0997619275	0.3452139270	201.2529071129
1.2892426728	-0.2390249346	202.0420598230
0.7834862945	-0.0797262649	202.8899008574
0.0974591052	0.6051007618	203.1356215099
-0.8286644973	0.2909113506	203.3443799510
-0.2968074366	-0.5486805481	203.2338651982
-0.9216719018	-1.2673856430	202.9288940739
-1.0962809874	-0.6713954851	202.1451164275
-0.5978956831	0.1781362824	202.3180553313
0.3358025461	0.4449535414	202.0792747477
-0.2432653073	1.2598656519	202.1037425493
-1.0549141953	0.9350109433	201.6182577391
-1.3869978427	0.4786005895	200.7927820944
-0.6985405738	-0.0857103832	201.2483912635
-0.0076805577	0.6168886380	201.0779006375
-0.6166323132	1.2781697727	200.6398538131
-0.4521507276	0.4608103009	200.0877041036
0.1112333309	0.6677264327	199.2878390418
0.5530160768	-0.1077713762	198.8368056130
0.9832360278	0.7598165502	198.5874023577
0.8889814205	1.5189651906	199.2314593511
1.8770589450	1.4008947019	199.3302630217
2.3120731314	0.7296195270	199.9303899225
2.0362867770	1.0061587571	200.8509701423
2.0557556025	0.3978069088	201.6443987739
2.3175819492	-0.4963768543	202.0075548864
2.0402504613	0.0853681367	202.7721855236
1.4049691627	0.7971783347	202.4726126379
2.3859759259	0.9899160185	202.4944739248
3.0293494907	0.2261052642	202.4428639672
2.8414129118	-0.6221206430	202.9380332843
2.9847014584	-1.2809295975	202.1994947587
2.0535717947	-1.5960698536	202.0159622867
1.5558768041	-1.8557114436	201.1883839272
1.1602011298	-1.8480828294	200.2700253018
1.8254099493	-1.1030179209	200.2212861123
1.5938465598	-0.1361285037	200.3285393237
2.5182516460	-0.1677713345	200.7086366373
2.5262655258	-1.1115262418	201.0391853518
1.6299643075	-0.7053226635	201.2170695250
0.8554807568	-0.8969411226	200.6141950805
-0.1162915094	-0.7106834794	200.4693960717
-0.2296216587	-0.5042181856	199.4975275828
0.5583597134	-0.0629450465	199.9269031455
1.2312378095	0.6085248011	199.6164787399
0.8673316035	1.0082164573	200.4577984492
0.7291910296	1.3183333788	201.3984071228
1.6555219543	1.4568667561	201.7487205845
1.0217530579	1.8047221936	202.4396139052
0.8311923484	1.6146510899	203.4027128573
0.0134006746	2.0522738801	203.0289441162
-0.8632920993	1.5756504013	203.0940581664
-0.2305346371	1.4792390896	203.8623828718
-0.1738745792	0.5815933010	204.2994431379
0.5362137786	-0.1218025719	204.3312042782
1.3960056183	-0.3093476379	203.8562465530
0.6554926236	-0.9239492624	203.5843911724
0.1435050210	-1.5397520550	202.9855125408
0.0954562540	-1.8963251573	202.0524814917
0.4342266082	-2.5349261817	202.7434397963
1.0810400548	-2.0715706510	202.1376890080
0.8439083442	-1.2430026579	201.6304970989
0.4085641799	-1.9006111463	201.0156584740
0.0748784785	-1.7250959678	200.0894574835
0.6302082037	-1.1349359336	199.5035223076
0.7969712560	-1.2644925374	198.5260740119
-0.1753465762	-1.3028025947	198.2955737458
-0.4728975900	-1.6590572224	199.1813197784
-0.9266421769	-1.2816879736	199.9886043007
-1.1139662965	-0.3720015150	200.3592526802
-1.5039032055	-0.9290411842	201.0925029881
-1.7610816422	-1.8529379524	200.8091762980
-1.2627152885	-2.4428300630	200.1738352278
-0.4139718285	-2.7888563301	200.5737106605
-0.7344295616	-1.8775675401	200.8322828604
-0.3553326068	-1.1379271240	201.3883561953
-0.9350070402	-1.7177393182	201.9608903609
-0.7497819684	-2.6349435340	201.6081466873
0.2152980161	-2.8674363971	201.7288433823
1.0361821556	-2.7930983406	201.1626074925
1.6165355610	-2.8790739937	200.3527938646
0.6756793833	-2.8577566251	200.0146589465
-0.1349492007	-2.5579483946	199.5116715474
0.7105310347	-2.0847536484	199.2641843688
1.6127186812	-1.6658452312	199.3670103795
2.5852725114	-1.4336315337	199.3817020835
2.4798905325	-0.4663189306	199.6123554304
2.0603631452	0.2013491137	198.9973626224
1.4951393592	-0.5378799852	199.3635079640
1.9833231177	-0.8948769053	198.5671224939
1.2856992302	-0.2942822538	198.1764730653
0.3432603532	-0.3867036671	197.8551208512
-0.0738746905	0.5212482384	197.8953910975
-0.5195607640	-0.0211425298	198.6075541255
-1.1918373411	-0.0052657355	199.3476839326
