3.3132244313	1.1365942251	-9.6382221485
2.6070538082	1.6235057715	-9.1241791571
2.1769542410	0.7307404725	-8.9900729189
2.3179100904	0.2672408824	-8.1152588938
1.4243782019	0.0605733511	-8.5138680955
1.2971701905	-0.1924018272	-7.5547947506
0.4767419151	0.2037154360	-7.9670914382
0.2087651603	1.1131549557	-8.2850666244
1.1485475509	1.1602012475	-8.6235864979
1.5529960090	1.5957512876	-9.4277740428
1.0635611730	0.7410351553	-9.6007303218
0.2234996943	0.4922524273	-9.1186474800
-0.5014673903	0.1997621625	-8.4950513196
-0.0937298744	-0.6620972886	-8.1934747877
0.0716241899	-1.0971484652	-9.0785671598
0.8642152523	-1.0506217004	-8.4705912821
1.0504854744	-1.8807486908	-8.9961315605
1.5301577606	-1.0485215360	-9.2741827441
0.8009861109	-0.3682781791	-9.3488666147
1.7273200367	-0.0170478370	-9.4850382149
2.4182061375	-0.5015968406	-8.9484856462
2.4381027154	-1.4644778605	-8.6792937674
1.8456074071	-0.9327616606	-8.0741266893
2.7952070696	-0.6678392792	-7.9065659157
3.7426944797	-0.3702897044	-7.7893829042
3.3688058141	0.0089710189	-8.6357684957
3.0080823102	0.1547114441	-9.5569841503
3.3879469856	-0.7702155430	-9.5715751363
3.4747267904	-1.1138630323	-8.6364945684
3.2913417500	-1.8040244248	-9.3365282670
2.5266807850	-1.3461490510	-9.7900078703
2.4246321489	-1.4483315195	-10.7795253380
2.2653374433	-0.6093699991	-11.2998797980
2.2529791821	-0.4322042374	-10.3157763653
1.2899630321	-0.6972787476	-10.2674503995
1.2831296771	-1.2243504774	-11.1172437254
1.5207397944	-1.7219460387	-10.2830134877
0.6115056298	-1.4920741079	-9.9359513472
-0.1695456044	-1.4452582676	-10.5586609478
0.4906443106	-2.1703545411	-10.7545810086
0.3780715955	-1.6422288040	-11.5962523160
-0.4024331323	-1.0231437674	-11.6831205339
0.0084471340	-1.1998691574	-12.5775172822
-0.4336237933	-0.3047034625	-12.5204938322
-0.2595526336	0.4200629860	-13.1871367849
0.4249171287	-0.3063632232	-13.1254431296
1.0612033846	0.3727107514	-12.7593852959
0.2284487757	0.6975975725	-12.3110903987
0.2437923704	0.5529133484	-11.3217314904
0.5061474575	0.2490212242	-10.4058606561
0.0927892670	-0.5890734628	-10.0498658503
0.3646884719	-0.6273253350	-11.0114310413
0.4967798744	-0.2430001341	-11.9251301172
1.0006666085	-1.0496814428	-12.2339398082
1.6491085674	-0.3048434953	-12.0766519899
2.2897197721	0.3877255179	-12.4082623735
2.9890925942	0.1140171080	-11.7479886710
3.2880510350	-0.8388795732	-11.6968832353
3.2897579627	-0.9146791056	-10.6997616192
3.1123397156	0.0691247280	-10.6742120096
3.0792690091	1.0617966065	-10.7904396735
2.8080198167	2.0002244824	-11.0043952704
2.2902603049	1.6973540867	-10.2042736475
2.2768215891	0.7056904276	-10.0761230012
1.4009871185	0.8207290931	-10.5448234231
1.2414945110	0.0119525788	-11.1108999709
2.1209792307	0.4816004485	-11.1879551855
2.5606450530	1.1951315652	-11.7334524909
1.8141550542	1.5887309908	-11.1969525619
1.3451763947	2.2006755665	-10.5600986907
0.6905155168	1.5676716907	-10.1469095957
0.7531074639	1.4688657922	-11.1400458616
1.1870807548	0.9748381219	-11.8934407406
0.8586358185	1.4488170452	-12.7104278299
1.8341389942	1.5468501322	-12.5134936582
2.2713081465	2.2468973677	-11.9488548352
2.0644663351	3.2184513235	-12.0641777556
1.4917758143	3.9709004588	-11.7388381388
0.8783129660	3.3638460952	-12.2439602363
0.3157199030	3.5433296701	-11.4369443183
-0.3330099948	3.1787531300	-10.7689372329
0.6380342621	3.0430044445	-10.5723530384
1.3466313771	2.9521751525	-11.2720959686
1.1575027023	2.1475845567	-11.8350029926
0.3271377845	2.4550954175	-11.3703190422
-0.1508987679	1.9837033893	-10.6291911110
0.0090014804	2.5228082677	-9.8022704131
0.1492183163	1.7098035074	-9.2371487461
-0.6620847299	1.1378084204	-9.1162811006
-0.1887077260	0.9378163195	-9.9741373659
-0.6302910851	1.0564063589	-10.8634857450
-1.0424889573	1.7187054075	-10.2378237881
-1.3017603806	0.7992686276	-9.9421646317
-0.7284688643	0.0607077924	-9.5873904359
-0.5496598622	0.0376692122	-10.5710044682
-0.6274425124	0.0425788698	-11.5679627194
-0.7625840600	0.9582385891	-11.9465179209
-0.1042993308	1.6800334119	-12.1602313954
0.3922600718	2.4508580850	-12.5593029216
1.3523402449	2.5625506679	-12.8157611603
