1.7442182024	-0.0812587222	91.8738384619
1.1638379167	0.2460627697	91.1281714015
1.0924195518	-0.7506067676	91.0888108803
0.5649515424	-1.2253477687	91.7933664004
0.4282572817	-0.2661973480	92.0410459306
0.0997639636	-0.5222908786	91.1319209428
-0.4850855265	0.0705403638	90.5782945418
0.1636749467	0.5407820166	91.1766110436
0.8624090186	1.2505016222	91.0867846655
1.3143756165	1.0563778789	91.9574408357
0.8433436278	0.6936467631	92.7615272759
0.1403297215	1.0515141277	92.1469523034
-0.5334578784	0.3651532598	91.8732388960
-1.1987172388	-0.1814616579	91.3646702034
-0.6170713456	-0.8202177288	91.8683355058
-0.9297348972	-1.7388471313	91.6267542058
-1.6766740310	-1.9653339147	91.0016256853
-1.7751197409	-1.2247451966	91.6663337361
-2.0073682618	-0.8780081446	90.7575796212
-2.2343237951	-0.5193436861	89.8521233869
-2.6598534850	0.0813330726	90.5289630389
-1.6844267799	0.3015635209	90.5353889627
-1.5996162991	0.3569170438	89.5405305960
-0.9598153381	1.0475479832	89.8777006360
-0.8919661265	0.9966591272	90.8740975493
-0.2327618905	1.7280712048	91.0487003781
0.1299904028	1.0938254929	90.3659536090
0.1464814902	0.7221956671	89.4377190931
0.5209300418	0.1197328746	90.1425785584
1.1809915287	0.8454086734	89.9483790000
1.2043320354	0.1101217035	89.2710251097
0.3859095481	-0.4595319483	89.1956636529
1.0512274559	-0.8625257647	88.5672147165
1.9240678303	-1.3471139689	88.6248684504
2.3937802479	-1.5629766547	89.4808903810
3.3158242071	-1.2738567557	89.7382706859
3.4124998967	-0.2785995264	89.7490808055
3.0299403696	0.3567822368	90.4198551515
2.4248465787	-0.0799844340	91.0855100016
2.0846720868	0.7332543993	90.6133618097
2.6016505343	1.1633777793	89.8732758939
2.9055465601	1.2980176649	88.9301325820
2.5880399813	0.9451470438	88.0499781085
1.6743070690	1.3377359725	88.1546972472
1.4044077499	0.3759946796	88.1077074289
0.4897033185	0.3267434478	88.5088185349
0.3018744685	1.1952885593	88.0501795567
-0.1673317335	0.4926865605	87.5152066871
-1.0549880699	0.2335246460	87.8958657610
-0.5316284943	0.6712744272	88.6269402331
-0.2489695748	1.5323868865	89.0495384675
-0.2168299028	2.1514070901	89.8342556324
0.6970387294	1.7703282705	89.6941733126
0.9809653466	1.2158679921	88.9118949249
1.9309806175	0.9173914243	89.0034521393
2.2864713769	0.1854579666	89.5847435753
2.9299899509	0.2763747788	88.8247317477
2.8162368636	-0.7062702488	88.9712547317
1.9910795380	-0.2406677163	88.6513646416
2.4179323317	-0.7018881363	87.8735006325
1.4476325988	-0.6419098207	87.6391482698
0.4851251157	-0.4233818230	87.7998494188
-0.3193823325	-0.4840592878	88.3906844306
-1.2182317886	-0.2766442179	88.7767526163
-0.8729430614	-1.0688985071	89.2798518472
-1.8085739839	-1.2485175199	88.9759903871
-1.7718106052	-1.5206147450	89.9375576255
-1.0646981042	-2.2167410020	89.8134603034
-0.1382490828	-1.8429749416	89.7688380810
0.0974351822	-1.4474441665	88.8811397464
-0.6755079441	-1.5725778863	88.2591265025
0.2024877452	-1.6312694468	87.7840698005
0.9582135557	-1.9313357420	88.3661683471
1.6645553803	-2.5280811182	87.9854109666
1.6892238049	-2.4307518435	88.9803574381
1.2043804698	-1.6522223291	89.3788781220
1.6909018511	-0.7804688403	89.4366950775
1.5453512820	-0.1990581397	90.2371803235
2.4253917250	-0.6718705552	90.1927141756
1.6906350333	-1.3201682373	90.3923205869
2.3423997818	-1.1803601631	91.1377442349
3.2348142177	-0.8319815039	90.8509886171
3.8025726495	-1.6153820965	90.5981371299
2.8324016420	-1.8246951841	90.4758413918
2.0196334160	-2.3216178071	90.7799395956
2.3255652112	-2.6438801838	89.8840865400
1.3359055559	-2.5750881030	90.0099492281
1.0450320070	-3.0305637024	90.8513376978
0.3749852862	-2.4317282085	91.2900100620
1.2683952489	-1.9904613437	91.3742845692
0.7799253648	-1.8293925442	90.5166984137
0.7951701708	-0.9354911902	90.0686939883
-0.1966564733	-0.8079504540	90.0723366213
-0.5233599741	-0.0268110926	89.5402782404
-1.2185751243	-0.5458695740	90.0375248471
-0.9936451089	-1.2720362820	90.6872081549
-0.0838459737	-1.5429996598	91.0016034181
-0.5361930678	-2.3615306205	90.6475000818
0.2177524375	-2.8018395075	90.1599610998
0.5033963410	-2.5601772902	89.2325955122
