0.4032473299	2.3883515339	149.7315344428
1.0578840752	1.6394874123	149.6283198167
0.1902486873	1.3372920094	149.2334948274
0.3460492336	0.3944938706	148.9387782531
-0.4988366452	0.3673002352	149.4730332091
-0.1587843139	-0.5725583136	149.5051318125
0.3864799651	-0.9537732649	150.2516986393
1.2382385198	-1.3745080881	149.9394654363
0.5100249856	-1.7196865739	149.3473870111
1.3375438916	-1.4239261999	148.8701677100
2.0680040535	-1.0281810903	148.3135585473
1.9460794673	-0.3456190503	149.0341440432
1.1398585289	-0.2110125767	148.4580460518
0.9764888264	-0.5057279987	149.3995624671
1.5492066264	-0.1953017745	150.1582652290
1.4682640133	0.6120862887	149.5738229233
0.5410263266	0.4843606126	149.9258405706
0.6170171980	0.0685500671	150.8321114891
1.0036178865	-0.8265368762	151.0542809549
0.0283346989	-0.6942789350	151.2312853077
-0.1846754512	-1.6007529643	150.8666875703
-0.1621232995	-2.2582417148	150.1135607925
-0.7867531222	-1.5051430616	149.9069694009
-1.7370610449	-1.3511401144	150.1775205872
-1.1542019701	-0.9777234826	150.8992097987
-0.5478441126	-0.3612803106	150.3968872286
-0.4090527919	0.3717470272	151.0627760266
-1.4024349763	0.2743813345	151.0018518307
-2.0226992791	-0.2450978397	150.4141328653
-2.3239472728	0.1235509046	149.5347309380
-2.2460392053	-0.4675621781	148.7319136135
-1.9562510085	0.1694724459	148.0176239742
-1.4079414000	0.1521745458	148.8537204734
-1.3411116943	-0.4275300527	149.6658019772
-1.0630415005	-0.8773418559	148.8170697998
-0.5769663596	-1.7443992184	148.9263514890
-0.6365680324	-1.2885016058	148.0383171387
-0.8700474347	-0.3658124590	147.7315075772
-0.5089971999	0.2788605210	148.4053320920
0.0424940610	-0.5552764634	148.4138690913
0.0822071969	-0.6064205658	147.4159677196
0.4717049813	0.2364041242	147.7873677975
0.9750369934	-0.1088641102	146.9952524448
1.2994838356	-0.2824128633	146.0654056419
0.6031519732	0.0732676383	145.4420170648
0.6980550790	1.0650500664	145.5278134272
1.1309073841	1.0211619897	146.4282092949
1.8800171954	1.5860969717	146.7741615413
1.8228833927	2.5300659777	147.0992126825
1.5798898462	1.9957428365	147.9088131501
0.5891433961	2.0717922286	148.0212318383
0.8738976037	1.1698704926	148.3459659192
1.7312156769	0.6627358926	148.4343979211
1.4326988873	0.7717460134	147.4862394323
1.8468210266	-0.1189782567	147.6736244062
2.1364556981	-0.0121094406	146.7224720456
1.7484550353	-0.8891544736	147.0057519349
1.0813854687	-0.9544252074	147.7478826005
0.4216341938	-1.4927889780	148.2721847135
0.0925306797	-1.7261572918	147.3571819228
0.6638145893	-1.2020747185	146.7255394994
0.1842612844	-0.5235885852	146.1690458385
-0.5704764697	-0.1384547747	145.6379687531
-1.4602599083	0.2892121864	145.7972998635
-0.7005693127	0.7113522296	146.2919391086
0.2542316015	0.5045606399	146.5054630013
-0.3896236315	0.3791790400	147.2602675411
-0.7243224039	-0.3814566092	146.7040210661
-0.6793771910	-1.3789865862	146.7580013668
-1.4683877286	-1.1148034717	147.3126811425
-2.3007094908	-0.5676856045	147.4015772812
-2.4728184495	0.3035045414	146.9417879425
-1.4749055748	0.3572213715	146.9776264230
-1.7923052056	1.1248355747	146.4208267199
-1.2523915114	1.5890515253	145.7186894441
-0.3289108892	1.2824658031	145.4880626128
0.0431943965	1.5861777433	146.3651582255
0.2177935075	2.3351190980	145.7259383903
1.1117712021	2.0625343210	146.0816087725
0.7727613875	2.1022591837	147.0215525372
0.4181376586	1.2081462548	147.2950558848
-0.2061541913	1.2356411475	148.0757630751
-0.7736843554	1.2582993332	148.8988038514
-1.2883765188	2.0680606743	149.1805458389
-0.7734529111	2.0492637370	150.0375757995
-0.3522085668	1.1615152910	150.2231988018
-1.2345982782	1.2766176814	150.6794222524
-1.4631013982	0.6651221965	149.9218870413
-1.8336883823	1.0497320988	149.0764637684
-2.0905310747	1.6926723758	148.3548962860
-2.0772709897	1.2070337685	147.4808371843
-1.2315486826	0.9064567977	147.9217535755
-0.9739282062	1.4120890976	147.0983656551
-0.2252812388	2.0316220257	147.3343882582
-0.3096148139	2.8572079751	147.8923270435
-0.3552981863	2.2078482233	148.6514350347
-1.0942183110	2.0103034588	148.0072509652
-1.5639477982	2.2477707979	147.1569783785
-0.8352433875	2.3444355898	146.4790065503
-0.0872977162	2.9696268924	146.7019709153
