-0.2187701107	3.5397107503	223.8720249592
-0.2527851131	3.2647638598	224.8328824861
-0.7692403773	2.5483660634	225.3019753952
-1.4033059875	2.4789908098	226.0721363369
-1.8497158175	1.8322836242	225.4536801300
-1.3870527350	1.9935421717	224.5819355842
-1.4431863381	1.0260394426	224.8284867712
-0.5490459295	1.4599651097	224.9390374165
-0.8585529932	1.2923392379	225.8750432629
-1.5083267911	1.4856448801	226.6101806244
-1.8550757419	0.9060991071	225.8726903790
-1.9298156297	0.0528580777	225.3565569708
-1.1311533796	0.0179279455	224.7557920449
-0.5015243761	-0.1146542606	223.9902926807
-0.5902194179	0.8768833436	224.0850891416
-1.4673322211	0.4554785641	223.8546739898
-2.2421982097	1.0693814957	224.0053587284
-1.3737995128	1.4781915167	223.7247200461
-0.9379293465	1.0008225408	222.9617416330
-0.4700759050	1.7535561444	223.4248887795
-0.2669248814	2.6715428187	223.0842568266
0.5194084588	2.4006990551	223.6395257107
0.7354266010	1.5888156000	223.0971407758
0.1427945495	0.8013014290	223.2662817884
0.3096322472	1.3742792696	224.0686916444
1.1048454511	1.9113745767	224.3500536733
1.2243276442	0.9360499145	224.1644039797
0.4998206882	0.2474982038	224.1958079981
-0.1299947783	0.4512729086	224.9453467548
-0.1838469578	-0.5095663841	225.2171698524
-0.5490364591	0.2041935468	225.8148180677
-1.4113021258	-0.0430154354	226.2568425457
-2.2315248451	-0.6137284212	226.2178376928
-2.6105636707	0.1004130886	226.8063370324
-2.4555074453	1.0882448031	226.8184230078
-1.7638606952	0.5639207428	227.3151211584
-1.5626021669	1.1150209480	228.1249258068
-1.5268438550	1.9922059767	227.6461066672
-2.1947463730	2.4087979993	227.0293755158
-2.7055589817	2.2579437460	226.1830224730
-2.2482591815	2.9132627499	225.5818287473
-2.5723342956	3.3004260627	226.4450088500
-1.6059590501	3.4941037176	226.2758702943
-1.0831315321	3.6200433869	225.4327863210
-1.3143766912	3.1422408738	224.5853015513
-1.2192225741	2.7262631455	223.6809187653
-0.4382623173	2.4088843318	224.2188516291
0.2801664792	2.1788218829	224.8753052329
0.9302301982	2.9370285064	224.8249080356
0.7974086346	3.7746375687	225.3547848995
-0.0982859067	4.0028515627	225.7364256491
0.3761132428	3.7325496874	226.5742098356
-0.3096926337	3.4937234799	227.2616924481
-0.5568088621	3.2033343919	226.3372424780
-1.1184876847	2.7134612197	227.0039816889
-0.5434282173	2.3393044864	227.7315209304
0.4068520165	2.3050141418	228.0410231914
-0.1602665872	1.5771315213	228.4264623957
-0.6595868001	1.1508180640	227.6721838258
-0.7599722204	0.6417280957	226.8173445592
0.0438429608	1.0719515694	226.4065052753
0.4087584134	1.2775143236	225.4984410339
0.9891567674	0.5547032554	225.1233651611
1.6377737667	1.1915506711	225.5401641022
1.1880446872	0.8262709088	226.3552189779
0.4706826072	0.2437861175	225.9729846072
0.8513705281	-0.2814379768	226.7340472575
0.4147824497	-0.8989973320	226.0798215376
-0.4858763350	-1.2607240465	225.8390570516
-1.3256854883	-0.8061996464	225.5421931843
-1.3367934343	-1.2080896886	226.4578137430
-0.5822383194	-1.5085610659	227.0412205736
0.2039426914	-0.9292976508	227.2565652143
-0.4716775976	-0.4413338693	226.7039092879
-1.3566377921	-0.4325492596	227.1694930986
-2.1228109711	-1.0732494578	227.2193119289
-2.3084196839	-0.2831172750	227.8034699037
-1.7103462546	-0.9688668834	228.2182658147
-0.7218244301	-0.8760077655	228.0990945645
-0.5590139143	0.0348375027	227.7198141494
0.2630809683	0.4641518730	227.3458500127
0.3694291383	1.4583697935	227.3607091245
0.7848907281	1.8577050747	226.5434435614
1.0434396125	2.8198359443	226.6297955398
0.1263912698	2.5359398599	226.9098408047
-0.5606183468	1.8114837260	226.8534395913
-0.1177809663	2.0554506788	225.9906677905
0.3164288905	2.9106646250	225.7076997596
1.0771063114	2.2691631261	225.6084743177
1.9025661443	2.1299708313	225.0614445477
2.4173213858	1.9258209182	225.8941208680
1.7755905284	1.7990343438	226.6504982019
1.3508921250	1.8927673203	227.5509677435
1.0052748088	1.3113566612	228.2875207397
1.1937529788	0.8415080327	227.4251297345
1.0543395482	-0.0382093621	227.8797297792
0.2587068140	-0.4805050042	228.2936659063
0.2213078679	0.5094425342	228.4300667496
-0.5473000690	0.0052712969	228.8238347051
-1.3980985247	0.0475051323	228.3000424840
