-2.2303926653	1.1222277917	101.1344703871
-2.5443787404	0.5216437480	101.8698012997
-1.8278984684	-0.0287751012	102.2983979753
-2.1859340493	-0.7464689829	102.8956634230
-2.5088544159	-1.6628350530	103.1322974494
-1.9802565772	-2.2737285143	102.5428964790
-0.9980850061	-2.3278048409	102.7229374626
-1.4120018792	-2.7537907524	101.9184445630
-1.3938170023	-1.9188755087	101.3683665266
-2.3445194938	-1.7227137635	101.6085442574
-2.3111379434	-0.7356494091	101.4517334403
-1.6786353551	-0.0359881804	101.1194464547
-1.2470468946	-0.8526625035	100.7363349164
-0.4016417119	-1.2687042890	101.0712965706
-0.3714373225	-1.9996384022	101.7530758729
-0.6565540582	-1.3241935665	102.4331366944
-1.6206295209	-1.2320193845	102.1840133867
-1.0139240003	-0.5481527278	101.7787544483
-0.5440479613	0.3053220594	102.0041370023
-0.4873724583	0.4145186702	102.9965401399
0.1234974534	1.1205935141	102.6383554589
0.9817361461	1.1142055963	102.1251444487
0.3055817717	1.5873613850	101.5603977253
0.2261499750	0.5986575594	101.4332940869
0.5163380344	-0.1927989743	100.8953466495
-0.2187968264	-0.4468031446	100.2668097629
-0.5989734682	0.2417584139	100.8843441354
-0.9235488928	1.1593711621	101.1137730748
-1.5264748016	1.0366339639	101.9020724650
-1.7135902276	2.0126820592	101.7910862809
-1.3414108857	2.4371500192	102.6165010181
-0.7490544288	1.8145242686	102.1051782211
0.0996986154	2.2108702991	102.4552183531
1.0987216952	2.1733452336	102.4318783542
1.7318198966	1.9631529061	103.1768655036
1.4293634035	1.8134656111	104.1182016729
0.6903466528	1.8833538307	103.4481495264
1.0617058977	0.9913342766	103.1904803076
1.5818108893	0.2709700658	102.7316053774
2.2720050947	0.2248711358	102.0094510675
1.4753986099	0.4828285756	101.4627554780
1.1498831785	-0.3791146504	101.8514630532
0.5686185222	0.2243777833	102.3972911230
0.5261144411	0.1313057117	103.3920428471
0.0606932071	-0.5750584454	102.8587204751
0.0642327332	-0.5554001668	101.8589199831
0.5531584357	-1.3697554442	101.5462266194
0.3438456615	-1.5020634454	102.5150830356
-0.1402949299	-1.7179463804	103.3630231551
0.6691219423	-1.2925517249	103.7678486904
1.4846477482	-1.6003183042	103.2777493203
1.0338638200	-0.8065313031	102.8694650478
1.5243203915	-0.4320310237	103.6563588730
1.6350186195	-0.5829770290	104.6386832623
0.8766765662	-1.2143329150	104.8008778228
-0.0473813059	-1.4878894718	104.5338874499
-0.8786751120	-1.7832202488	104.0630049380
-1.2211193743	-1.6904856160	104.9979553191
-1.8759952060	-1.5621749521	104.2531909143
-1.7852176569	-2.3327086333	103.6222889546
-1.4848719328	-1.4856558408	103.1837755424
-1.4339604796	-0.6756836375	103.7680298140
-1.0755920224	-0.4562564921	102.8606028049
-1.5801305527	0.2866215527	103.3005722153
-2.5711848858	0.1776434800	103.3776117403
-2.1629945059	0.8378096208	104.0081363475
-1.6068332054	0.1387916062	104.4576454388
-2.3689682643	-0.4659425294	104.2264598485
-1.7633125647	-0.7769329360	104.9588983377
-0.8441562601	-0.8057970760	104.5660643407
-0.2300492776	-0.4809754195	103.8467844887
0.5407193264	-0.2771696365	104.4504225937
0.0138778851	-0.5266325646	105.2629534197
-0.8150205083	0.0317333430	105.2969382202
-0.2808078397	0.5923211605	105.9296768106
0.5477809925	0.0714998933	106.1350685212
1.2128843890	-0.4170582401	105.5703133334
1.3736916193	0.4475587888	105.0943107829
1.3251423111	0.5054701462	104.0971702515
0.6704689667	1.1863760742	104.4254535582
0.0236380181	1.0934594834	103.6685016238
-0.5120223095	1.8689031918	103.3342037499
-0.0376549729	2.6543735746	103.7317108664
-0.1983757536	3.0811439334	104.6216748496
-0.2771508776	2.4342665336	105.3801892592
-0.0471684498	1.4829459543	105.1750131437
-0.9475046557	1.0657149261	105.0512674951
-1.8921785767	1.3647486299	104.9164712525
-1.3183179843	2.1836852667	104.9112938431
-0.4687932029	1.9584974477	104.4342214251
0.4898623819	2.2144280544	104.5586360318
1.0679404450	1.8505702097	105.2890011609
0.7316283536	1.0428101525	105.7731683502
0.2797648304	0.4556961100	105.1015163142
-0.3921666274	0.4300605512	104.3613467835
-1.0771188990	0.9488600515	103.8497928137
-1.1356603821	1.2082830707	102.8858049549
-2.1344641656	1.1873383259	102.9299900188
-1.6910620171	1.7931204875	103.5906128366
-1.1765074564	2.6325246071	103.7656394862
