-0.0624653235	-1.2425006813	22.8744334466
-0.5591926899	-1.0187189992	23.7129939288
-0.6651079883	-0.1617131559	24.2172983351
-1.4486608234	0.3390625874	23.8495095242
-1.9643560663	0.9822881759	23.2835419819
-2.5001920868	0.7261935786	24.0880886346
-3.0777134394	-0.0581008238	24.3146970584
-2.1055937574	-0.2358626268	24.4676155504
-2.0203046467	-0.0690001795	25.4498999752
-1.3600136516	0.4647626633	24.9215884862
-0.5989644339	0.9046115968	24.4447897825
0.0647314839	0.5205428614	23.8029183505
-0.7178589391	0.9472550633	23.3496315467
-0.0924441375	1.4925983156	22.7915481630
0.2085476954	0.5390223238	22.8013840382
-0.5024630000	-0.1049098904	23.0838996920
-1.4302166843	0.1352998814	22.7982909268
-1.8560766623	0.7082915169	22.0980596329
-0.8846386849	0.8205754373	22.3071064634
-1.2287050880	1.7000972003	21.9783819913
-1.5825485564	1.3025424642	21.1317740350
-0.6974080220	0.8791102616	21.3247284446
-0.0607444055	1.5659107723	21.6753913851
-0.4217460495	2.3866670684	22.1181519472
0.5454709852	2.4786447047	21.8814425848
0.6918498798	2.1866061663	22.8265810462
1.0860861597	3.0779843037	23.0502387576
1.5696145155	3.1069516981	23.9250880127
1.3499885385	2.1771747696	23.6296573212
1.7210427842	1.2754939354	23.8516717802
1.8598581406	1.2044251521	22.8639068664
1.8823434599	1.2233267568	21.8643383897
1.4825721531	2.0977932021	22.1390952607
0.8467250760	1.3260208652	22.1472164933
0.3728761206	0.5853158229	21.6709568920
1.2086213201	0.0522329213	21.5392276939
1.2063350590	0.3899827141	22.4804608481
1.6113304788	-0.3394650158	23.0317182465
1.7512851449	-0.3883497253	24.0206686885
1.0953353801	-1.1424453254	24.0533754444
0.5196570761	-0.3556744391	24.2760547267
0.4687383750	-0.4554816254	23.2823516466
0.4446991840	-0.4222503759	22.2831930999
-0.0946749442	-0.9590313888	21.6343929042
-1.0752444137	-1.1211206948	21.5238914455
-1.8987499367	-1.3887295243	22.0241155633
-1.4397942719	-1.6988312909	22.8566998486
-0.9986497573	-0.8636343692	22.5283134616
-0.6124782561	-0.1078900603	21.9994258447
-1.2507825352	0.0416603693	21.2443084258
-1.8543042666	-0.3508456166	21.9383549449
-2.6737134044	-0.4509404753	22.5027570038
-2.7684251318	0.5170526627	22.7351768254
-2.3292671228	-0.0749076447	23.4109898451
-1.6181412683	-0.7723880668	23.4994267150
-1.3770945469	-1.0638379248	24.4251445221
-0.4444518872	-1.0333810683	24.7846581507
-1.1721193365	-0.7672185351	25.4168429252
-0.5422660970	-0.0255636283	25.1861203732
-0.9619979790	0.3908521310	25.9926084778
-0.2706256246	0.5096380219	26.7052754264
0.1729409054	0.5268649472	27.6013512974
-0.4749953201	-0.2337030599	27.5599392907
0.3226630106	-0.5025137350	27.0200485531
-0.2498467587	-0.4524565860	26.2016801483
0.5462560663	0.1526482710	26.1934094746
0.5439770998	-0.3515873723	25.3298463777
0.3588750564	0.5374574994	24.9111144233
1.2956955826	0.4070797026	24.5865086134
1.1647784325	0.3962203377	23.5951747776
0.8507942290	1.2969917320	23.2951334216
0.0745517035	1.6314141071	23.8295576133
0.8726326361	1.3493291974	24.3620000316
1.2324644720	2.2487449667	24.6101377429
0.5635440200	2.5779225505	25.2766117088
0.0623857255	1.7896628979	24.9195583739
0.7402175271	1.3940985854	25.5392945463
-0.1842754117	1.0420685783	25.6855398207
-0.7516613581	1.6023260991	26.2890169936
-1.2917079974	0.9970308973	26.8737967352
-0.4598842232	1.3948244506	27.2608748895
0.3468521407	1.4466052328	26.6722364691
0.0728557775	2.1951714150	26.0684362838
-0.6890636860	2.3673712883	25.4440758633
-1.6084619064	2.3766950010	25.8372933358
-1.8833194259	2.2164092663	24.8892628367
-1.1863720979	2.9105223139	24.7090643374
-0.1967510402	2.8698673276	24.5712335204
0.4220954092	2.6401640198	23.8200574675
-0.3304034418	2.4524470062	23.1887827239
-1.1424819656	1.8743831823	23.2685993052
-1.4454254795	2.6727045054	23.7890878185
-0.8784534270	2.0232372841	24.2957780791
-1.5995289057	1.3375207442	24.3949898770
-1.0857087616	1.4147874373	25.2494012051
-1.7733879609	1.2607042099	25.9588768410
-2.2701877139	0.9149968135	25.1628389012
-2.7089119256	1.6428655459	24.6358396844
-2.2817093441	1.9735568521	23.7943284163
-2.1138035924	2.1275435449	22.8206263278
