-0.4907573427	1.8345308468	248.8757750392
-1.2425847439	1.2929617845	249.2518847434
-1.2934934734	0.5557972574	249.9256775611
-0.5324096599	-0.0661842052	250.1097712575
-1.0338423550	-0.7254567962	250.6700612744
-0.3784893748	-1.2531383334	251.2104913500
0.6113742384	-1.3882113816	251.1666131211
0.8403044394	-0.8918138823	252.0039783256
0.5148721136	-0.1111780242	252.5375525551
0.5136869893	-0.0073854825	251.5429542926
-0.0171361418	0.5396647370	250.8956808876
0.4980616563	0.3135040864	250.0689871179
0.4187077964	-0.3261785346	249.3044551634
0.5309518168	-1.2096938706	248.8497003604
0.0695774632	-0.5435264862	248.2637355818
0.5049269994	0.3085526494	248.5543073078
1.1886126248	1.0286093396	248.4355961942
0.4411337676	1.6908061132	248.3829578903
-0.2929998500	1.0211922904	248.2704182983
-0.7321266642	0.1415564041	248.4531978065
-0.2531304128	0.4797235989	249.2632629518
-0.3605403702	1.1575547735	249.9905923131
0.5306575743	1.5342071696	250.2433752165
0.5758174989	1.0911060214	249.3480417849
1.4140356325	0.9095296162	249.8622599971
1.3923263320	1.8710332442	249.5883266483
0.9222334149	2.6302094141	250.0385090474
0.3294406959	2.2350848094	249.3367446004
-0.3347166858	2.2517189274	250.0841523060
0.2791907852	2.4320468697	250.8526569906
1.2637039166	2.4049914065	251.0258675446
0.7655373440	1.5754908516	251.2783727830
0.7589004875	2.3196895305	251.9462981370
0.2737707064	2.1928471207	252.8114918138
-0.0674952898	1.2537024821	252.8507966181
0.6744214972	0.7186501200	253.2548739016
0.3764326201	1.0438842277	254.1523288611
0.8142627270	1.6720615743	253.5091352521
1.8082119648	1.7093544329	253.6124510563
1.5767820418	2.3012966545	252.8404118105
2.4438407856	2.7597341413	252.6453625721
2.5770062099	1.7902141340	252.4396979779
2.8072827583	1.5016812654	251.5103317987
2.3703323407	2.3351808844	251.1721710120
1.7545512228	2.7576977857	251.8372222002
1.6959206688	1.7594200844	251.8352000184
1.8331013246	1.3106084407	250.9521657178
1.1376288864	0.6018836656	250.8337288955
1.2588478289	0.7163562263	251.8197319385
0.8373164895	1.4058420217	252.4087316565
0.1771400222	0.9155095600	251.8397491357
-0.1385597832	1.8607466291	251.9225773669
-0.3555934114	1.5949370632	250.9833001560
-1.2123533347	1.6142495239	250.4679464302
-1.6518145975	1.6587185279	251.3651065643
-2.0512366084	0.7455177171	251.2843208200
-1.8500638200	0.9066959496	252.2505252945
-1.0859172344	1.1526883179	252.8468203142
-1.3964239249	0.7205147970	253.6934676097
-1.3175930606	0.0251738296	252.9791241112
-1.6074051443	-0.0571572350	252.0255882954
-2.0049692884	-0.4958863071	251.2196977615
-1.2371525341	-0.9548656809	251.6666825110
-1.4349483341	-1.0570992756	252.6415799998
-0.7745116516	-1.6486457100	253.1040691395
-0.6230660165	-1.8750311495	252.1418769278
0.1494257990	-1.4310511425	252.5959013197
-0.2037023035	-0.6464691268	252.0862626203
-0.6307022822	-0.0827763731	251.3792113509
-1.0221010493	0.6758106442	250.8582960581
-0.9006695635	0.9039350603	251.8243258947
-0.4654098285	0.2903193500	252.4831314222
-0.3069093598	-0.4586355793	253.1265163113
-0.3847809425	0.3891247501	253.6511480303
-0.3008351862	-0.4951349766	254.1105365866
0.6070664689	-0.2078989993	253.8052333308
1.3554196648	0.4258260091	254.0010906973
2.2990526298	0.5527864804	253.6954146171
2.8649489699	0.9179915562	252.9562349468
3.2833593060	0.6349328743	252.0932108606
2.2852855676	0.6959566149	252.0820342864
1.6678921003	0.9545074182	252.8249856904
1.5559564478	-0.0268224761	252.9813891698
2.5113171000	-0.3217972978	252.9647795722
2.6921884089	-0.5478371514	252.0076006160
1.9188024058	-1.1031991026	252.3132919529
1.6731811168	-0.2438694176	251.8647134482
1.3066573214	-0.4618454009	250.9601987838
1.7545821202	-1.3032775110	251.2624493070
2.3066293129	-0.8334759782	250.5735876250
2.1733148088	0.1206010154	250.8418493130
1.6492002063	-0.0798141578	250.0141188969
1.4077274495	0.2227103920	249.0920723663
1.5399755082	-0.7587357205	249.2309031235
0.9418489240	-0.8868910875	250.0219914821
0.2458670741	-0.5253423149	250.6423879277
-0.1210886683	-1.1109914971	249.9196441845
-0.6352775590	-0.6954506287	249.1693538597
-1.5566173901	-0.9070407077	249.4954865844
-1.9866222895	-0.3054521375	250.1686782203
