0.7558456471	0.9668341681	48.5550217579
0.5039584805	0.0433502870	48.8443837744
0.2559188065	-0.8480017161	48.4649527178
-0.2248717986	-1.7126463091	48.6106583178
-0.6255891278	-1.1000837141	47.9293414391
-0.6027225876	-0.1396388633	48.2068712753
-0.7356004766	0.2452767097	47.2935348268
-1.3250182311	-0.5612533361	47.3393168737
-2.3115683357	-0.4787181161	47.1982253127
-2.5919832235	-1.3834494988	46.8775562997
-1.8092244701	-0.9812154783	46.4026915541
-1.3573228769	-0.3100459966	45.8150552065
-0.4501634934	-0.4136285326	45.4072163766
0.4388532837	-0.3543653456	44.9531932003
0.4879565143	0.5583833069	45.3587530234
-0.2676136597	1.1736391839	45.5836394791
-0.5174135724	0.3565504236	46.1032219668
-0.5092874740	-0.5021801208	46.6155849423
-0.8202633378	-1.4466862294	46.7214254959
-1.5741781438	-1.5400099638	47.3717355343
-1.0224106865	-2.1347925027	47.9563605461
-0.1641688064	-2.3371042322	47.4846712000
0.1202774173	-1.4093042712	47.2432637060
0.2878143435	-0.4239281376	47.2743322397
0.2040056276	0.4634742173	46.8210187062
0.1732872787	0.4764580080	47.8204624536
1.0138563300	0.7677860840	47.3637660313
1.2924376173	-0.0027221379	46.7904340626
0.5352384439	-0.2811801522	46.1995782883
0.0825007152	-1.1644814589	46.0778928306
0.9519138094	-1.2315349503	45.5883780700
1.4258505931	-0.3510331708	45.5984051001
1.9340819999	0.4836834930	45.3863934772
2.2963211192	0.2569132525	46.2904720570
2.4616928109	-0.4748458805	46.9516685292
1.9898954744	-1.3419944105	47.1112326233
1.1010721058	-1.0637505894	46.7471263264
1.0941673079	-1.1548053417	47.7429482763
1.0968678286	-0.1624867409	47.8666273030
2.0483147400	-0.4514362770	47.9727260321
1.3600984821	-0.6859742012	48.6592756257
1.5783806563	0.2846968234	48.7600260812
1.5552741185	1.0114447379	49.4465415994
0.8730803255	1.7215374081	49.2722429231
1.7302554572	1.9299785334	48.8012831681
1.6656504607	1.2597070135	48.0619846600
2.5007217285	0.7647498972	48.3021375920
2.0873878509	0.5067597116	47.4288700673
1.8672267202	1.2194998047	46.7628891095
1.1891851303	0.8955673477	46.1030956829
0.4299003753	1.4674010114	46.4137287816
1.1525744823	2.1584642237	46.4005465294
1.1395765242	1.9037780989	47.3674829445
0.7496533240	2.0500070486	48.2766457419
-0.1607634192	1.6563985684	48.4039788406
0.1832255766	1.5026791369	47.4776733256
-0.5546132331	1.2058842647	46.8714500213
-0.4652019245	2.1598491818	46.5851694686
0.1379767629	2.5072447075	47.3031470586
-0.0640023373	2.7746299685	48.2453304618
0.1069654515	2.4023559414	49.1575705968
-0.8506350513	2.3786289552	48.8704498778
-1.4444259349	1.8883923299	49.5084784333
-1.2595535613	0.9076774469	49.5718860336
-0.4256617618	1.4383477863	49.4201841627
-0.3075360575	0.6511052551	48.8149606380
-0.4638986247	0.2777690727	49.7293844142
0.1048604649	-0.5334970658	49.5938840435
-0.7002197798	-0.7832105140	49.0558422297
-1.3632831695	-1.4928818269	48.8176961216
-1.9667933455	-0.8302261152	49.2611630033
-1.5312121889	-0.4725106234	48.4351432197
-2.4917691883	-0.6222113466	48.2007931730
-2.5305025406	0.3739909905	48.2787715730
-3.2159683833	0.0055033329	47.6507959169
-3.5478935656	0.9467283073	47.7134155706
-3.1401680750	1.5445712702	48.4035921538
-3.2914377125	1.7558002046	49.3692524637
-2.4088678958	2.1851137436	49.1775224349
-2.3819807474	1.6342935029	50.0117131467
-2.8436154086	0.7943562852	49.7264082047
-3.3367293728	0.6126870796	48.8756233212
-2.8951269519	-0.2416649027	49.1496123577
-2.0346782911	0.2512222583	49.2788034904
-2.1627451996	1.1961946387	48.9777618533
-1.4884775037	1.6765402649	48.4168419361
-2.2576657350	1.2551992405	47.9364033802
-2.8506392199	1.7001849003	47.2653071064
-3.3830234385	2.4052978015	47.7336903259
-2.4633781927	2.2992218264	48.1118444073
-1.7695831523	2.3552635943	47.3938557151
-0.8515010183	2.0414256556	47.6359939887
-0.8039407836	1.0730747863	47.8810136164
-1.3650468750	0.6271567580	48.5783779877
-1.7121528521	0.3494309782	47.6826180690
-1.6074932831	0.2009236671	46.6992605790
-1.3978298470	0.9727280033	46.0989612286
-1.7481166296	1.2880026817	46.9809482166
-2.5417052118	0.6847017542	47.0599744983
-2.7058222724	0.0665462720	46.2912421715
