0.6171034351	1.1086183458	-189.0691315306
0.5010971057	0.2329645517	-188.6003320378
-0.3865489863	0.4400162557	-189.0116883399
-0.5011818797	-0.1894294850	-188.2431459797
-0.0965746031	-0.5201775137	-189.0957295201
0.6148151303	-1.0217013766	-189.5880693033
1.1365921224	-1.2089119787	-190.4203558891
1.2723391839	-1.1560574543	-191.4096885605
1.6207751100	-1.9358437883	-191.9298093914
0.9849960710	-2.5162094426	-192.4386912253
1.4137963765	-1.9510403183	-193.1434707363
0.8051398246	-1.5474208173	-193.8265728518
0.4883650701	-2.4941353814	-193.7683896142
-0.2135023037	-1.9525093881	-194.2310163243
-0.7808822051	-2.7024687650	-193.8909560641
-0.9263452904	-1.7908020136	-193.5066329901
-1.5785126550	-1.8246496205	-194.2639519903
-0.8892360965	-1.1833249140	-194.6009986440
0.0582785314	-0.8752469483	-194.5155352199
-0.3078662623	-0.9810543478	-193.5910122162
-1.2876727277	-0.7815608750	-193.5775346543
-1.9166435324	-0.7610070451	-192.8003774843
-1.8838919857	-1.7057743314	-193.1264788655
-1.2784014587	-2.3449607632	-192.6523249589
-1.4553091874	-1.5662104428	-192.0504515553
-0.5355229625	-1.3163502483	-192.3530456457
-0.4797699791	-2.2135257519	-191.9149044350
-0.2703072961	-2.7227164754	-192.7496799687
0.2139617323	-1.8817724530	-192.9911269799
0.6906016451	-1.3001340959	-192.3319523330
1.6227831271	-0.9752685382	-192.4916396967
2.0715955385	-0.4202038765	-191.7913036055
2.4067268042	0.1429177210	-191.0359354163
2.2353873587	-0.8001809682	-190.7509658445
2.3269148052	-0.2440565410	-189.9249220514
1.3706240417	-0.1515161197	-190.2023103100
0.5773362751	0.1678263469	-189.6839331226
0.5302049338	0.5227108847	-190.6176544951
0.8464340121	1.2428893722	-191.2351835358
1.4417845148	0.4744958067	-191.4699794199
2.0534648153	1.2339643302	-191.2484963015
1.5032875996	1.8608910721	-190.6968914687
1.4662835421	0.9182770425	-190.3650639671
1.7203843406	0.9502903767	-189.3984161871
1.5519300388	0.0217157366	-189.0677013765
1.1593085234	-0.8205968397	-188.6984347121
1.6862992694	-1.0775469004	-189.5085318790
2.0665542171	-1.9171867673	-189.8963605379
1.8091026803	-1.9372154111	-190.8624441573
0.9897307118	-2.3236738336	-190.4390300988
0.1611789363	-1.7889021264	-190.2731350218
-0.6482738071	-1.8634250024	-190.8555717970
-0.0636971022	-2.6747626813	-190.8566883969
0.5446380488	-2.1288296738	-191.4327834372
0.1403165742	-1.2336383710	-191.2452822998
0.0438134459	-0.5557545674	-191.9740900214
0.9611344468	-0.2159788122	-192.1816342759
0.7201068413	-0.3166153712	-191.2163478022
0.1233601583	-0.5803854038	-190.4585095831
-0.8162121637	-0.8774288578	-190.2883066511
-0.8556311458	-0.9061652086	-191.2871161255
-1.1068629081	-0.4523501421	-192.1420631923
-1.5405068563	0.2442568395	-192.7136326450
-1.8663405581	0.3494607674	-193.6531881422
-1.1941850752	0.7655445815	-194.2656269281
-1.1017884446	-0.1318956175	-194.6969782372
-0.5585250690	0.0942081280	-195.5055213721
-0.2221623449	0.4930865757	-194.6524351503
-0.5198072416	0.0275660334	-193.8189496135
-0.4370839074	-0.2627663527	-192.8656060471
0.3147099173	0.3941030392	-192.8079116200
1.1303887673	0.9723347204	-192.7901313889
1.5408049855	0.0830386957	-192.9919013283
0.7642832157	-0.5052906505	-193.2174728725
0.5419371933	0.0857795655	-193.9928426204
0.2422983914	1.0035605892	-193.7322767345
-0.6419360804	0.9381874182	-193.2698313351
-1.0350318242	1.3357990990	-192.4407470888
-0.5455939979	0.4973603789	-192.2010157248
0.2965445537	0.4642536582	-191.6627717236
-0.5260273631	0.1008419763	-191.2253847198
-1.4076336812	-0.0940438354	-190.7955128549
-1.9509769071	0.2187603192	-191.5745710682
-2.0135284700	-0.7730409486	-191.4631370196
-1.6805891386	-1.3951150222	-190.7544937747
-1.5156673148	-1.4859311928	-189.7723770733
-0.7112575935	-1.5451362218	-189.1812596867
-1.4036135813	-0.9703032029	-188.7451287585
-1.0940772645	-0.2888891689	-189.4083498249
-0.5187212270	0.1457561187	-190.1012054405
-1.3463880417	0.6797542684	-189.9285392309
-1.8452791346	0.8974644013	-190.7674134620
-1.1529074174	0.8917927085	-191.4889321638
-0.5828124448	1.0360045310	-190.6801091470
-0.0166402458	1.1116084216	-189.8592966881
0.7441159931	1.7557324591	-189.9390097326
0.1384089536	1.8277574809	-190.7314309455
-0.1147116478	1.4845890250	-191.6359558882
0.7145520148	1.8641736685	-192.0461232643
0.0579759564	1.6082028763	-192.7556208563
