2.1568524493	0.3908144231	175.2054379478
1.2334589412	0.4826983308	174.8327426612
0.5742937962	-0.1006330715	175.3073222508
1.1617969637	-0.7412482652	174.8129011734
1.3383003767	-0.6083716762	175.7881910571
1.4188594019	0.3785090644	175.9281076298
2.0421477327	0.3734593224	176.7100834329
1.2869517343	1.0219219949	176.8058705216
2.0436922457	1.2841413931	176.2070510282
1.8391113281	1.3520274324	175.2305582562
0.9979044254	1.6046676239	174.7524956238
1.6763555096	2.3389411191	174.7291169877
1.6271329801	3.2797999087	175.0643212250
0.7312086010	3.7061423052	175.1890275515
0.0136087376	3.9333223655	174.5306662098
-0.6781242833	4.1130440746	175.2300985047
-1.1508725710	3.6635606330	174.4721580768
-1.8364039236	2.9442966362	174.3594368833
-0.9691799049	2.4765176126	174.5300395985
-0.2390444144	2.9304095855	175.0408078850
0.5912093053	2.7832971183	174.5031865657
0.0396073553	1.9932209970	174.2357636587
-0.6969413089	1.4276461439	173.8647904104
-1.1262894152	0.7447234621	173.2737939516
-0.1512042504	0.5241840854	173.2976959306
0.7800610086	0.7791860159	173.5579247393
0.5226412673	-0.0072621325	174.1193821167
-0.2197630810	-0.4774517698	174.5966215626
-0.6597783117	-0.4377031229	175.4937317241
-1.3201345907	-0.8636652231	176.1121861476
-1.6771233736	-1.1063576542	175.2101554426
-2.1648778839	-0.8877662132	174.3649848565
-1.9140996771	-0.0143316464	173.9475853494
-1.4239588759	-0.0491768405	174.8185318503
-0.7308912623	0.4355683681	174.2849783238
0.0890775643	0.9691295429	174.4922549415
-0.2665711762	0.4397350716	175.2624857297
-0.6121951376	0.3057096449	176.1912382599
0.3600616612	0.4508811750	176.3746556638
0.7499936857	1.1207183342	175.7427765643
-0.2062811335	1.3131717428	175.9630040732
0.1979038173	1.9469250721	175.3034654138
0.7903435370	2.7220191449	175.5231113946
1.3314117727	2.0284495319	175.9987229550
2.1202413449	2.6343055657	175.8953480436
1.5003625299	3.3829250392	176.1305482532
1.7032035719	2.7599572727	176.8860392681
1.7125028466	2.1829021610	177.7026915329
2.0976198618	1.3079313505	177.4092448337
1.6783479622	0.4788953973	177.7792589719
1.3717163281	-0.4725941044	177.8046512791
0.4388670815	-0.3535017080	178.1446649323
0.5557268672	0.3498455099	177.4434898603
0.9325646668	1.1521110640	177.9064836545
0.5243532521	0.5764026025	178.6149490441
-0.3478877384	0.3887833482	178.1632913529
-0.4547806393	0.5108151064	177.1765380110
0.1855206300	1.2558403983	176.9895845434
0.9234534678	1.9224514503	177.0948690733
0.2870537745	2.1243584011	176.3504034840
0.5754184640	3.0057703795	176.7245140697
-0.0044744300	3.3804294072	176.0010813883
-0.2058486745	3.8126568121	176.8800739276
-0.2168974618	3.2220392402	177.6869498834
0.6675980549	2.7647093502	177.7792377629
0.5276343955	2.0621931523	178.4770064679
0.1484823318	1.5480791071	179.2463766396
-0.6046034844	0.9157826417	179.0645444824
-1.2430843514	1.4923385873	178.5547156640
-1.0174243063	1.2955537833	177.6005913089
-0.1241319974	1.3738085063	178.0432029323
-0.0830110363	2.1773658918	177.4493977497
-0.5473019856	2.3553301334	178.3170167001
-1.1690709974	2.4013737142	177.5351706253
-1.3491288541	3.3123917121	177.1641916829
-1.1194723423	3.6599945994	176.2551096628
-1.2875784206	3.1021898373	175.4423402036
-2.1587250631	2.6184230320	175.5264425554
-1.7059719072	1.8408986583	175.0900133767
-1.5173271023	1.0550979993	174.5010053444
-1.7490339309	1.8834599768	173.9909775219
-2.2792455280	1.0685665752	173.7568314001
-2.6399610978	1.3026154306	174.6596632842
-2.2256961831	0.5380544118	175.1534557799
-2.4441092755	1.2436287002	175.8275927426
-1.6002802260	1.5004796409	176.2987404154
-0.7671078719	1.8453159125	176.7310733589
-0.5799600905	2.8240879544	176.6475209936
-1.5054870432	2.5766394176	176.3608694954
-0.8571242167	2.1430301526	175.7350830698
-0.6918560978	1.5282747566	174.9638747633
-1.2164658112	0.8663175379	175.4992225842
-1.8431208392	0.3198972938	176.0548559099
-1.4167350978	0.6574555186	176.8940517419
-1.3610719798	0.3603030167	177.8472579147
-0.8713021792	-0.5018947365	177.7178725335
-0.0190562165	-0.5211667603	177.1950863361
0.1224188282	-0.5595230604	176.2058878697
0.7154046289	-1.1466588787	176.7569226881
1.1154752355	-0.2303536825	176.7750416617
