1.7396931892	-2.7631444284	191.0958652544
1.2399830311	-2.2603475835	190.3905390245
0.3077730717	-1.9007438083	190.4314011873
1.0163796820	-1.4176973783	190.9457384486
1.9745024660	-1.6872657335	191.0423491763
2.3035753843	-1.7502260052	190.1001458975
2.6073023418	-0.9780645991	190.6582827071
3.0671306508	-1.3222147669	191.4768904204
3.0898412454	-0.4999351616	192.0455207745
2.7154823621	0.0286478975	191.2836445535
3.3872853663	-0.2578290302	190.6005547399
2.5485006803	0.1493613955	190.2391184276
2.8572673191	-0.5868604317	189.6369219613
2.0036301581	-0.9764193474	189.2911656186
1.2548826996	-1.2419062814	189.8985320083
0.9501788215	-1.1503573673	188.9504949083
0.1708809685	-0.5827666472	188.6849094592
0.5265016181	0.1934170630	188.1642629365
1.2694517718	-0.1814914762	188.7187614995
1.5667202120	-0.0660165003	187.7709761840
1.6973590212	0.7734579605	188.2984381553
0.9607009383	0.8615163461	188.9689458656
0.4201312764	1.2922776423	189.6916001027
1.0040617399	0.8669831302	190.3830838637
1.7168294750	0.8487113195	189.6819217592
2.3010452317	0.1874883822	189.2113092044
2.3887393814	-0.3300792917	188.3601726472
1.8346575859	-1.1547574610	188.2465976451
2.5670278098	-1.6368894133	188.7274121994
1.9027395433	-2.2668840051	188.3251337969
1.8221872760	-2.0708354552	187.3478537458
1.3180901569	-1.2539866134	187.0674182555
0.3449683509	-1.3778896729	187.2615367308
0.0793493823	-2.2658203285	187.6370706366
0.8008686198	-1.8266180830	188.1723382122
0.8709802105	-0.8489843286	187.9740540549
0.7201134011	-0.3239535078	187.1364492298
-0.1607453705	-0.4854092916	187.5814434481
-0.5652571918	0.0286092249	188.3378528288
-1.3243107028	0.2412856487	188.9531629183
-1.1272279806	0.5419721115	189.8863006636
-0.6900410582	1.3989835955	190.1590623015
-0.6857279290	0.8805338827	191.0141595429
-0.0745614220	0.5110766281	190.3141760875
0.6549597596	-0.1067770115	190.6075286496
0.2862219166	-0.8644879396	190.0690989397
-0.6015732249	-1.3195490027	190.1379409005
-0.8147576051	-1.1604384835	191.1019099159
0.1604413542	-0.9440621815	191.1484747707
0.9786602006	-0.6484681428	191.6415691669
1.3369132890	-0.9958131519	192.5081752881
0.4873377324	-1.4753552834	192.2884920669
-0.1795178909	-2.1693534738	192.5599144121
-0.9297352547	-1.5426724399	192.3490950843
-0.2513114548	-0.8536231999	192.0942376876
-0.1328084776	-0.5388629915	193.0359823747
0.5286377523	-0.1694947380	192.3832527382
0.4323285137	0.3571569579	191.5386448282
-0.4991823173	-0.0047061923	191.5020028812
-1.2993776837	-0.5152067652	191.8167671431
-1.9857474966	-0.9575796921	191.2395300398
-1.6173058407	-1.3753703811	190.4090472366
-1.4819565962	-0.5359063064	189.8827577257
-1.5100008331	-0.0614757266	190.7626038177
-0.6061566521	-0.3997222087	190.5005828000
-0.4532502003	-0.3754414152	189.5126404636
-0.2456558185	0.5396294000	189.1668804661
0.5299016050	0.0649128682	189.5829993161
1.4742315951	-0.2242373324	189.7399484517
1.5770158238	-0.5171264824	190.6905542313
1.6187649312	0.3895987418	191.1102045378
1.8475770789	0.0703723505	192.0298455070
2.0932413125	-0.7742491989	191.5541738529
2.2439191895	-1.4519379602	192.2739197248
1.4256667171	-1.9061658561	191.9215847847
0.6853372598	-2.3621844478	191.4276623833
-0.2310990377	-1.9675831926	191.4942533891
-1.0584007671	-2.4580215172	191.7681915177
-1.7365145776	-2.1002533544	191.1261918278
-0.8599537544	-2.1391718124	190.6464768323
-1.4691978135	-2.4439009185	189.9143826797
-0.5037471569	-2.3398717537	189.6754622695
0.2772906004	-2.9544806415	189.7860784383
0.5734305604	-2.0575707210	189.4576675393
-0.1498391348	-1.4893600241	189.0652168392
-0.4235750496	-1.4457593684	188.1044007112
-1.0381110451	-0.8546206820	188.6267995662
-1.2695280972	-1.4819990608	189.3703333703
-0.9008120687	-2.1834096218	188.7603565550
-0.7930098850	-3.1418893392	189.0243552682
0.0517239433	-2.6694580119	188.7728927455
0.7806692382	-2.8671772755	188.1174952708
1.1736231357	-2.8117762229	189.0353830405
1.6632799208	-1.9758466251	189.2832901609
2.3798130490	-2.6655985730	189.3873215341
2.2648107233	-3.1730257747	190.2413075411
1.3171643666	-3.3887174430	190.0058431344
0.7389124133	-3.2134903591	190.8026619014
-0.1624844043	-3.0599304874	191.2075114329
-0.7025624053	-3.1712307218	190.3732884348
