3.3132244313	1.1365942251	-9.6382221485
2.6070538082	1.6235057715	-9.1241791571
2.1697972063	0.7347296116	-8.9867615397
2.3179100904	0.2672408824	-8.1152588938
1.4243782019	0.0605733511	-8.5138680955
1.2971701905	-0.1924018272	-7.5547947506
0.5434374032	0.1916380660	-8.0880866460
0.2087651603	1.1131549557	-8.2850666244
1.1485475509	1.1602012475	-8.6235864979
1.5529960090	1.5957512876	-9.4277740428
1.0635611730	0.7410351553	-9.6007303218
0.2234996943	0.4922524273	-9.1186474800
-0.5014673903	0.1997621625	-8.4950513196
-0.1567355693	-0.6895037697	-8.1944418165
0.0716241899	-1.0971484652	-9.0785671598
0.8642152523	-1.0506217004	-8.4705912821
1.0465282566	-1.8877025711	-8.9863989830
1.5262005428	-1.0554754164	-9.2644501665
0.7970288931	-0.3752320594	-9.3391340372
1.7267795562	-0.0416539064	-9.4949843505
2.4142489197	-0.5085507210	-8.9387530687
2.4341454976	-1.4714317409	-8.6695611899
1.8416501893	-0.9397155409	-8.0643941118
2.7912498518	-0.6747931595	-7.8968333382
3.7387372619	-0.3772435847	-7.7796503267
3.3662370498	0.0022486939	-8.6265441821
3.0041250924	0.1477575638	-9.5472515727
3.3839897678	-0.7771694233	-9.5618425588
3.4707695726	-1.1208169127	-8.6267619908
3.2873845322	-1.8109783052	-9.3267956895
2.5227235672	-1.3531029313	-9.7802752928
2.4206749311	-1.4552853999	-10.7697927605
2.2613802255	-0.6163238795	-11.2901472205
2.2490219643	-0.4391581178	-10.3060437878
1.2796416257	-0.6823070089	-10.2716871887
1.2791724593	-1.2313043578	-11.1075111479
1.5167825766	-1.7288999191	-10.2732809102
0.6075484120	-1.4990279883	-9.9262187697
-0.1735028222	-1.4522121479	-10.5489283703
0.4852421537	-2.1802344491	-10.7387666850
0.3714229354	-1.6531140958	-11.5809004741
-0.4090817924	-1.0340290591	-11.6677686920
0.0017984739	-1.2107544491	-12.5621654402
-0.4402724535	-0.3155887542	-12.5051419903
-0.2662012937	0.4091776943	-13.1717849430
0.4182684685	-0.3172485149	-13.1100912877
1.0545547244	0.3618254597	-12.7440334540
0.2218001156	0.6867122808	-12.2957385568
0.2371437103	0.5420280567	-11.3063796485
0.4994987974	0.2381359325	-10.3905088142
0.0861406068	-0.5999587546	-10.0345140084
0.3414478907	-0.6424668290	-11.0004390854
0.4901312142	-0.2538854258	-11.9097782753
0.9940179483	-1.0605667346	-12.2185879663
1.6424599073	-0.3157287870	-12.0613001480
2.2830711120	0.3768402261	-12.3929105316
2.9824439340	0.1031318163	-11.7326368291
3.2814023748	-0.8497648649	-11.6815313934
3.2831093026	-0.9255643974	-10.6844097773
3.1275096618	0.0616343522	-10.6493757841
2.9817088008	1.0497475502	-10.6981037729
2.8013711565	1.9893391907	-10.9890434284
2.2836116447	1.6864687950	-10.1889218056
2.2701729290	0.6948051359	-10.0607711593
1.3943384583	0.8098438014	-10.5294715812
1.2154885411	0.0340903798	-11.1346321682
2.1143305706	0.4707151568	-11.1726033436
2.5539963929	1.1842462735	-11.7181006490
1.8075063940	1.5778456991	-11.1816007200
1.3385277345	2.1897902747	-10.5447468488
0.6838668567	1.5567863989	-10.1315577538
0.7104381257	1.4187968622	-11.1216349505
1.1804320946	0.9639528302	-11.8780888987
0.8519871583	1.4379317535	-12.6950759880
1.8274903341	1.5359648405	-12.4981418163
2.2646594864	2.2360120759	-11.9335029933
2.0578176749	3.2075660317	-12.0488259137
1.4665537921	3.9056200464	-11.6449353178
0.8716643058	3.3529608035	-12.2286083944
0.3061541797	3.5334587748	-11.4238607447
-0.3396586549	3.1678678383	-10.7535853910
0.6313856020	3.0321191528	-10.5570011965
1.3409586633	2.9349740375	-11.2549044113
1.1529840289	2.1271845168	-11.8136007752
0.3214650707	2.4378943025	-11.3531274849
-0.1565714817	1.9665022744	-10.6119995537
0.1203113856	2.4983780817	-9.8117220997
0.1435456024	1.6926023924	-9.2199571888
-0.6677574437	1.1206073055	-9.0990895434
-0.1943804398	0.9206152045	-9.9569458086
-0.6359637989	1.0392052440	-10.8462941878
-1.0481616711	1.7015042926	-10.2206322309
-1.2858013231	0.7538657831	-10.0073046631
-0.7341415781	0.0435066774	-9.5701988786
-0.5553325761	0.0204680972	-10.5538129110
-0.6331152263	0.0253777549	-11.5507711622
-0.7682567738	0.9410374742	-11.9293263637
-0.1605163564	1.7127507150	-12.1167036809
0.3951764412	2.4467712747	-12.5071128671
1.3466675311	2.5453495530	-12.7985696030
