0.7739193929	0.0837185286	221.4785997376
-0.0854204738	0.5750311624	221.6205394761
0.6655037261	1.1026989011	222.0176283875
0.9291552003	2.0429729406	221.8022853337
0.8952461962	2.7713955898	221.1179969270
1.6944880107	2.1739697825	221.0524612368
1.5453014766	1.2374119748	221.3696407614
2.4483880471	1.3420528452	220.9531255343
1.8659868422	1.5735007476	220.1738690264
0.9079790121	1.2881346009	220.1458126607
0.4394356718	1.3882609669	221.0235608302
0.2326766877	0.5050007827	220.6027257441
0.1381922447	0.5248766473	219.6073978384
-0.4575780850	0.2484779752	218.8533013669
-1.3454578379	-0.1668191115	219.0512858972
-1.6476429624	-0.5946591169	219.9031292398
-0.8005927786	-1.0572263577	219.6413324984
-0.1411872813	-1.3853738113	220.3177226512
-0.6827597362	-2.2011177157	220.5208510800
0.1245328208	-2.3292839363	221.0969171763
0.9213719270	-2.2590969318	220.4968161655
1.6392854053	-1.6160749816	220.7635051402
1.9832310973	-1.6397499546	221.7021961739
1.1833800162	-2.2359844415	221.6333290213
1.1850664097	-1.8165260415	222.5411020143
0.7741242571	-0.9512606417	222.8282297471
1.2717225139	-0.8146780548	221.9716428153
1.4786127758	-0.6133838935	221.0142102693
1.8077456845	0.2041580342	221.4867530979
1.6454692679	0.7545274129	222.3057524334
1.9346289757	0.4390526684	223.2095568088
1.7464408162	-0.5313254067	223.0580589276
2.3507049578	-0.1727862856	222.3465010974
2.4481231396	-0.7668291541	221.5479882495
2.6237781853	-1.0582011049	220.6076437960
2.4248073706	-0.0811583409	220.6837887384
2.3792808281	0.6815287715	220.0386254239
2.1464667143	0.1838573497	219.2030892222
2.5683156554	-0.5989736367	219.6604939858
1.8744686520	-1.3184625561	219.6906938310
1.6847698469	-1.6885814361	218.7812839246
1.1897606477	-2.1630319385	219.5092005499
0.1999573781	-2.1708600428	219.6514264558
-0.2872728367	-1.6280094727	218.9673796911
-0.7736189538	-1.0101188972	218.3495781929
0.0802919935	-0.4897691760	218.3580788890
1.0438761346	-0.4322425095	218.0969347036
1.1812484835	-0.4023999011	219.0870045276
1.1746042046	0.4526792589	219.6054594280
1.3664226884	0.4251206436	220.5865028480
1.6485066763	-0.3679399460	220.0466107059
0.6708358406	-0.3093789651	220.2484283182
0.1424968636	-0.5372941154	219.4305575401
0.6649991131	-1.3235676731	219.1007617067
0.9202827613	-1.3025783798	220.0674000613
0.6602003126	-1.3124401112	221.0329361125
0.3903835195	-1.5552461667	221.9647322906
-0.0911320400	-1.6233522663	222.8385196361
-0.8540614346	-1.9459652853	222.2782879173
-1.3114265129	-2.0802151029	221.3992007933
-1.6259168974	-1.1681459471	221.6623084767
-1.1291334138	-1.0677694130	220.8002581755
-0.5061483302	-1.1463503295	221.5785348777
0.1260027940	-0.5286828954	222.0463723461
0.7366161900	0.0796656605	222.5533864635
0.8443223533	0.9445851605	223.0436044159
0.1088199527	0.4808700984	223.5375725929
0.8858032355	-0.1389452279	223.6476904369
0.1330776351	-0.6457997261	224.0678126669
-0.1718861536	-0.7014854950	223.1170781178
-0.9178999527	-0.7176918915	222.4513448648
-1.6740903122	-0.0840344118	222.6146064294
-2.1905914700	0.1179803916	221.7824907084
-2.0008958710	-0.2647026974	220.8782953572
-1.7627628753	0.5192000682	220.3048939878
-0.8524331242	0.6158509746	220.7073344760
-0.9889427846	0.7982466244	219.7336317803
-0.5767244526	-0.0687055700	220.0137566441
-0.2493149846	-0.4308808913	220.8864719911
-1.0194163983	-0.1564724516	221.4623572409
-1.1720146209	0.7052139269	221.9463100976
-0.5012431415	0.2421751414	222.5256724243
-0.9312485319	0.1150006450	223.4194967983
-1.2578697692	0.9378900493	222.9545542259
-0.3310296095	1.2676024871	222.7749518131
-0.2834622589	1.6412249509	221.8485914071
-0.6757599967	1.6863756601	220.9298619048
-0.1659265427	1.4106352701	220.1149771974
0.1548401474	2.2387859875	220.5746239310
1.0722843005	2.3007963187	220.1816214567
0.3603430107	2.6855052340	219.5941364352
-0.4817891231	2.1586785278	219.4789535770
-0.3251598322	1.2910726781	219.0070135863
0.5453695550	1.7134068122	219.2596248788
1.4204721581	2.1475497904	219.0458134931
1.7828295658	1.2204733912	219.1418679521
1.2316144944	1.3691204622	218.3208527309
1.5067979981	0.4113873098	218.4046456188
0.5445248352	0.3926250897	218.6760831603
-0.0098649969	0.6345520491	217.8797645932
