0.6929998165	-2.6916695262	124.2178601866
0.7789487012	-2.0214359785	124.9550167377
1.0911371266	-1.5946093779	124.1062780029
1.0243013209	-0.9934183477	123.3099725838
1.7351694072	-1.6904223965	123.2158879418
0.8126450145	-2.0755117782	123.2414792077
-0.0181545173	-1.5862695948	123.5068359938
0.1910083611	-1.4275189464	122.5419271266
-0.3579194738	-0.6465869366	122.8399597225
0.4492353618	-0.3093367945	122.3554358190
0.4774851238	0.6872826928	122.2782895382
-0.2674994532	0.4373290621	122.8967724907
0.6396579397	0.2552814988	123.2761458544
1.4984028499	0.0953265406	122.7893485757
2.0808771570	-0.4967407965	123.3462865883
3.0261228038	-0.5250935236	123.0211607817
2.8052124196	-1.3464427762	123.5470733291
2.6197489859	-1.9196725453	124.3452029843
1.8932212667	-1.8679743539	125.0303925714
1.8491883449	-1.4184932371	125.9225964872
1.1421533618	-1.0513456636	125.3181924899
0.5681305254	-0.2437836423	125.1827621940
0.5041245368	0.3142542127	124.3554188640
1.3095311274	0.5972404875	124.8762249624
0.9855976603	0.7320018252	125.8126578168
0.0500377105	0.5316128207	126.1034701742
-0.5146750384	-0.2374575171	125.8040869304
0.3896002405	-0.4504107549	126.1741371141
-0.0129215143	-1.0588313997	125.4901776446
0.4364524096	-1.6042028120	126.1977319530
-0.0981713854	-2.2017062374	126.7953665021
-0.7976899071	-1.6023438660	126.4062153933
-0.1784726939	-1.0221909710	126.9353587210
-0.2305432285	-0.6505297736	127.8622657357
0.4703382084	-0.2263098446	127.2888525659
0.7856076490	0.6187970296	126.8571124231
0.7839716100	1.1470876566	127.7061744566
1.6645447918	0.6885049951	127.5866218989
1.8425208195	0.1300933630	126.7763744165
1.4073805087	-0.1373070513	125.9166361258
2.0476555684	0.6261928883	125.8322815755
1.8938259466	1.4399136256	125.2717505692
2.7645756892	1.6487732730	124.8265848322
2.3544770680	2.5584834758	124.7614199052
2.2246693521	2.3388201822	125.7283211382
2.4798666364	1.5310985421	126.2597908911
1.5796164267	1.2998331848	126.6286619993
1.0240009670	1.8242084754	125.9834317957
0.4808398185	1.6437927337	126.8034477265
-0.4771469426	1.9093882525	126.6951869950
-0.0639242873	1.5966124752	125.8399569965
0.3431280721	1.3253636160	124.9677572298
1.1441741436	1.8814748824	124.7462500047
0.9516491348	1.2238224942	124.0179454960
1.9393153034	1.1580808253	124.1600495852
1.6384016128	0.2233286234	123.9711335408
1.1392794318	-0.5901985879	124.2695468867
2.0485782223	-1.0022032767	124.3280946965
1.9122575731	-0.2942039191	125.0210258548
2.4976511905	0.5140024448	124.9568636692
3.0951727114	0.8707640379	125.6749787002
3.0704279813	0.2768148046	126.4791005856
2.4980464314	-0.3629184022	125.9661475805
2.9200741898	-0.5981924729	125.0906256317
2.9409874007	-0.2683627168	124.1468168748
2.9946819034	0.7283826447	124.0866871417
2.4483060346	0.5165042249	123.2763903163
1.6217019720	1.0757183624	123.2131030971
1.3302978180	2.0026725964	123.4494068575
0.9701228466	1.8061029460	122.5374669678
0.3839902054	1.2611641334	123.1370419985
0.2093365315	2.0295452952	123.7527419939
-0.2679010397	1.1869035247	124.0021395627
-0.4891821847	0.2146057458	123.9268289786
0.1537935434	-0.5271999584	123.7362863058
-0.7861338256	-0.8638700088	123.7927647825
-1.5185457108	-0.8459903926	124.4733918094
-1.4471162243	0.0324811057	124.9458170999
-1.4356687007	-0.7773264503	125.5324010040
-1.5064832551	-0.0959368414	126.2608881348
-1.3737057281	0.5163424952	127.0403008255
-0.8814713209	0.9557109442	126.2888617698
-1.0961990109	1.0605845320	125.3178347105
-0.3683881199	0.4236336834	125.0636990707
-0.3379549343	-0.5064544540	124.6976254744
0.0869106955	-1.3847899958	124.4785002303
-0.3472374916	-2.2528936795	124.2378524671
-0.8160812558	-1.6675631104	124.8993459665
-0.2233412855	-2.0807370584	125.5906827992
0.5633378602	-2.6047724582	125.9170611402
1.0515418708	-2.3303484359	126.7455225455
0.6350065012	-1.5661288105	127.2379315727
1.2043458751	-0.9715843086	126.6701556374
1.4153451453	-0.5108309873	127.5322378173
0.7710102610	-0.8132584852	128.2346409533
0.5937494892	0.1705117660	128.2624745967
-0.3574667336	0.3982313699	128.0543124498
-0.1840888779	0.8778387014	127.1941282098
-0.4881534850	-0.0189271632	126.8726383984
-1.2148679647	-0.5913107712	127.2524581850
