0.7189305603	2.6310606790	209.8638042640
0.9182919403	2.0706202121	209.0599625363
0.7161845830	1.1057987227	209.2281056590
0.3068510912	1.5432519777	210.0287808380
-0.1474002903	1.8015039865	209.1761604170
-0.3451254623	2.5609763556	209.7959236597
-1.1797816137	2.0248016153	209.9218830055
-0.5914948491	1.5701118610	210.5905951333
-0.2476844487	1.7420040262	211.5137676482
0.3436010235	1.4009304980	212.2445551266
0.1747973701	1.6085531202	213.2080893363
0.4645608162	2.4419847314	212.7375270188
-0.0055192527	2.7970587899	211.9294755713
-0.9033723927	2.4792603654	212.2342113592
-0.7539875406	1.5752593507	212.6347938494
-1.4393588381	0.8976990869	212.3680012830
-1.2991699384	-0.0178612037	212.7449580797
-0.8432948979	-0.2922218786	211.8982561442
-0.5706594434	-0.1918283086	210.9413909291
0.2204732583	-0.5879398632	210.4753386951
-0.4160423293	-0.2716592807	209.7719081727
-0.3236333819	-0.4777017935	208.7977382340
0.6398433495	-0.2368979769	208.6805797517
0.3342379962	-0.4376240819	207.7498196329
1.3254148408	-0.3074656902	207.7247745562
1.8463118782	0.5021914089	207.9951847230
1.7532382103	-0.1858573113	208.7148556554
1.4655685902	0.3957519009	209.4757609806
0.5220714440	0.1418529979	209.6887128109
-0.2506305383	0.6991328001	209.3847870493
-0.1896548916	0.5732144760	208.3946221408
-0.5818821270	-0.0952557555	207.7627160200
0.0280410590	0.4958325565	207.2348824151
0.7835897315	0.4959166677	207.8899749249
0.9098228250	1.4183499606	208.2549160518
1.6873533553	1.3281650348	208.8772607743
2.4793823228	0.7178110868	208.8646840954
2.4272907830	0.1277963324	209.6703943791
2.2338709287	1.0651949970	209.9600018782
2.2954606566	2.0011559300	209.6133264717
1.4165215545	1.7038709493	209.9862710991
1.4103018622	2.3249091853	210.7700266892
1.8591481789	1.4440699321	210.9205564008
2.2731591489	0.8622040639	211.6205757063
1.2855205046	0.9574062411	211.7451006180
1.2257983899	1.9501350220	211.8496129936
1.2051727010	1.6160146373	212.7919176945
1.7632544511	0.8397664077	213.0851470353
0.7761742087	0.7011984529	213.1655927746
0.7328026797	0.2464486438	212.2760302295
1.7192105880	0.0821380040	212.2772352367
1.2669741759	-0.2028580912	213.1223739551
0.4529407756	-0.3263189305	213.6899187061
0.7579445025	-1.1689704470	213.2461719897
1.0651643881	-0.8966271382	212.3343358947
0.6911310174	-1.7400366983	211.9486425560
0.9254982675	-1.2757006147	211.0945559131
1.2495977698	-0.3570970652	211.3206687863
0.4905336520	0.2519367586	211.0906699457
-0.1607510535	0.5968375432	210.4147471090
-1.0614910040	0.8199686733	210.0420809846
-1.3056190164	1.1779339938	209.1408250038
-1.1684651731	0.2336054893	208.8417723350
-2.1258299124	0.5152827448	208.9058869165
-2.0643411480	0.9789664296	209.7897514832
-1.8639028192	1.5300183400	210.5997923886
-1.7543293929	2.4719478109	210.9172235404
-0.7571213592	2.5413149080	210.8895767828
0.2111698494	2.3270033366	210.7611918705
0.6557082110	1.4771780008	211.0443570940
1.0407369276	0.8287025333	210.3876741756
1.8806146649	0.3867955073	210.7028305918
1.3301042182	-0.3389240441	210.2901934863
0.9637355316	-0.9732954767	209.6094976137
0.3091521944	-1.2924206913	208.9241657584
-0.1138493718	-2.1756828264	208.7218845783
0.0410979855	-1.5774237482	207.9357055962
-0.5802499318	-1.0302712067	207.3748572550
-0.8731002899	-1.1632998426	208.3217162993
-0.7301200268	-1.3161290046	209.2995710388
-1.5405118042	-0.7411749919	209.1869075995
-1.4632433029	-0.1670430753	210.0020162555
-1.9354044136	0.3189094044	210.7374848632
-1.9033572856	0.1359324663	211.7200796025
-2.1994561836	1.0812480417	211.5833173799
-1.3958319025	1.6755103471	211.6155714852
-1.1480542123	0.8098311771	211.1805935652
-0.3488311885	0.5787084862	211.7354132295
-0.2287627425	0.4341558140	212.7175985956
-0.1275677930	0.6129548196	213.6962663113
-0.6156232328	-0.2554396204	213.6085566521
-0.8485263793	-0.9842453126	212.9646635031
0.0098154086	-0.5368303853	212.7135275680
0.2305607318	-0.4869958325	211.7394700648
-0.4491565909	-1.1467555008	211.4189992527
0.0441969878	-1.8757275908	210.9444447895
0.0157548383	-1.6378743842	209.9735601948
-0.7768269597	-1.1407778301	210.3267019644
-1.4380417175	-0.7829507833	210.9860613873
-1.7531531870	-0.8574365015	211.9321885667
