1.4748943676	0.3530321022	44.9577770653
1.6185009224	1.3416344959	44.9125834311
1.5898951942	1.0361371905	45.8643465889
0.7935170501	0.4317854001	45.8410922331
0.4094761089	-0.3911248860	46.2598179387
0.2547356950	0.4291550286	46.8104505439
-0.5142409651	-0.1938128376	46.6669725534
-0.4916934056	-0.2519955266	45.6689212610
-1.2318558429	0.3114868671	45.3019782704
-1.7653032018	1.1489212590	45.4208797192
-0.7797042881	1.3179762202	45.4169808396
-0.4110377589	0.6967011016	46.1084301995
0.3426732489	1.3453970443	46.2138497924
0.6099136818	1.2783867127	45.2525526654
-0.0492797137	0.5295085279	45.1843945278
-0.5560717111	-0.0291677133	44.5278560835
-0.5196409537	0.9534791868	44.3459828595
-0.0886063664	0.5078815116	43.5613479785
0.3863954136	-0.3708369286	43.5141546336
0.5852874835	0.0756020389	44.3865846840
0.8684721351	1.0188780314	44.2132732446
0.7869039698	1.9799037579	44.4774250713
-0.1038400708	2.0095884642	44.9309599348
0.6226311952	2.2767259559	45.5641084642
1.2984353769	2.0283532232	46.2580823064
0.9914496778	2.0199790486	47.2097595909
0.8066869357	2.0992606568	48.1893396824
0.7758936561	1.9127676832	49.1713132792
1.0769405004	0.9745638944	49.0005958280
0.2329142227	0.7918285799	49.5048055535
0.5086610661	-0.0791381342	49.0981353415
0.4826232847	0.2457472326	48.1527404333
1.0763148368	0.1039879363	47.3606327116
1.5407257136	0.0798558630	46.4753416969
2.0890577684	0.4770475130	47.2112566043
2.0558697751	1.4764785958	47.2052509560
1.2249093173	1.0382817484	46.8624853795
1.1227666940	1.1119892586	47.8545207052
0.2147718349	1.2746532080	47.4684044335
0.2182555795	1.1981629939	48.4654686795
-0.1783190154	2.1037303599	48.6160553201
-0.1814953618	1.8168212125	49.5740078512
-0.8332743795	1.1125844510	49.8554944332
-0.6655751263	0.7666327549	48.9323506825
-1.0982219672	1.6671863414	48.9750115425
-1.9254193726	1.2469354209	49.3480177304
-1.6129870113	0.3091127260	49.1967741766
-0.7473621656	-0.0127109238	49.5803405529
-0.5019807360	-0.2248414853	48.6344079026
-1.3294021440	-0.1349692255	48.0800643354
-0.5832275044	-0.6603803969	47.6712043248
-1.4408210003	-0.7109213218	47.1593654724
-1.2556457664	-0.8060261639	46.1812728379
-1.5328290977	0.1376000954	46.3622117323
-1.4157638145	1.1268470454	46.4498826589
-1.3702952343	1.9919599308	46.9493947246
-0.5252906490	1.4713715011	46.8271043420
-0.5433410130	2.0787102459	46.0328664473
-1.1767801777	2.8158235692	46.2682783696
-1.7897278480	2.1124587922	45.9083156717
-2.2800280271	2.4862702055	46.6956343884
-2.4007890879	1.4976972781	46.6054105920
-2.0731155874	1.5080724222	47.5501446463
-1.6735946301	1.0331061244	48.3342301140
-2.4741736130	0.5414639526	47.9916498066
-2.3152198339	0.5185010210	47.0046308606
-1.3517018802	0.5633252845	47.2684943448
-0.4311111885	0.3845403735	47.6156956323
-0.7829753707	1.2666510645	47.9288606466
-1.1787841135	2.1822648912	47.9994776375
-0.2924566126	2.1675372652	47.5366529857
0.1563926380	2.4185727418	46.6790309595
-0.4646785363	3.0833436955	47.0941817460
0.4005438814	3.0126410683	47.5905599348
0.3648796574	2.9913376643	48.5896966763
-0.5385833603	3.0342635892	48.1631853157
-0.8512140280	2.6770303358	49.0433253434
-0.0461793338	2.9100814399	49.5888584076
-0.7616128842	2.5352368612	50.1784738560
-1.5619885088	3.0594230038	50.4693823424
-0.9219689940	3.5964997746	49.9199066260
-0.8780624792	3.7323944359	48.9301567288
-1.6824139348	3.2810520827	49.3165617185
-1.6003239352	3.2167588578	48.3220127689
-1.1217129862	3.8129931045	47.6774693006
-1.4773296540	2.9410393069	47.3409676506
-2.2598238854	2.5344130482	47.8125160188
-2.8004850458	2.8876636561	48.5759945828
-2.4930587975	3.7163860426	48.1083319822
-2.8059883035	3.2812581177	47.2640933825
-3.2913821921	2.5161628471	47.6872032971
-3.3346183183	2.0175337597	46.8214668069
-3.1018869071	1.4738263134	47.6278279561
-2.6059239980	1.7063196805	48.4644686359
-1.8917728083	2.2981388902	48.8382842341
-1.6612852804	2.1770695291	49.8037984542
-2.4851204288	2.7255421986	49.6607132381
-2.6713057339	3.6663873839	49.3776136629
-1.9475798178	4.2923845953	49.0871858927
-1.9051776203	4.0774474591	50.0628928575
