-0.4059180572	0.2679199061	67.5806646652
0.1737930797	-0.5365634122	67.7100539548
-0.3845600139	-1.2844662037	68.0690570710
0.1977060753	-1.5841060305	67.3132911181
-0.5038228098	-1.0042219098	66.8990549175
-1.3004339284	-0.5846266539	67.3341992004
-1.7052682760	-0.1909186415	68.1594889385
-2.6266403288	0.1735425212	68.2945504106
-2.8766814948	0.3937666645	69.2374081634
-2.1453529864	0.4697296111	69.9151900189
-1.8532470125	0.8741243704	69.0485072749
-1.0801294802	0.6565775630	68.4527198398
-0.2284111306	0.6013821093	68.9738045880
0.5273759507	0.4191440331	68.3448569182
0.9108384622	0.8564731817	69.1583061901
0.3964614764	0.2904311151	69.8025209797
0.3878977218	-0.4731219410	70.4482092890
-0.1717500275	-1.3015326953	70.4712314275
-0.5129818042	-1.6402689009	71.3480544756
-1.3985999201	-1.7000950644	71.8085991347
-2.3363314908	-1.4620521028	72.0615715635
-2.8718620736	-0.8664314520	71.4628704400
-2.9060086345	-1.4413152373	70.6453481799
-2.8392118783	-2.2804275984	70.1055068708
-2.9488425574	-1.5496412851	69.4317617569
-2.0613894070	-1.4587619003	69.8836111159
-1.7385028537	-2.3850707480	70.0777661888
-1.0958064626	-2.7051176688	69.3816977171
-0.4082938650	-3.4307092365	69.3526580017
-0.3674546910	-3.1060946815	68.4076936888
0.1976941790	-2.5432386372	67.8045354773
0.7499871804	-3.0725321164	68.4486013539
0.2045985196	-2.5506052461	69.1044546537
-0.6009017514	-2.0952923414	68.7251665413
-1.3433635013	-2.5395785704	68.2238080901
-0.7485787864	-2.5214430565	67.4201276524
-1.4429699653	-1.8157713342	67.2792436181
-1.4751920893	-1.2813651715	68.1238570137
-2.2830026393	-1.1981797391	67.5403141282
-2.2472912054	-2.1340246190	67.8909122661
-2.9710023425	-2.1880730136	68.5788955224
-2.2587657615	-2.6035393866	69.1446752902
-1.6834553194	-1.7990213963	68.9971330975
-2.3420391791	-1.1574958277	68.6037983234
-3.1995736284	-1.1471076399	68.0894766789
-3.1328409276	-0.5987689724	68.9230661777
-3.6847020386	-0.1319427580	69.6140962782
-3.7165195945	-1.0617258331	69.9808265286
-3.4063215126	-0.3206459139	70.5762908041
-2.4661822682	-0.0524105307	70.7865001766
-2.6592323187	-0.5370929835	69.9333796705
-2.0463899854	-0.3004265055	69.1794478084
-1.6183417884	-0.4741808700	70.0663436094
-1.0957717547	0.1700995731	69.5079322284
-0.4646932442	-0.5619164333	69.7646275340
-0.0584320453	-1.3638731191	69.3266580005
-0.9165745966	-1.6315526827	69.7647664494
-1.0587283069	-0.9477534978	69.0490772729
-0.5473702638	-0.2962216141	68.4887031511
0.2877056233	-0.4206424322	69.0245834761
0.9956047016	-1.0197413154	68.6504719647
0.3770538436	-1.7900329974	68.4954056540
1.2215170831	-2.1669411125	68.8759606565
0.8152590625	-1.9485547020	69.7632384013
0.9383907870	-0.9562352059	69.7750957241
1.2758835657	-0.0905138971	69.4054672082
1.3652634780	-0.1109545982	70.4012550415
1.2004084296	-0.9794475523	70.8687406581
0.6053623704	-1.3529940682	71.5803467204
0.1459588334	-1.1154491435	72.4362210096
0.5325020523	-0.2258026611	72.1930883784
0.7207505602	0.1938233396	71.3051263754
0.0907092880	0.8350321051	70.8670632356
-0.8077154303	1.1188175496	71.2021734368
-0.4501853696	1.7720168743	70.5347134021
-0.0066415427	1.2621889023	69.7975944750
-0.8707958925	1.4124663275	69.3173300111
-1.1428117003	1.0546412343	70.2106208948
-1.4965598811	0.2967926955	70.7588250692
-0.5370372129	0.0837950260	70.5745745821
-0.9937570473	-0.7029731912	70.9897887020
-0.0742222840	-0.5758425798	71.3616672128
-0.8292283264	-0.7496409894	71.9939329708
-0.5976730958	-0.0352043724	72.6542075315
-0.4107218861	0.3199651283	71.7382905751
-1.3928227823	0.4325417163	71.8893016392
-1.8568161612	-0.4240399503	71.6635185734
-1.9740608354	-1.0270273044	70.8744305319
-1.2839812992	-1.7355607452	70.7268819066
-0.5039384723	-2.2634719152	70.3909608073
0.2444970738	-2.8817518889	70.1510147563
1.0876372130	-2.9379340027	69.6162640894
1.9051464962	-2.4424121647	69.9097546004
1.4280809447	-2.2367490692	70.7642200184
0.4464681292	-2.0468945684	70.7840076118
-0.1241044567	-2.6446532255	71.3471519202
-0.3558370988	-3.5754174912	71.0643483411
-0.9764371963	-3.2967907948	70.3313935791
-1.2690203393	-2.7355574381	71.1056107475
-2.1740741063	-2.3111727151	71.1334547002
