0.9906398106	1.7106159474	49.1808495023
0.7640420099	1.0382687811	48.4761490519
0.7018462789	0.0462241390	48.5855982146
0.3239849854	-0.7802874025	48.1683458755
-0.0751640733	-1.6921199412	48.2644783380
-0.5700204228	-1.0222027986	47.7110090838
-0.5412803862	-0.0724791477	48.0227766210
-0.6118173167	0.2869938926	47.0922909012
-1.2373257626	-0.4843830307	47.2094097573
-2.2119938519	-0.3379041928	47.0403947708
-2.3609565330	-0.1641951428	46.0669291650
-1.8218424577	-0.9863099000	46.2499136992
-1.2978049637	-0.3825134891	45.6492352503
-0.3861616998	-0.5456382090	45.2720126567
0.4420810800	-0.3455912009	44.7485672514
0.4636420144	0.4978124084	45.2854149747
-0.1990102333	1.2342255944	45.4217513897
-0.4092645970	0.3429660560	45.8235592266
-0.4268221580	-0.4873270629	46.3806095553
-0.7643488752	-1.4089000261	46.5723880441
-1.4928785569	-1.5780272141	47.2361956195
-0.9739780496	-2.2582719576	47.7538918165
-0.0986962002	-2.2857796804	47.2710616089
0.3202114981	-1.3965251184	47.0873698447
0.3413659820	-0.3967743531	47.0802357749
0.2216341088	0.4963680190	46.6466911039
0.2416088048	0.4782312100	47.6463270715
1.0756213379	0.8013975339	47.1991284336
1.3762284360	0.0181897813	46.6548665584
0.6652567344	-0.2618132934	46.0097948433
0.2395807288	-1.1661533022	45.9786646846
1.0702761492	-1.1760865925	45.4220261589
1.4740412075	-0.2656813109	45.3318263754
2.1223110345	-0.6284411746	46.0012675698
2.3555592617	0.3326803425	46.1490535433
2.6469611290	-0.3236686260	46.8449637267
2.1498617219	-1.1909016950	46.8732300247
1.2043478913	-1.0070460736	46.6045281331
1.1574971853	-1.0716550600	47.6013383910
1.2373237592	-0.0768230212	47.6640833723
2.1013082438	-0.5757698193	47.7317805133
1.6008952335	-0.5908468751	48.5974360461
1.7012844644	0.4040851266	48.5917514828
1.9380063044	1.1647030464	49.1962538819
2.5086944200	1.8704164134	48.7763923352
1.7591001797	2.2848807769	48.2603227988
1.6978286594	1.3192669572	48.0076654178
2.5967231431	0.9004636362	48.1364772400
2.2048832000	0.5670551348	47.2789807500
1.9594207038	1.3034319205	46.6485068072
1.3021374878	0.8948914899	46.0152031751
0.5158342663	1.4848805839	46.1986155867
1.1944448816	2.2176758631	46.2486027018
1.1962891721	1.8714101390	47.1867373654
0.7675187617	2.0644600745	48.0692834875
-0.1363821715	1.6405905656	48.1267094597
0.2431640288	1.4616380652	47.2190086916
-0.4896822626	1.3304423574	46.5513830483
-0.2818122780	2.2455942947	46.2060035451
0.2250643161	2.5533432939	47.0112157357
-0.0015323057	2.7740453745	47.9598698152
0.1718122594	2.5144565711	48.9099041908
-0.7658450039	2.3756313157	48.5912721069
-1.3877872652	1.9342943437	49.2381179161
-1.2058867522	0.9626657265	49.3892801921
-0.3501294408	1.4565033636	49.2349953508
-0.2032532859	0.6948644788	48.6038585952
0.1823907736	0.4756063248	49.5000753778
0.1709011981	-0.5141364906	49.3576775235
-0.6079838987	-0.8016356445	48.8002887521
-1.3505697797	-1.3558373214	48.4242213239
-1.9458472776	-0.8168460024	49.0201517382
-1.5612234360	-0.3054662734	48.2516757963
-2.4742986383	-0.6763721178	48.0821985725
-2.4935251474	0.3226727646	48.0429600165
-3.2363921304	-0.0349019956	47.4770192630
-3.3307377699	0.9540364363	47.3625654375
-3.0968113538	1.5254335101	48.1491935682
-3.2515255158	2.4888166934	48.3681829977
-2.3847095747	2.3155114356	48.8357248802
-3.1279952946	1.7557489836	49.2020476012
-2.7960539046	0.8436805591	49.4427675687
-3.3231264954	0.6393887864	48.6178679653
-2.8935395922	-0.1849756404	48.9864848185
-2.0191441769	0.2972320137	49.0404147364
-2.1028813140	1.2242137568	48.6747742846
-1.4710842325	1.7625365852	48.1170638040
-2.2388742381	1.3174048345	47.6562425462
-2.7043174904	1.7713706269	46.8964546559
-1.8573564133	2.3025695883	46.8744410818
-2.3827063913	2.3738178564	47.7223391210
-1.4910826789	2.8002515077	47.8745281363
-0.8511629185	2.1764514010	47.4257786214
-0.8048692952	1.1814748929	47.5145403744
-1.2368059182	0.7513173706	48.3072542318
-1.6278153432	0.4672980114	47.4317859953
-1.4895589374	0.2762065409	46.4599993849
-1.2267036557	1.0072485713	45.8303291136
-1.5770545221	1.2828989993	46.7254665958
-2.4085293251	0.7286297990	46.7633520205
