-2.6871588599	-0.1968154335	109.5072267844
-2.4607801665	-0.6872052390	110.3488148819
-2.3388115447	0.2961478878	110.4835007509
-2.1226994451	1.1903697032	110.0915021473
-1.2816179655	1.6582850978	110.3628637661
-1.3399338253	0.6911266048	110.6102576018
-0.3704877554	0.9360453723	110.6240095026
-0.1794792171	1.8064627989	110.1702593051
0.5908965258	1.1921297973	110.3408939379
0.4585708146	0.4223044997	110.9652807710
0.9134733113	-0.0101662535	110.1867997076
0.2461026573	0.4532840355	109.6038501043
-0.5599166001	-0.0558641613	109.9056796429
-0.7128032047	0.2005134854	108.9512708268
-0.9555456447	0.9121438280	109.6105570797
-1.6695559344	0.2133418503	109.6537439064
-1.4283536039	-0.3400744420	110.4509589610
-0.6682407077	0.0065014837	111.0006074967
0.0202999640	-0.4857352784	111.5331623891
-0.1863047395	-1.4192969224	111.8260397582
0.3144569794	-1.7419635498	111.0228436747
1.0724328063	-1.6363346065	111.6665168621
0.9629259755	-0.7969133912	111.1341821203
1.4046904977	-0.0998717461	111.6989626547
1.5162426738	0.5097425645	110.9141528024
1.3239056506	1.4768825957	111.0804255589
0.9176808812	2.0907709813	111.7572730209
0.2938859277	2.4316612913	111.0539426202
-0.6534933280	2.1120813689	111.0724147391
-1.1202023901	2.9766960947	111.2584900657
-0.2313007289	3.2070420081	111.6544630406
0.2882761324	2.9147541125	112.4573376705
1.2685270438	2.7238618791	112.5089933183
0.7565570121	1.9269701459	112.8296960659
1.0483113423	1.6477722297	113.7445337206
0.3134182323	2.3235171233	113.8019876641
0.0002910992	1.4788221365	113.3678888530
-0.7770801737	1.7880329324	113.9156867974
-0.5492215275	2.2924101240	113.0828098041
-1.1591592587	2.4650321296	112.3093903789
-1.8989504581	2.3465064453	111.6470757682
-2.2261534173	2.2206589241	112.5836122731
-1.6666507989	2.0107332693	113.3854152660
-2.5361843680	1.5994102254	113.6587735031
-1.9418217417	1.2766021414	114.3953385099
-1.0330676235	0.8640195408	114.4581202771
-0.5076772518	0.0887003167	114.1076276837
-0.2181320321	-0.7167336865	114.6247733424
0.5366789417	-0.1136675270	114.3667586117
0.4301226736	0.7296546190	113.8400200430
0.0064191946	1.2585307343	114.5753875814
-0.2125177803	0.4662317989	115.1448864822
0.5605121492	-0.1186479695	115.3905292810
0.9228891048	0.7529795761	115.0604560108
1.4565925727	0.7368899869	114.2149373928
1.6028893822	-0.1972608854	113.8894233512
1.0628796515	-1.0375582973	113.8415720159
0.7968019441	-1.5474778696	113.0235349242
0.6627254009	-0.8440064085	112.3255726157
-0.2103221738	-0.4425275164	112.6023444198
-0.1771713054	0.4667319347	113.0172519644
-0.9854393391	0.3466849751	112.4408046441
-1.0384064619	-0.1708202624	113.2948437609
-1.6785042609	0.1634940579	113.9865870247
-2.0421331671	-0.6862462714	113.6048601704
-1.1660861592	-1.1634151506	113.5352074564
-1.8786226326	-1.5067745006	112.9233282765
-1.0536477893	-1.6211570070	112.3698545642
-0.2239335035	-1.6917721448	112.9235581909
-0.1379848170	-0.8857768060	113.5092068374
0.6002174061	-0.2368751166	113.3248591349
1.4256138770	-0.0927767344	112.7790053798
1.0725465190	0.8157213430	113.0025555620
2.0360636631	0.8629564328	112.7391100092
1.7430395407	1.6940740631	112.2664787065
1.2289335815	0.9010449226	111.9396762509
0.5272366711	0.2247013440	112.1636869862
0.2610877547	1.1685670685	112.3593454855
-0.3143644657	0.6425044370	111.7331563370
0.2187290050	1.4155720302	111.3893862861
-0.1949746412	2.0375424087	112.0542187022
-0.8162947246	1.3737643630	112.4705839986
-1.1100258038	1.0664877951	113.3757376673
-2.0465285872	0.8124449911	113.1340254616
-2.8144931868	1.1771882307	112.6075344901
-1.8985563417	1.2718083412	112.2175258613
-1.1818086245	1.2801439707	111.5202431158
-2.1134013140	1.1497899464	111.1809160033
-3.0355147668	0.8382990798	111.4104377237
-2.4953933620	0.3070011241	112.0631178524
-1.6187476065	0.1688435461	111.6022440050
-1.0049881571	-0.5738976520	111.8698908821
-1.7897566059	-0.5609062534	112.4895437731
-2.7618942554	-0.7567683150	112.3607554074
-2.4356293700	-0.5676090014	111.4345966852
-1.6988694236	-1.1124616048	111.0341963581
-0.7107667803	-1.1501872441	110.8850992674
0.0031795013	-0.5620008607	110.5052078548
0.7093345938	-1.1784897981	110.1569459197
0.3222695301	-0.5720484626	109.4623888356
