-0.3696993099	-3.1796595937	-46.8307743862
0.2011238802	-3.7062421236	-47.4607519451
-0.3742981781	-3.0810045440	-47.9879781052
-0.8301080952	-2.4118465883	-47.4010667406
-1.5035163851	-2.7722891450	-48.0465142121
-2.0167524444	-2.5484602649	-48.8750607587
-2.5355880626	-1.7053595444	-49.0164495003
-2.0309698879	-0.8851569403	-48.7469533295
-1.5397701951	-0.4933780668	-47.9689866361
-2.4803871242	-0.2370672416	-47.7464005775
-2.2156203666	-0.6882652218	-46.8941570989
-2.1427017169	-1.3789325866	-47.6136440423
-2.5020180180	-2.2934543810	-47.7994979724
-2.0119936362	-2.2867091450	-46.9278153426
-1.2954091701	-2.7028796671	-46.3680754035
-0.5002198610	-2.3543704444	-45.8718745528
0.1595746936	-3.1050269376	-45.8374365661
0.5717406148	-2.2574308457	-46.1716522424
0.5115413874	-2.5331564532	-47.1310017316
1.2734284572	-2.1258994111	-47.6346581567
1.3157633244	-1.4028621796	-46.9451475179
2.1409965715	-1.3357377206	-47.5059366003
2.1938949368	-0.4022679583	-47.8606702551
1.3942820888	0.1793326169	-47.7111374351
0.4513211943	0.1765059623	-47.3782459193
0.5789517102	0.9547820889	-47.9930602996
0.1963243791	1.1865286977	-47.0986946949
0.5638756547	1.8415325157	-46.4384855930
0.2945948837	1.5150238180	-45.5324613457
1.1073150279	0.9542169863	-45.6905172367
1.7258728882	0.2517333012	-46.0425155970
1.0066950059	-0.1680958351	-46.5961641046
0.2785352969	0.4808414063	-46.3755651584
0.5432805217	0.1052482033	-45.4873986696
0.6009186999	0.6759906178	-44.6682949297
-0.3523086410	0.4596427392	-44.8793665571
-1.0677398872	-0.2367274266	-44.8225622955
-0.5704475071	-0.1114984207	-43.9640647796
0.0756476167	-0.5004884268	-44.6207594318
-0.3213262508	-0.5527606084	-45.5370996348
-0.6066206063	-1.3046383372	-46.1314791529
-0.9701354354	-1.4210557818	-45.2071935111
-1.6099680977	-1.6134827109	-45.9512271402
-1.3667839035	-0.6477593404	-46.0420005916
-1.5732478877	0.1847909431	-46.5560362408
-0.7964341497	0.4184622470	-45.9712643724
-0.4772476577	1.3017832396	-46.3145776510
-1.1589451478	1.3251296899	-47.0458392152
-1.3848083017	0.5105595987	-47.5801250958
-0.4770359258	0.6321424948	-47.9815810872
-0.1226851080	0.5054067161	-48.9080655934
0.4571296602	0.3291667118	-49.7035241376
1.0454848003	0.5922873514	-48.9389289780
0.5795836531	-0.0886464289	-48.3738933085
1.0378425248	-0.5187831286	-49.1516986994
1.9719546564	-0.2210015946	-48.9548213677
2.2493933861	0.7345343702	-48.8549275686
1.7984794746	1.1812719596	-48.0822037042
1.1695387382	1.6562202153	-47.4666895253
1.1935074229	0.8250242988	-46.9112267898
2.1160686559	0.4602817841	-47.0370984281
1.9348922809	-0.5095038247	-46.8737246417
1.6003282665	-0.8232390652	-45.9851093598
1.3674447333	-1.6295025624	-45.4413222389
0.9027825908	-0.7955954890	-45.1435167885
0.2359888039	-1.5004974116	-45.3853831261
0.5433919174	-1.1417268128	-46.2667383230
-0.1238102264	-0.4750450856	-46.5989683247
-0.5313040892	0.3401139764	-47.0106289316
-0.9924383620	-0.5425496789	-47.1015137713
-1.2196992474	-1.4991145058	-46.9189316751
-0.7247611982	-1.3386816710	-47.7729209215
-0.2035135533	-1.5654672740	-46.9502003231
0.4307473617	-0.9624751812	-47.4340532220
1.2314732213	-0.8209338557	-48.0161220761
1.7976779292	-1.3291637875	-48.6650554819
0.9480798254	-1.8502408231	-48.5834357232
0.4186193704	-1.5288863648	-49.3685490517
0.2822346887	-2.4885412080	-49.1226592379
0.5997656819	-2.8501289056	-48.2460587558
0.1166538497	-2.0142200607	-47.9855604631
-0.5939008967	-1.9654453030	-48.6875098739
-1.5276511827	-1.8276003227	-48.3571931094
-1.4681324211	-1.6715256970	-49.3431435282
-0.6017366484	-1.3535971370	-49.7282146850
-1.3206273573	-0.6787184587	-49.5616766463
-1.1646755971	0.0203035914	-48.8637889606
-0.8712914903	-0.9141252635	-48.6618768983
-0.3455368261	-0.4153538645	-47.9728129502
0.2207151830	-1.0540647012	-48.4937804436
-0.0214409723	-0.5195708156	-49.3035190945
0.5685926654	-0.6752538579	-50.0957457646
-0.3532026800	-0.3186042835	-50.2477142557
-0.1031298543	0.6092154134	-50.5245069432
-0.7559296541	0.4917130381	-49.7761449899
-1.0722090954	1.2617550747	-49.2220668575
-1.1981984852	1.4404805317	-48.2462677569
-0.4860371754	1.8368193570	-47.6668354447
-0.2668052945	1.5412810640	-48.5966711827
0.3022650853	1.4052441332	-49.4076291695
