1.3657310859	1.6260388033	167.9475676269
0.5223341502	1.5575721908	167.4146568166
-0.2352630979	0.9918644246	167.7402656815
-0.0217467804	0.5309645828	168.6016495205
0.3280394180	-0.3898289015	168.7742443486
-0.4551755570	-0.3465506461	168.1540014159
-0.5900782742	0.0083944695	167.2288985990
-0.3884544801	-0.9616675022	167.0935190705
-0.9072050171	-1.6217609041	166.5502193547
-1.2536917381	-0.8587040080	166.0046085727
-0.7367920910	-1.4027142686	165.3436489740
0.0617023204	-1.6565698494	164.7977881683
0.5831740701	-1.9906727591	164.0126496710
1.3347888781	-1.3362975615	164.0955247655
0.4534047835	-0.8797765841	164.2169771220
1.1146853072	-0.2075267518	164.5498257842
0.5243110541	0.0705534611	163.7921123578
0.9885633585	-0.6075079893	163.2222856583
1.1103027016	0.2674470788	162.7536352970
1.5895018418	0.1851199445	163.6274719105
1.9313722529	0.5712543088	164.4842244271
2.3418986500	0.5492429024	165.3958074322
1.7986375453	-0.2853564035	165.3046407128
2.1239768324	-0.7631924662	164.4886584548
2.2829866701	-0.5749263061	163.5194981355
1.8473478323	-1.2761101981	162.9550869799
2.2774674559	-1.6603939189	163.7719854628
1.5382348993	-2.2083603868	163.3804909197
0.9333040119	-1.6528667542	162.8099776021
0.1389191942	-1.3431048785	163.3324719483
-0.2937439126	-0.4416333518	163.3201543750
0.1754895346	-0.5192468741	162.4404975594
0.4313931061	0.2952677420	161.9198447939
-0.4367486556	0.7908620633	161.9466057802
0.3499076496	1.3067459017	162.2857749457
-0.4129972906	1.3903488696	162.9268573086
0.0609531253	0.5104346541	162.8933613891
-0.9021882538	0.4076123076	163.1419297877
-1.1175499888	0.9358256573	163.9632762312
-0.1200304704	0.9441097501	163.8933749858
-0.5619126874	0.1127842890	164.2304774688
-0.7177468562	-0.8738601675	164.2778950625
-1.5192266514	-0.7320131889	164.8588508031
-1.0922688869	0.0280574616	165.3487484186
-0.5137911484	-0.1545869307	166.1437355456
0.3301287348	-0.5025270077	166.5520698860
0.1789599801	-1.2569778336	165.9133587158
0.6624767239	-1.8384790711	166.5676276737
1.6376638355	-1.9727442030	166.3916078689
2.1241482131	-2.3475779851	165.6024104372
1.9474026164	-2.0418749195	164.6668322044
1.1825690607	-2.6808478489	164.5847150463
0.9816286906	-2.2155712677	165.4467711179
0.9874781636	-1.2722852239	165.1148415722
1.9215745942	-1.3086328146	165.4700073236
1.3269470043	-0.8921379695	166.1577209801
1.2251863334	-0.0170286893	166.6308261623
1.9921542833	0.5949526713	166.4378521273
2.0070852755	1.3273787639	167.1185349348
2.9971180586	1.1932689601	167.1615424812
2.6385064456	1.4931949640	166.2775503414
1.6636701148	1.5380941229	166.0591969727
0.9824574193	1.0200359056	166.5764637771
0.2400252916	0.4602781402	166.9445205389
0.2297952974	0.5884998806	165.9528277777
0.5666622696	1.3958462306	165.4683564017
0.3063077655	1.7220174656	164.5596056891
-0.4409612541	1.1433525049	164.8863102584
-0.4149297233	1.7421047460	165.6868214158
-0.8002665240	0.8410431695	165.8858279117
-0.3230468188	1.2935850234	166.6391321155
0.4173816012	1.8996435723	166.3485141701
1.0590741831	2.3964689274	165.7642238340
1.1277688470	2.4641163150	164.7688822473
1.1578001487	1.9328985561	163.9221793398
1.8251148423	1.2461999080	163.6338460839
0.8759469926	1.0445205675	163.3921730883
0.9347309169	0.9656159010	164.3873205667
0.2632472659	0.4304165292	164.8998352873
-0.0692078523	-0.5072368477	165.0012243357
0.7093892256	-0.2770514406	165.5850062030
1.2062803520	0.5711699087	165.4016493078
1.5504525602	1.4306711801	165.0237563923
2.5142978641	1.6399017374	165.1887557984
2.2996934313	2.0174838635	164.2879913034
2.8143950739	1.1644360506	164.2020166091
2.9703545199	0.3561426468	163.6342680515
2.9539118795	0.0507680189	164.5863583709
2.8545707957	-0.6004067053	165.3387564222
2.5126391702	-0.3394632606	166.2415250981
2.0657352034	-1.0101977047	166.8334644108
1.1393320396	-1.0066117832	167.2099804387
1.2172816722	-0.8307987434	168.1913130173
0.6859961055	-0.1431043351	167.6965281677
1.2859921501	0.6378389607	167.5229415458
1.8084073949	-0.2145421918	167.4999484403
1.6029995329	0.1526045162	168.4071479250
2.2636300907	0.6974176011	167.8906733675
2.7658153097	-0.1528221049	168.0484784633
2.3111339396	-1.0311368938	167.9007355002
