1.1074562088	3.6985604549	-177.5467890533
0.2784306481	3.1581191078	-177.4031235736
-0.4822918119	3.0538969130	-178.0437787640
-0.3700861485	2.5289971505	-178.8875145807
-1.3097000221	2.2684033266	-178.6656663726
-1.0860578699	2.0279404996	-179.6102095513
-0.2443024376	1.5466955357	-179.8548543486
-1.0825659650	1.0197402198	-179.9949698494
-0.2342409004	0.5489246964	-180.2372038845
0.4315692149	0.3974905600	-180.9677958312
1.0450072948	0.5449942599	-180.1919502404
1.2237923656	1.1402922799	-180.9753123315
0.7776958574	1.6557616256	-180.2436776830
1.0364374940	1.3641317052	-179.3228059465
1.1814590262	1.6663494317	-178.3806630693
1.2697344085	2.3223252656	-177.6310610667
0.6801109725	2.0175261269	-176.8831027198
1.3806306192	1.8236283929	-176.1963160765
1.9353944210	1.8196466333	-177.0283144358
2.4260383793	1.3769268228	-176.2778028265
2.3687168327	0.6659815055	-175.5768955601
1.4528931011	0.2705269535	-175.5070200286
0.6671392136	0.8769373625	-175.6289103238
0.6888555725	0.9641155758	-176.6248663263
1.6308939235	0.6338146690	-176.5660015984
2.0601499501	-0.2307680588	-176.3047814413
1.4318903432	-0.9747659018	-176.5322832563
0.4614916938	-1.1418876236	-176.3579365000
-0.4273114169	-1.4479353753	-176.6990578919
-0.2197726629	-1.2095728061	-177.6477996645
0.2514728670	-0.4984527452	-177.1260373532
0.8491812430	-0.0452335049	-176.4647227401
0.5284452716	-0.2668835541	-175.5438537525
-0.3357522967	-0.4749189278	-176.0019845702
-0.2645138450	0.4383996559	-175.6010179286
-0.3942655604	0.4452788669	-176.5925405802
-1.2924345119	0.2036972897	-176.2252111966
-1.1297630091	1.1368519869	-175.9046487327
-0.3048111156	1.4737271864	-176.3584873310
-1.0014681639	1.2608589736	-177.0435830039
-1.2557828047	2.0711399876	-176.5155974531
-1.4099656355	2.6367448178	-177.3257325226
-0.8029591755	3.2479065819	-176.8177714458
-0.1369978559	2.6164028147	-176.4206587253
-0.4250753966	2.1635126384	-177.2644014697
-0.7203700534	1.6435850759	-178.0659477225
-0.9860437050	1.0604888856	-178.8336822755
-1.7050960407	0.4906030019	-179.2314181401
-1.4107579602	0.0058762560	-178.4077646473
-1.7028645498	0.9153869261	-178.1120213779
-1.9015042625	1.7356222647	-177.5755922085
-2.0516147115	1.0714003462	-176.8432834649
-1.6590003585	0.2620722125	-177.2801380651
-0.7470062723	0.4476630891	-177.6459560708
-0.8396746847	-0.4087719910	-177.1380864823
-1.3884192256	-0.9385355075	-177.7847935608
-1.1384483746	-1.2757353154	-178.6924338328
-0.5386464393	-0.5292699328	-178.4042896484
0.1063247956	-0.5822666241	-179.1666566577
0.5686319343	-0.3980883855	-180.0340380536
1.0697333753	-1.1489611967	-179.6038202399
0.6948037483	-2.0392361807	-179.3452893372
-0.0106621580	-1.5953212534	-178.7927883034
-0.5164964946	-1.4239024258	-179.6382155383
-0.5437124967	-0.5227861642	-180.0709380502
-0.5552929210	0.1972561521	-179.3771045281
0.3830293498	0.5429602480	-179.3707804364
1.0309970622	-0.1469130747	-179.0479606068
1.7321610309	0.5409516359	-179.2356071601
1.8165429790	-0.1921703838	-179.9104492091
1.9581054633	-0.7339897181	-179.0819615074
1.7341643046	-0.1104233987	-178.3329518928
1.9110888119	0.8622937860	-178.1828885818
1.2559990649	1.0665657333	-177.4554750853
0.8821069206	0.5914973754	-178.2520394078
-0.1068560778	0.5548621239	-178.3956014017
0.1658372981	1.4671705826	-178.7011036096
0.6575832509	2.2516554113	-179.0789520864
0.9524353127	2.9882601359	-178.4702849020
0.3168386516	2.3329211914	-178.0621822776
0.2240201193	1.4481561796	-177.6054815068
0.2934885660	0.4750146520	-177.3860055349
1.1411007096	-0.0552852390	-177.4043270977
0.5462981694	-0.4053457040	-178.1279759138
1.0238745591	-1.1898288899	-178.5235854725
0.8923645910	-1.2935020387	-177.5377066734
1.8487040749	-1.0073856750	-177.5973071600
2.6238923417	-0.6295209601	-178.1035693532
2.3020528320	-0.0257281213	-177.3742864603
2.5844940852	0.9335466501	-177.3786282958
3.0679462534	1.2698361888	-178.1868258874
2.7027596165	0.4756896689	-178.6725933473
2.7040374784	0.3764688096	-179.6676579624
2.8605207628	1.3640232777	-179.6518733428
2.1199514021	1.5956267788	-179.0210668429
2.2183452472	1.8927470969	-178.0713099435
1.8541814978	2.5545294197	-178.7266182075
1.6195421205	2.4070399607	-179.6874466115
1.8741767503	1.5256415391	-180.0853134582
2.1134435022	0.6830375387	-180.5677758090
