-1.8976466452	1.0534713727	-220.3955837128
-2.3452756501	1.1298786946	-219.5046346710
-1.4672834042	1.2818017538	-219.0507084654
-0.6839131400	1.5243645086	-219.6229796766
-1.0533965180	0.6126306557	-219.8024884918
-1.3641740221	-0.1365919312	-220.3873669905
-1.4027067785	0.4950278391	-221.1616871391
-0.9114228514	1.2818681364	-220.7881600992
-0.1591049618	0.7584071226	-220.3881521491
0.5298529259	1.1665442674	-220.9871188426
-0.1077953816	0.6082567210	-221.5178915354
0.4992697376	0.0950462678	-220.9111898197
-0.4777384360	-0.0978901022	-220.8204672433
-0.6110201415	-1.0547052728	-221.0788094897
0.2358381640	-0.7070461626	-221.4812571925
0.6424493759	-1.2004525140	-222.2501638805
1.6248306856	-1.3824799936	-222.2078205342
1.5777775181	-2.3810908718	-222.2315336815
1.6918641222	-3.3164271231	-221.8966749891
2.5003226546	-2.8575625686	-221.5281127529
1.9976068365	-3.1203020029	-220.7045565642
1.5844093773	-2.3225445032	-221.1437044111
2.5073198886	-2.0735086905	-220.8500764967
3.0868169156	-1.3019166244	-220.5877239110
2.5834966232	-1.3647732220	-219.7259131826
2.2732961757	-0.4958196724	-220.1115236222
2.1176622404	-0.5994585875	-221.0938866170
1.6260714478	0.2713677357	-221.0939724052
1.2384469100	-0.4019757377	-221.7235403400
1.0802720868	-1.2887197035	-221.2891835001
0.1764937938	-1.7158428444	-221.3165809361
-0.7076902786	-2.0318413962	-221.6606208195
-1.0489873521	-2.2450166946	-220.7451577674
-0.2765969641	-1.7893609880	-220.3026750384
0.3250443348	-1.0042358800	-220.4496658965
1.2077013442	-0.5352518377	-220.4808198954
1.7436742458	-1.3791393578	-220.4565938332
0.8777952909	-1.8772233225	-220.4100535336
1.6794344697	-2.3235558790	-220.0123578258
1.4720392048	-1.5016247944	-219.4818707890
0.5786067678	-1.0555181047	-219.4292656370
-0.4037922339	-1.2403634762	-219.4023511418
-0.4332274857	-0.3229189437	-219.7991244975
0.5126008905	-0.0034118086	-219.8567775414
1.1573021622	0.6641595046	-220.2292138610
0.5548270352	1.3068569624	-219.7559658297
-0.0589591404	0.6460293432	-219.3240244120
-0.1385380191	0.5530814102	-218.3315387024
0.0436341949	1.4801641143	-218.6591527195
-0.8555749852	1.3566806289	-218.2394210442
-1.8091403361	1.2837990782	-217.9471858629
-1.4451331498	0.6780357753	-217.2396905703
-2.3314415756	0.3858084980	-217.5989406126
-2.9159434153	-0.2181770815	-218.1407514828
-3.2151418821	0.3678888139	-218.8937501838
-2.6747978517	1.1057422440	-218.4892744187
-2.1262510339	0.3094660269	-218.7443049557
-1.1966752356	0.3497254719	-218.3778789575
-1.5597146853	-0.4197717316	-217.8524492174
-2.0336725324	-0.7135098609	-218.6825587708
-1.3692957264	-0.3499581604	-219.3355776225
-2.2106651382	0.0088062919	-219.7397874451
-2.8512252544	-0.6518601082	-219.3483763503
-2.0592022034	-1.0733971361	-219.7899712107
-1.1150825566	-1.1295261409	-220.1147597992
-1.7967014098	-1.4130643533	-220.7892980272
-2.3916626375	-1.9968016430	-220.2367838517
-2.9072490810	-1.1744388731	-220.4773874551
-2.3231093837	-0.4158806412	-220.7661264771
-1.5334026467	-0.5469642510	-221.3654430519
-0.7210632054	-0.2395217836	-221.8610071358
-0.4439475380	-1.1634216353	-222.1248555219
-0.0554240330	-2.0164877223	-222.4731768353
0.4730717410	-2.7563436995	-222.8894764267
0.6468329957	-3.5234161470	-222.2718949450
0.0988991902	-3.8748384844	-221.5127698660
-0.2237462808	-3.0144702561	-221.9073156959
0.6518345614	-2.5522593999	-221.7668902246
0.9830661549	-3.2588404825	-221.1415672639
0.8462577496	-2.9481568713	-220.2009508947
0.6474165920	-2.2938629877	-219.4713196810
-0.2640470454	-2.2636895614	-219.0610470863
-0.1948146078	-2.8244902071	-219.8860983001
-0.0070892798	-2.7670393265	-220.8666382522
-0.7436271008	-3.4396251260	-220.9383346999
-1.2546346113	-3.1058019407	-220.1462277594
-1.9042364807	-2.7025049312	-219.5017365389
-1.1756141254	-2.0324362666	-219.6435725290
-1.7736652791	-1.7641480737	-218.8883531813
-1.0267834887	-1.1801449252	-218.5703784751
-0.4807370186	-0.3649811622	-218.7636174256
-0.4107966868	-0.3221291034	-217.7669870773
0.4962956147	0.0548157619	-217.5796474790
0.8086045948	-0.8718881200	-217.7886523025
0.0711602088	-1.1377161434	-218.4095478166
0.4836155125	-0.2466884612	-218.5991534391
0.9874947980	0.4873579837	-219.0544352006
1.4513221106	-0.2832535111	-219.4914960067
1.5399649489	-0.7990400820	-218.6393770828
1.0368813142	-1.6567863535	-218.5336501228
