-1.8267649320	-2.4264749215	-100.4113621739
-2.3967584159	-2.0849421358	-99.6640584976
-1.5640702468	-2.1318492446	-99.1123066184
-2.1406104742	-1.3287602937	-98.9618090998
-1.6748750101	-1.3528194803	-99.8464059758
-0.8542505628	-1.7595699898	-100.2478154170
0.0065245721	-1.7052539175	-100.7538943944
0.3097139949	-1.6163260340	-101.7026662349
-0.4798237756	-1.2486203604	-102.1940140207
-0.5426921282	-0.9155752378	-101.2532013313
0.2910934272	-0.4934399432	-101.6090151039
-0.5282323340	-0.1246806176	-102.0480160797
0.1589951086	0.5446813853	-101.7657521053
0.3831135123	1.3805971236	-101.2647373157
-0.5832875247	1.1276318457	-101.2191565753
-0.5449642459	0.1446405761	-101.0395473043
0.3736572725	0.3708525007	-100.7155678743
0.1948332983	-0.5799409515	-100.4625583932
-0.6802294646	-0.7983844309	-100.0306468198
-1.3684172741	-0.1490849944	-100.3543871179
-2.0950161491	-0.3407885889	-99.6946115450
-2.8098702553	0.3554236049	-99.7599735218
-2.2915691470	0.4727306450	-100.6070880475
-1.6348154300	0.7130442066	-101.3218774901
-1.4890673635	-0.2672460930	-101.4552507623
-1.5305655937	-1.0596480415	-100.8466646560
-1.1631475406	-1.8701634557	-101.3028101785
-1.5431386043	-1.2774559883	-102.0129542833
-2.4595336266	-1.0936652556	-101.6573686681
-2.4399615872	-1.7688640824	-100.9199925907
-3.3353903578	-1.9684632541	-100.5220384634
-2.8509263387	-1.2271955198	-100.0574776384
-2.5526182280	-0.5434454319	-100.7234341598
-3.3614546653	-1.0334535093	-101.0485121531
-3.5642068942	-0.3542060190	-100.3431651601
-3.8619212061	-1.1154894786	-99.7671324504
-3.4308346679	-1.3549440232	-98.8971750275
-3.0280507452	-0.4620854081	-99.0985915240
-2.3276506647	-0.4894783389	-98.3853669068
-2.3003164410	0.4006278367	-98.8402996890
-2.0993556155	1.2737102988	-99.2845313414
-2.1293259716	1.5556498608	-100.2434952934
-1.3548281393	0.9327712695	-100.3538373444
-1.3903413033	0.4781195363	-99.4638763246
-0.5361264335	0.3212663945	-99.9595718443
-0.1838188460	1.1869457974	-100.3152100525
-0.2150545122	1.9483090312	-99.6676373852
-1.0651329231	1.4570927898	-99.4777076624
-0.3468264832	0.8850467126	-99.0817289458
0.3989927725	0.3992593366	-99.5375405990
1.1236712267	0.0276449884	-100.1178370011
1.3632610226	-0.8773546331	-99.7663083183
1.0899519620	-0.3097569091	-98.9896906639
1.1112255434	-1.2359989304	-98.6133621470
0.2503294037	-1.7369576172	-98.7022341385
-0.6196377565	-1.4471131607	-99.1011668788
-1.2560442509	-0.6832974830	-99.2087418954
-0.5003352479	-0.0795738703	-98.9549275885
0.2086993614	-0.6809034555	-99.3232652772
0.5047007786	-1.4767699136	-99.8514506063
-0.1313461561	-2.2150005086	-99.6268178272
0.6539652382	-2.6645858430	-100.0524456471
1.0932733555	-2.1995674982	-99.2838324043
1.5115498083	-1.9559984317	-100.1588860705
1.0959547519	-2.2274516958	-101.0269839189
0.9961853413	-1.2517457271	-100.8319353934
1.6103258648	-0.4685559471	-100.9291217399
1.2030807100	0.3371479654	-101.3592293884
1.5487085980	0.8671066667	-100.5848359884
1.5399611065	0.9712779448	-99.5903150855
0.8255713641	1.5606739937	-99.9674882465
0.5869762761	1.3521389432	-99.0190234255
-0.1742913904	1.8536301510	-98.6079539565
-1.1252477094	2.1624228547	-98.5898115869
-0.8171770191	2.8138904349	-99.2831242448
-1.6402617410	2.3605635541	-99.6252152848
-1.0021526785	2.1793256215	-100.3735264742
-0.0445858386	2.2708714577	-100.6468122349
0.0277194185	2.9553777434	-99.9213998731
0.7371800589	2.4539784942	-99.4261581215
1.4949686395	1.9713148404	-98.9870769622
0.7445256424	2.2699759396	-98.3974695878
0.1004547233	2.1693459920	-97.6391515379
0.7122778553	1.4215765194	-97.8970532070
1.4147992276	0.9027789991	-97.4099055350
1.7582216141	1.5576359625	-98.0831242378
1.3073273561	0.7684365510	-98.5000878539
0.3665251434	0.4412435325	-98.4115670920
-0.4780980017	0.3083474320	-97.8929628410
-0.6081735366	1.2918436272	-97.7672027943
-1.2711272132	1.0662519992	-98.4810661147
-1.3754316110	0.0779895912	-98.3694506792
-1.0034924273	-0.8295362144	-98.1743656827
-0.2458627106	-1.3825273792	-97.8276698737
0.1238682303	-0.5487696562	-98.2377272974
0.0111724114	-0.5288713311	-97.2442970235
0.3414350972	0.4150127255	-97.2412235620
1.0606035046	-0.0599676281	-97.7483630551
1.8732204865	-0.4124359147	-98.2124963847
2.2297784768	0.4208023265	-97.7899086032
