-2.7924035737	-0.8677561203	67.0296148151
-1.9075118270	-1.1940295567	66.6971810002
-1.9073055999	-1.9669439367	67.3316912985
-1.1099330385	-1.9192604339	66.7300906984
-0.8197023506	-2.2795012450	67.6166529951
-0.9543220681	-1.3009252433	67.7724302097
-1.0433015362	-0.7390790816	66.9499877833
-0.2068660445	-1.2843495555	66.8947086866
-0.1335914435	-2.2788759730	66.8202235359
0.8315014613	-2.2893241093	67.0819228321
0.8285883609	-1.3090476912	67.2795326950
0.1415691283	-1.5760534632	67.9553377643
0.3528472082	-1.4477749760	68.9243094887
0.7104032786	-0.8893547624	69.6728550928
0.5823878879	0.0914557685	69.8199018957
0.4402434627	-0.1858353049	68.8696889601
1.4176171798	-0.3238068136	69.0300151270
1.8023811196	0.2292975822	68.2910751849
2.3878283692	0.9565225246	67.9327521448
2.1243856922	0.2473422591	67.2787939604
1.3560411364	-0.3699382135	67.4479431895
0.9302827235	-0.8102459286	68.2384233537
1.4321908654	-1.3792712696	68.8898052527
2.0083081422	-1.0403219864	69.6335809358
1.5469244604	-0.3294878714	70.1644669491
1.6163408132	0.5683830499	69.7297150905
2.2548148860	0.9919247269	69.0870928794
3.0363518041	0.5443712775	68.6524712560
2.5740588653	-0.3031828086	68.9131191217
3.2121828477	-0.9237096703	68.4573294806
2.4846772233	-1.5517721417	68.7335053278
2.0151882331	-0.8321820314	68.2218705350
2.2686053823	-0.8301385594	67.2545155988
1.7573267445	-1.5685744873	66.8148492082
1.6863993373	-1.7555157358	67.7946564712
2.6775444146	-1.7115675771	67.6693568497
3.6683400247	-1.8419104397	67.7058917261
3.5113281821	-0.8896790516	67.4439706219
2.9169250116	-0.1802559037	67.8226573896
3.1601451290	0.1809964724	66.9224681343
3.0672976222	-0.7282021287	66.5165897729
3.2503377392	-1.7048776954	66.6288446301
3.6921547723	-1.4176031452	65.7789793218
3.1069377666	-0.7099549057	65.3830563175
2.2619938256	-1.1152616413	65.0340632134
3.0920291401	-1.6537229887	64.8888022275
3.0807323645	-2.2898416047	65.6603108076
2.4811795828	-1.5442838644	65.9513092918
2.0892762052	-0.6372891305	66.1054919603
1.1610656527	-0.7175342768	66.4687905796
0.3973790863	-0.3824414213	67.0206017851
0.4951376131	0.1156429235	67.8822021889
-0.2751150424	-0.5106827077	67.7620895318
-0.8503880346	0.2286587879	67.4121822051
-0.0095959643	0.5553024400	66.9804732533
0.4631435354	0.3478047337	66.1240492536
0.2445197816	-0.5967670964	65.8791253632
-0.4897519721	-0.1001033657	66.3419105515
-0.8326691398	-0.9378154648	65.9168855462
-0.2965881244	-1.7819777546	65.9142072152
0.6207725523	-1.5766802159	66.2552384594
1.4706345029	-1.4383963711	65.7466991363
1.2643064903	-0.5343999389	65.3722405913
1.9906700983	0.1526290705	65.3919141586
2.8461987090	0.1641544488	65.9095414008
2.3222277172	0.8833173136	66.3658956202
1.5065084550	0.3054423023	66.3401554483
1.1209796812	0.6710446156	67.1873286968
1.2720278656	1.1676131589	68.0420825373
1.0473463991	0.6651998274	68.8770071345
0.6603422565	1.5820072457	68.9754548439
0.1493664098	1.0080756676	68.3355281077
-0.0344233759	0.7315142054	69.2787857990
-0.5293794225	0.2774728201	68.5379316080
-1.2284696760	0.0610186164	69.2194155735
-0.3876941847	-0.3615363867	69.5578588370
-0.4858148667	-0.8642857391	68.6990134374
-0.7307920825	-1.8335784373	68.7204103739
-1.6611708054	-2.0076331144	68.3977644359
-1.4597931566	-2.9583948590	68.1621818655
-2.0725624272	-2.8625775596	68.9466134215
-2.6592166086	-2.7333677289	68.1471500446
-2.7482247756	-1.7635317057	68.3740765402
-2.2533589072	-1.7025616707	69.2409043357
-1.3680717932	-2.0594889888	69.5390144082
-1.0625273351	-2.9661638015	69.2481822088
-0.3765010228	-3.2298196398	68.5700572220
0.1380501218	-2.6313657882	67.9559805923
0.4626785527	-2.5310501880	68.8964874568
-0.2694394057	-2.3644723625	69.5569835756
-0.4894942914	-1.3973564382	69.6845086174
-1.3105612775	-0.8804330675	69.9266640078
-1.4340377136	-1.0972088808	68.9582829792
-2.1890458570	-0.4565552714	68.8185487450
-2.9576101690	-0.6266802930	68.2018102467
-2.1437931247	-1.0798683584	67.8380487921
-1.8907268369	-0.2005343123	67.4346518544
-1.2874951991	-0.4174526548	68.2021530100
-1.5468016981	0.5482841630	68.1915446054
-0.8028916437	1.1717120179	67.9508465775
