-0.6807050702	-1.0116404571	87.5403674063
-0.9137982091	-0.1045770628	87.1897913271
-0.0099866634	-0.4827562897	86.9895285944
0.7946859921	-1.0629882857	87.1153568440
1.1838146233	-0.1567678217	86.9499985089
0.5903828142	0.0537689898	87.7268594611
0.0659710118	0.8828142415	87.9209631244
-0.0106414417	0.5538532570	86.9797324393
-0.4205474557	0.7293121599	86.0846395765
0.4713881844	0.2778501329	86.0594830258
0.6447737309	-0.7068326930	86.0411204331
-0.0060344387	-1.3948604454	86.3621602100
-0.8987695559	-0.9576418509	86.4710817924
-0.4478450669	-0.3322154100	85.8342860071
-0.4071587607	-1.2275524352	85.3907589666
0.4950484573	-1.6572012757	85.3530229133
1.2018134614	-1.6053792141	86.0585707167
1.3825183245	-0.9136531661	85.3593848853
1.3621402418	0.0651363526	85.5632373122
1.3590608021	0.8706724439	84.9706986024
0.6391395839	1.2609606858	85.5446224022
0.1797595417	2.1217768620	85.3256121569
-0.5884516563	1.4816375778	85.3341708965
-1.5448502010	1.2034643704	85.2451681411
-2.4375880860	0.9799082386	84.8539626651
-2.7784116365	0.3245265131	84.1799344006
-2.2757384961	-0.4642915057	83.8262596247
-2.1727791815	0.3751012951	83.2925751622
-1.2270288032	0.0502840255	83.2996436417
-0.4042253772	0.4306047647	82.8773278151
-0.9922882155	1.1643408604	83.2176415530
-1.8425391785	1.3117927624	82.7123384396
-1.2448583270	0.6153040948	82.3152475989
-0.5293655619	1.3138262352	82.3035462091
0.4223723155	1.2408866257	82.6016650213
1.2437899781	1.2152917222	83.1714175328
0.9398144270	0.7777575017	84.0176814811
0.3783061519	1.3986633256	84.5646590079
1.1513476675	1.8883832350	84.1614453853
0.3359119646	2.4661340327	84.1970632191
-0.5344943490	2.0031586739	84.3645346086
-0.9189293162	1.0807640856	84.4019241721
-1.8006833088	1.1761082408	83.9399508086
-1.6258591890	1.9522130352	84.5458368337
-1.3899854364	2.0888591340	83.5837082475
-0.5017875006	2.4275931483	83.2732832251
0.4763893815	2.2694136890	83.1385640880
0.0125005485	1.4918177574	83.5630069200
-0.1817683906	0.5984313298	83.9681245206
-0.6358466038	-0.2733841359	84.1518383469
-1.1996348212	-0.8402135020	84.7525440284
-1.4336237989	-0.5326280097	85.6748456728
-2.0912587773	-1.1895611137	85.3061247321
-2.4105960495	-0.2867539072	85.0180920005
-1.6924577421	0.1499306893	84.4762581379
-1.0003501090	0.2997790481	85.1823264728
-0.0319000324	0.5271425627	85.0802956869
0.3889106782	-0.3799353486	85.0689815976
0.0146270928	-1.1157905192	84.5046864926
-0.7045644557	-1.7951478476	84.3589568220
-0.3078247754	-1.7042589447	83.4455364186
-0.0709443346	-2.3443336756	82.7146520258
-1.0128054906	-2.5843855218	82.9497534379
-1.6881673909	-2.0682439879	83.4765211483
-2.2933956794	-1.5281688186	82.8916984997
-1.9029641948	-0.6158931955	82.7679388805
-0.9200911120	-0.5397082746	82.6001403075
-0.1483164900	-0.6031221882	83.2328666373
0.2555347758	-0.4780426467	82.3266330783
0.4772083619	-0.2285955296	81.3839576533
0.0632958837	0.5752507932	81.8111666767
-0.5268211738	-0.2161093450	81.6514450751
-0.2712152875	-1.1368781114	81.3567409698
-0.3116530065	-1.3726549342	82.3277065103
-1.2491890199	-1.5411531883	82.6320657749
-1.2382484833	-1.1344715784	81.7185613289
-1.7616658227	-1.9847466424	81.6631843993
-0.7936303430	-2.1385061412	81.8613392042
0.1784146637	-2.0897663530	81.6316591269
0.7523593917	-1.2708903358	81.6370921505
0.6744984824	-1.6858853514	82.5435781216
0.7154263303	-1.2833572801	83.4580703649
1.3019836997	-0.8410537227	82.7796029629
1.5070000467	-0.0555052686	83.3634539060
0.5822192025	0.2733524831	83.1720564939
0.5759150443	-0.2568126738	84.0199274534
1.4557883758	-0.1884181410	84.4901881347
1.7195762053	-0.9436562714	83.8901620124
1.0589084497	-1.3683743271	84.5091391444
1.3759650830	-2.2506327823	84.8571263704
0.6170615405	-2.8138003005	85.1840938911
0.3185783592	-2.2132844590	84.4422795514
0.7088995330	-2.4383604305	83.5495364818
-0.2039017768	-2.7738062490	83.7824954301
-0.6629435977	-3.0826344520	84.6155054827
-0.3702457475	-2.3590171236	85.2405702238
-1.2300774312	-1.8914013430	85.4455701202
-1.5833257151	-2.2490605831	84.5811075601
-1.9493241050	-1.3931085795	84.2158797598
-1.2626260237	-0.9270025466	83.6580348789
