1.9599167627	-1.2851951049	173.5275410871
1.2011391483	-1.3460114396	174.1760454474
0.5977716584	-0.8170910030	173.5792281858
-0.3415131009	-0.7390061917	173.9133642406
-1.0374039467	-1.1216024448	173.3056175518
-1.1581239031	-0.8012099151	172.3660563143
-0.4548342481	-0.2778037871	171.8849849201
0.1206427298	0.5165745995	171.6905904066
-0.5638122743	1.2374903047	171.7992269264
0.2763152385	1.6330823650	172.1702965750
1.0239784074	1.0684077925	171.8208077868
1.3971930881	0.1469828898	171.9289139884
1.0700480971	0.3831304550	171.0139219216
1.3219687849	-0.5837360627	171.0552148274
0.5471427412	-0.4439815978	171.6717481125
0.0915278699	-1.3027878453	171.9059849974
-0.3275410246	-1.1377938514	171.0131478097
-1.2167001399	-0.7284004767	171.2175814968
-1.2688396618	0.2385090635	171.4673161787
-0.5084016567	0.1417159210	170.8251595561
0.3242481457	-0.3800396147	170.6395107813
1.0894212679	-0.2278134847	170.0139412022
1.4169725449	0.7144673203	169.9445362634
0.4488267137	0.6357645451	170.1822325460
-0.0288996431	1.1480996366	170.8958783139
0.8415757676	1.5112755542	170.5636497596
1.7265906185	1.3345823739	170.9943796444
2.3305358966	0.7484282196	170.4543116778
2.1549632731	0.1321458861	171.2220162690
2.5150607049	0.0969171813	172.1542655801
3.2224368082	-0.3635836540	172.6905099546
2.6253042721	-1.1644469851	172.6452257492
2.1855690450	-0.8617121111	171.7996581729
1.7931792060	-0.5673018485	172.6710666945
1.1768533914	-1.1388640807	172.1293480361
1.0095383615	-1.6440389438	172.9759908407
0.3575367100	-1.9349171170	173.6761934790
-0.1730377985	-1.6432402967	172.8803195420
-0.1766313535	-0.6464331975	172.8005530493
0.7075410648	-0.1967456413	172.6739819766
0.5016567366	0.7796554652	172.7391933466
-0.4478600642	0.4785823523	172.6510297167
-1.0284842610	-0.0165454472	173.2973454322
-0.4644351596	0.3339746537	174.0449979384
0.4661925815	0.2524641200	173.6882234432
1.3954291375	-0.0887175849	173.5463979616
1.8111011250	-0.5388129766	174.3367339263
2.7616451449	-0.2322799885	174.3867698470
2.4303840528	-0.2101127853	173.4434911480
2.8935857669	0.6186238683	173.1294215203
2.8650310314	1.3959751787	172.5010032143
3.4004902620	0.6670305702	172.0744786897
2.8815982171	1.0516918957	171.3110740065
2.0840561092	1.0255351791	171.9137699600
1.8415036157	0.5591676089	172.7644576685
1.2832817919	0.9224768975	173.5103764015
1.3500785797	1.8440594564	173.8927685773
0.6131915347	1.7878221567	173.2190959201
1.4390953407	1.5755602634	172.6967667213
1.9391431879	2.3561939184	173.0716843751
2.2338362554	1.4628404350	173.4109122476
2.1561253018	0.6574890904	173.9985943211
2.7110207462	1.0115375058	174.7514161894
2.3141201274	1.8708000456	174.4287123213
1.5935460077	1.3327078665	174.8660105545
0.7921401062	1.0929061339	175.4139555426
1.0526310150	0.1442634503	175.5934591505
0.8334878852	-0.8313298749	175.6073858325
1.8170628204	-0.6899613218	175.4951571419
2.0036798336	0.1985126868	175.0758863148
1.2378778929	0.3981939775	174.4645968827
0.6701836904	-0.4181352495	174.5710388184
0.2548105917	0.4601964620	174.8076790377
0.5011680566	1.2467391275	174.2414117555
-0.1735397287	1.1752799075	173.5067941786
-0.5795117763	1.3602859938	174.4017575547
-1.2013324390	1.0832755539	173.6692247707
-0.9744896497	1.5407497411	172.8094226324
-0.8039347435	2.0988343605	173.6214894902
0.0724017863	2.2163618641	174.0886314090
0.7837246041	2.7298687167	173.6087037464
1.5789900424	3.2768681038	173.3472758345
0.7373463935	3.7786072848	173.5470100641
-0.1083174124	4.1379221627	173.1523639620
-0.9842627735	3.8045884553	173.5010878699
-0.2857798132	3.0890560904	173.5127063432
-0.0652940548	2.4180884433	172.8047597019
0.0533135520	2.7238918057	171.8600816937
0.8697150355	3.2025658711	171.5370340861
0.8894390623	4.0868971251	172.0034772186
-0.0032120798	3.7671844818	171.6857387033
-0.2206666684	3.1405172208	170.9374061263
0.1460166887	2.2107839158	170.9711596053
1.0259976257	2.0950785680	171.4318610521
1.8774251309	2.1562366816	171.9527553681
1.6832781651	3.0964076870	172.2327293602
0.9640638444	2.4729589607	172.5393927692
0.4113325656	3.3001541345	172.6405672619
-0.5716687747	3.3423252664	172.4618776972
-0.9363057563	2.4374746981	172.2421384866
