0.3399429250	-0.6304150814	-214.9147579535
-0.5750140158	-0.6907313867	-214.5157394830
-0.5715813144	-1.4692640718	-213.8881448091
-0.7151674805	-1.4402566002	-212.8989322033
-1.1853343118	-1.1440685132	-212.0675383328
-1.3978347695	-0.2358649120	-212.4281070145
-1.7431564918	0.4553687261	-211.7933244016
-1.8258374651	0.6714198083	-212.7661994124
-1.7559222464	1.6678764872	-212.7194452763
-1.4546229909	2.0489234745	-213.5935287689
-0.9909603493	1.2346349312	-213.2443137591
-1.3304888741	1.0033388450	-214.1560278050
-2.1982314340	1.1957985144	-213.6977897385
-2.8334283576	0.6265124845	-213.1758335294
-2.4819883952	-0.2310365538	-212.8002012626
-2.2197207621	-0.5949911039	-211.9064715641
-2.1830867703	-1.2755976277	-212.6382042410
-1.5945552020	-0.9160230762	-213.3623152373
-1.3727040562	0.0383920097	-213.5619997712
-0.5817247349	-0.5217806131	-213.3159137175
-0.6105919079	0.3515801903	-212.8296960774
-0.3206728215	-0.4227675963	-212.2672617002
0.2061664748	-1.2639248158	-212.3893063149
0.3060151478	-1.1418307376	-213.3767896204
0.4688338996	-0.2752648913	-212.9050336580
1.2920324795	-0.8254150615	-213.0453151185
1.4158963076	-0.1207440573	-212.3466760643
0.5776597038	-0.1424725213	-211.8018024369
-0.0861081834	0.5970577561	-211.9136378551
-0.8288210678	0.1019149681	-211.4628483355
-0.7366328976	1.0543996009	-211.1725478609
-0.9937179603	1.2355329911	-212.1218096612
-1.7278003048	1.5498779156	-211.5198874238
-2.5110177447	1.3059461425	-212.0917857817
-2.3474388114	2.2921473997	-212.1172615141
-1.9214005024	2.7213779676	-212.9136612120
-1.1923411292	3.2202855181	-212.4450849788
-0.8171617982	3.8800774630	-213.0961725758
0.0873111529	4.3006956569	-213.0253981761
-0.3022448417	3.9871412634	-212.1594133209
0.6375567256	3.6776353747	-212.0145716176
0.7622027433	3.4876877868	-211.0407218940
-0.1338188953	3.1397998325	-210.7648248221
-0.5541758231	2.2328848049	-210.7364490241
0.4235652732	2.2505928059	-210.5273825869
1.2920539017	2.0879154005	-210.9956384614
0.6460770666	2.5425268588	-211.6088613821
-0.2283894957	2.9550463890	-211.8640786790
-1.0851477348	2.4739197704	-211.6783840463
-0.2878837011	1.8707389283	-211.7016849539
0.3799164058	1.3114210757	-211.2105571121
0.8937372792	1.5740938374	-212.0272523614
1.2772010906	0.7266648475	-211.6600744584
0.7657720620	0.6380521130	-212.5148189418
1.6656799623	1.0283318271	-212.7093633216
1.7757856684	1.1574851939	-213.6948561635
2.4471215632	1.6532230032	-213.1439005022
2.4225051944	2.0798034176	-214.0480150881
2.0927228318	2.6366420112	-213.2856671532
1.6134034664	2.1224770567	-212.5744095730
2.2748763035	2.6594466973	-212.0508474554
1.5769604009	3.2420996516	-211.6343994662
1.5027065688	3.2607548666	-212.6314643344
1.8711339948	3.7305462324	-213.4336845687
0.8727689950	3.7166059335	-213.4891191708
1.1702818390	3.9537462149	-214.4139167674
1.6616473625	3.3321043343	-215.0239342217
1.5359062878	2.9778187729	-214.0972892395
1.3333764643	1.9985841737	-214.0882742337
0.3698890778	1.9694251662	-214.3544354784
0.0950279216	2.4248600511	-215.2012119604
0.6539250302	3.1880941411	-215.5254152083
-0.2052322196	3.4484481652	-215.0848875676
-0.9567657320	3.1205270799	-214.5124671437
-0.7114750733	2.1529545247	-214.4521691908
-0.4375918596	1.4512953654	-215.1099399787
-0.2943467131	1.2219802684	-214.1471859009
-0.1760465814	1.9700447227	-213.4941892309
-0.7452991133	2.1532957257	-212.6927089598
-0.8404860916	2.8376770365	-213.4155932249
-0.0105717908	3.1948432717	-212.9870205545
-0.1724767591	3.5292764023	-213.9154284726
0.5553287985	3.0459640740	-214.4019552074
0.7236618000	2.6363142657	-213.5053778068
0.4074593966	2.3765544077	-212.5929410385
0.8201371039	1.6240584599	-213.1062118815
-0.0201387485	1.3822155778	-212.6209815113
0.1927833642	0.7365641854	-213.3543289415
0.7353539345	0.9386760802	-214.1696619766
0.1216380262	0.5065246139	-214.8304175245
-0.4381650301	0.2439350103	-214.0444994382
0.4924801658	-0.1142393043	-213.9695949674
1.2421836599	0.2154267255	-213.3957788123
1.5110650087	0.1626373508	-214.3575043980
1.1558265756	0.2419071510	-215.2889129842
2.1324445051	0.4469475426	-215.2242921084
2.4395601565	1.0626873509	-214.4986582716
1.5055592091	1.2037487492	-214.8269019496
0.6837903971	1.5087934413	-215.3081957845
1.1678511259	2.3373437322	-215.0267892702
