-0.1384076848	-1.6697865271	-74.9367830870
0.2691462592	-1.3036668108	-74.1002090400
-0.2328929656	-1.5692357845	-73.2771478412
0.3215206557	-1.4586822809	-72.4522821191
1.1210260977	-1.1012083173	-71.9695778479
2.1165419816	-1.1947443308	-71.9836895150
2.6786039791	-0.3769575143	-71.8599517533
3.2895452435	-0.2118023080	-72.6342091584
2.6873764744	-0.9589871698	-72.9154698131
1.8733901003	-1.5206012860	-73.0638469245
1.6281109473	-0.6149579263	-72.7179448541
1.7012557031	0.0699434492	-71.9929897172
2.3356921873	0.7885437169	-71.7082020720
2.7438429828	0.7870392550	-72.6211153564
3.0402501656	0.4484226535	-73.5141335976
2.6518306700	1.3649822891	-73.6092584091
2.1780965623	0.6331265508	-74.0991187704
2.0476659606	0.2050253015	-73.2048496955
1.1642548115	0.4010692746	-72.7792307318
1.2524347057	0.9018950505	-73.6402753581
1.8438366260	1.2086774836	-72.8945352510
1.3702086381	1.1745718607	-72.0144708581
1.0374274011	2.0565932705	-72.3480797323
2.0338631654	2.0115504568	-72.2767571378
1.9780637768	2.7008643167	-72.9990678956
1.8764180452	2.7545345655	-73.9924397543
1.5447618200	1.9122010245	-73.5676123140
0.9041849176	2.2793248838	-74.2420612031
0.1848985508	2.8088548520	-74.6917556943
-0.0819200982	2.2205968932	-73.9283682550
-0.8567131787	2.2068480760	-73.2963028688
-0.0386320699	2.4002216962	-72.7546849753
0.8015716851	2.6126281551	-73.2536249980
0.5922643160	1.6347833908	-73.2567939359
0.2762116262	1.2846813718	-72.3750120617
0.4661831526	0.4320883967	-71.8881896732
0.2721320519	-0.5169820822	-71.6399772714
-0.4397456876	-0.5566535714	-72.3411593140
-0.3821960585	0.3804191390	-72.6855178129
-0.3946466491	1.2104493543	-73.2430972462
0.2493216477	0.4765515969	-73.4591965623
0.3157298174	1.1525278653	-74.1931216536
-0.6516578220	1.3820111603	-74.3003530501
-0.4792111026	0.4876510987	-74.7131268492
-0.7755439843	0.2427897652	-73.7899639434
-1.3863890925	-0.1425535663	-74.4816132554
-1.6361601008	0.8214600817	-74.5726743878
-1.1499928531	1.2628623473	-75.3268663045
-0.6616686936	0.4978771992	-75.7467915818
0.3129063968	0.3896603206	-75.9429866389
0.0619643530	-0.5433635495	-75.6851212702
-0.2563521075	-0.5544985426	-74.7372021581
-0.8016312163	-1.0867307595	-74.0895915029
-1.1215029047	-0.6294494015	-73.2597867894
-0.1402265145	-0.5072681729	-73.4086773307
0.5668545301	-0.4021179713	-72.7094064023
0.8752672775	-1.1651059994	-73.2775004493
1.0590264287	-0.2540194756	-73.6464908564
0.5314934356	0.0526566552	-74.4387399915
0.8014977877	-0.7855909547	-74.9124894973
1.3357568870	-1.3141785962	-74.2528211562
2.0201016821	-0.7558769494	-73.7838099916
1.6355810676	-0.2532346461	-74.5580803655
1.2132634390	0.1445282615	-75.3725940179
1.2755820794	0.8754199928	-74.6929517119
1.8584595172	1.6745181234	-74.5456558523
2.1041331337	1.1131768949	-75.3359346002
1.7876781772	2.0113194760	-75.6412150689
1.2663887985	2.7324371429	-75.1848745226
0.7313908864	2.3465407921	-75.9364470344
0.4780361098	1.5872025974	-76.5357940651
1.1130976720	1.1640169277	-75.8895660085
0.8758182483	1.7396921731	-75.1070722469
0.1096798317	1.1096426094	-75.2338376757
-0.3234268710	1.9891288444	-75.0365496968
-1.2885192203	2.1607560557	-74.8387092114
-1.1825879039	2.3057324713	-75.8224573474
-0.4544257528	1.6586202977	-76.0483460734
-0.3545061237	0.8633705353	-76.6463376145
-0.5036289864	-0.1240481367	-76.5937378246
-0.9515227343	-0.5034187503	-75.7841273453
-1.7535259741	-0.0045083979	-75.4556775569
-2.0259972172	0.8423680769	-75.9123608805
-1.4857989737	0.4187470118	-76.6394998293
-1.3487229397	1.4045023470	-76.5420494315
-0.6801786477	1.5872411027	-77.2629204857
-1.3247444427	2.3093592992	-77.0117626742
-0.8756286871	3.1182011958	-76.6321973644
-0.2036668172	2.3961391531	-76.7967988585
0.2163230799	3.2834127011	-76.6061312492
-0.2369237543	3.9058403919	-75.9680473386
0.5200145130	3.3854084595	-75.5728321272
-0.2752437519	2.7933338758	-75.7032621067
-1.0010582659	3.2174547448	-75.1616766751
-0.7550941391	2.9974701916	-74.2176912702
-0.0066287215	3.2540273649	-73.6061539162
0.8739251518	3.3394759927	-74.0723335041
1.1589427512	3.9591803597	-74.8035868566
0.4528794610	4.4435401289	-75.3201817116
-0.1081750077	3.8004124333	-74.7990246814
