0.4796519628	1.7265058421	-254.0455671559
0.7600947925	0.8291287076	-253.7048824074
0.7893920484	1.5494853657	-253.0118975908
0.9611138994	2.4426453637	-253.4275619070
1.5575719513	1.7588805499	-253.8479230277
1.2577984782	2.0822680577	-254.7454509574
0.9241878006	1.1413824869	-254.8040876221
0.2474843940	0.6513922768	-255.3536165963
0.5807321617	0.1028719545	-254.5867584729
-0.2636284110	0.4419803169	-254.1719564215
-0.4224615244	-0.2743242095	-254.8514267060
-1.2976006053	0.1491546204	-254.6173385397
-1.8642575167	-0.6715541681	-254.5442835655
-2.1041109499	-1.3490256172	-253.8489399338
-1.2487615439	-0.8657521744	-253.6623275734
-0.5291294816	-0.2252905424	-253.3941138660
0.4638124351	-0.2545724071	-253.5090439427
1.4368058024	-0.2896749121	-253.7371924060
1.5718986319	0.4175095767	-254.4311953067
1.8910873029	0.7323110562	-253.5373168917
1.8051941303	1.2643666268	-252.6949753739
2.1217849713	0.3268810482	-252.5504380804
1.5964320575	-0.5202225245	-252.4703140939
1.1247348662	0.2809042679	-252.8386856756
0.5182608889	0.0699060228	-252.0720899181
1.3470020924	0.4862566548	-251.6981378238
0.7468491601	1.2111141517	-252.0363656567
1.1045869611	2.1298787124	-252.2033846607
0.2572555883	2.5095312474	-252.5747247977
-0.2262883442	2.2682985703	-253.4161474388
-0.4393144590	1.3115135650	-253.6140927037
-0.2005167537	1.4729434350	-252.6565353670
0.0713447161	0.5323166250	-252.8597902455
-0.9195611919	0.6516155427	-252.7975548078
-1.4572863950	0.3341083562	-253.5786058896
-2.2708556818	-0.2346638769	-253.6994494352
-2.2122524481	0.0521757193	-252.7432649828
-2.1519966043	0.9911673950	-253.0818855172
-1.5933056838	1.3996868381	-253.8036724110
-1.3344321993	1.6835165303	-252.8804036392
-0.7580221847	2.3132012837	-252.3595883108
-0.0901783762	1.9600173620	-251.7044198097
0.1304365984	1.3315182399	-250.9585526054
0.4051920808	0.3700065764	-250.9563741062
0.4740114224	-0.4817699826	-250.4370085397
-0.4876863415	-0.6557013675	-250.2251470658
-0.4752232123	0.3429268191	-250.1742902537
-0.6342322563	0.1234691609	-251.1368672430
-0.2853109284	0.8083687286	-251.7765284730
-1.0912497397	1.3890238063	-251.8918641276
-1.4215680760	0.4457978009	-251.9267137968
-1.9223750479	-0.3770633333	-251.6582143913
-2.0985290433	-1.1165060150	-252.3079791875
-1.3612231673	-0.4857054337	-252.5497862838
-0.4726976295	-0.1970391789	-252.1931433783
0.0733759837	-0.6119783745	-251.4653871877
-0.2819248555	-1.3995906723	-250.9619706782
-0.9405543328	-0.8878220935	-251.5136047357
-0.2899187352	-1.4138982305	-252.0612517180
0.6668890436	-1.4380725739	-251.7715372456
0.8362964661	-1.4696353364	-250.7864966794
0.7049341899	-2.4587863496	-250.8522555224
0.6190509281	-3.2294266925	-251.4837121933
1.3717557088	-2.5893828478	-251.6379178675
1.4125608300	-2.1902951774	-252.5539222198
1.3205166537	-3.1642560638	-252.7611131011
1.4268310333	-3.7610343049	-251.9657811053
0.5118728473	-3.8925125934	-252.3473108911
0.4986070661	-3.8417391770	-253.3459329814
1.0208346759	-3.3109111984	-254.0133908309
1.0349184919	-2.4220841284	-253.5553645372
1.4287734781	-1.7041485514	-254.1293390637
0.8287883695	-0.9236752904	-254.3050642991
-0.1520996046	-0.8636934784	-254.1199671231
0.3063323884	-1.6788504278	-253.7659060328
-0.0638124429	-1.7197756622	-254.6939781900
0.6932683209	-2.3671184826	-254.6057966162
0.0617120695	-2.6710357049	-255.3190784843
-0.1891750211	-3.2618549753	-254.5522745605
0.0429573779	-2.7301883541	-253.7377531346
-0.4119433582	-3.4026281016	-253.1538951842
-1.0162339893	-3.0089098295	-253.8465846929
-0.9567583360	-2.4595228155	-254.6800332849
-0.6941008712	-1.9793437153	-255.5169556755
-0.2484285181	-1.0842549689	-255.5308225354
-1.2214193044	-0.8611406074	-255.4715864696
-1.1317131965	-1.4044781027	-254.6368786283
-0.7481632555	-1.8388303367	-253.8218770458
-1.6073205943	-2.1822301625	-253.4425022616
-1.2303102768	-1.5359667122	-252.7790214606
-0.3567737187	-1.1539734086	-253.0807083806
0.4503024513	-0.7997006490	-252.6083537811
1.1462417790	-1.2777543975	-253.1442017687
0.4271082125	-1.8556231800	-252.7583072448
0.3715773143	-2.8473685724	-252.6427330434
-0.4402507899	-3.1494946415	-252.1430781950
-0.0660714273	-2.3330072897	-251.7033757855
-1.0166409177	-2.2547656831	-252.0038685390
-0.5729923030	-2.3347141175	-252.8964962075
-1.3377634542	-2.9542415592	-252.7195475279
