-0.1158171927	0.7585389895	-209.8794143705
0.0029476573	0.5020885852	-208.9201812911
-0.5640393763	-0.1961268929	-208.4831219702
-0.9477694644	-0.9981471573	-208.0253941964
-0.8936036094	-1.1315861158	-209.0149699159
0.0745809405	-1.3185794038	-209.1812593851
0.5197954736	-0.4244416659	-209.2292356833
-0.3981833348	-0.3753487709	-209.6228151481
-1.2431075235	-0.8138169720	-209.9291625846
-1.5458319916	-1.7014075200	-210.2763526124
-1.8475670311	-1.6791204468	-209.3232213243
-2.6755641373	-1.3111924923	-208.9000785441
-1.8457313638	-0.8301421304	-208.6172921984
-1.4441892717	-0.0789735808	-209.1412289868
-1.5883486616	0.0749726012	-208.1637226474
-2.3458553775	0.4812968920	-207.6527587093
-2.7768045336	1.3458887616	-207.9111454810
-3.2758949327	0.5723070652	-208.3016325262
-3.3114252432	-0.3840781762	-208.0116931066
-3.3261056062	0.1334939997	-207.1561795009
-2.8566572048	0.8235116615	-206.6052767645
-2.3329631637	-0.0283173091	-206.5937895525
-1.5291777290	-0.2475715032	-207.1468325647
-2.3706140382	-0.5492204869	-207.5951548015
-3.0231296200	-0.9663624274	-206.9625285161
-2.2093005540	-1.0762590989	-206.3919104540
-1.2685644257	-0.7903479731	-206.2095087951
-0.6478907338	-0.0518769915	-206.4729946153
0.0999992077	-0.5651119029	-206.0519832604
0.2091126011	-1.5232592129	-206.3166490872
0.2558364893	-1.2807898514	-207.2856823616
-0.7063669043	-1.3655004998	-207.0268605396
-1.6797842856	-1.4347438537	-207.2451813118
-1.8816935860	-1.8495818573	-208.1323915829
-1.0932988936	-2.2523285838	-207.6673874074
-0.4389827164	-2.8949137839	-208.0660785169
0.0339706449	-2.3613441575	-207.3649233473
-0.2442222256	-1.8351288588	-208.1684817996
0.4199145686	-2.4056560334	-208.6516184900
-0.2337718432	-2.8386252081	-209.2722889088
-0.9681918484	-2.2610152158	-208.9159267997
-0.5901665020	-1.8894524887	-209.7638878703
0.3572625508	-2.2064127384	-209.8076416130
1.3196049974	-2.1699637997	-210.0770270070
1.1356572468	-1.6372075892	-209.2509918714
0.8864676766	-1.4599737345	-208.2988927595
0.3556628268	-0.6154577974	-208.2279065386
0.5375210549	0.3420395547	-208.0040172680
-0.1033771368	1.1034995080	-207.9069181053
0.0143245271	0.7551226029	-206.9769827041
0.4240388709	0.3997039619	-206.1368566742
1.2153847228	0.6182258570	-206.7078382185
0.8812995190	1.2830894219	-207.3759276712
1.0950118524	1.2118634728	-208.3502242907
1.1833174012	0.4459292982	-208.9870499892
1.4136902638	-0.4452266459	-208.5961926911
1.2198905530	-0.5309416656	-207.6189032726
0.4412645032	-0.2573448501	-207.0542031248
-0.4834677242	-0.2565753181	-207.4348206696
-0.9782129358	0.6117955768	-207.4688671756
-1.6010855590	0.8739075630	-206.7317599908
-1.7751066742	1.4191128962	-207.5518013289
-1.0879972273	1.3322970105	-208.2731497953
-1.0122519076	0.8239527209	-209.1309660517
-1.1767247957	0.3766929925	-210.0101175770
-0.5921289365	-0.0487815617	-210.7009280322
-1.3913456721	0.3573899643	-211.1439599734
-2.0427026883	-0.1371231639	-210.5684681807
-2.3016979845	-0.5171419173	-209.6804889109
-2.5628448932	0.0490981459	-208.8987124192
-2.0475051157	0.8582743146	-208.6164734395
-2.2414907454	1.8367636452	-208.6866746174
-2.8216658373	1.2031183579	-209.1984270112
-2.3201292469	0.5587020970	-209.7756520376
-1.7269070766	1.3591888912	-209.6901631563
-0.8107013689	1.7486881510	-209.7842770656
-1.2257310180	2.1060289814	-208.9475824252
-0.4548629358	2.6813530940	-209.2210135228
-0.2126998962	1.7786098122	-208.8654693915
0.3267499146	1.9567443583	-209.6884286767
0.8341274926	1.1829681743	-210.0676890231
1.0505863102	1.4025897978	-211.0189576091
1.2172750920	0.4213185942	-211.1155064314
0.6263743452	0.3275240607	-211.9167797261
0.3896632273	-0.5616169167	-212.3084379560
1.2169608130	-0.6096969052	-211.7487353391
1.2686519706	-0.7415851411	-210.7588194248
1.3685306370	-0.7329358162	-209.7638573947
0.5587095001	-1.2513228520	-210.0385656168
-0.3327057208	-1.1148294718	-210.4707096452
0.3617312056	-1.4636187203	-211.1000771176
0.3274952137	-0.4644287029	-211.0789298698
0.5574907922	-0.0673750039	-210.1904196594
0.2487861807	0.5737954871	-210.8929877090
-0.6044515171	1.0692152725	-210.7300623664
0.1461883136	1.7280756145	-210.7794880089
0.1359755935	1.2950691266	-211.6808209561
-0.4086783238	0.4565565649	-211.6650477490
-0.5471597983	-0.5324579556	-211.6133451427
-1.2492182715	-0.8928943032	-210.9991794162
