-0.5021485320	0.1360871667	59.0453678943
-0.6334631197	-0.0197750846	58.0663564349
-1.1177061062	-0.7310571728	58.5758527754
-1.3267101021	-1.5162255172	57.9929050928
-0.4471734963	-1.0760568319	57.8121652587
-0.1934890546	-1.3456860699	58.7411132002
0.2655891759	-0.5161655380	58.4230835390
1.1601855849	-0.0787191787	58.3317711752
1.2497579923	-0.3092819201	59.3006971818
0.4809055090	0.3210344915	59.1931468203
0.1505506745	0.6589619729	58.3118575938
-0.4745434129	1.1259306657	58.9373155236
0.4169921834	1.3796884024	59.3125105283
-0.3139994509	1.6592574849	59.9349993705
-1.1986171304	1.6254890491	59.4699066335
-2.1088605524	1.2634124526	59.2690149937
-1.7768620524	1.6040098891	58.3893728037
-1.4114313431	0.6842472454	58.5325408027
-1.1309685044	0.8065768044	57.5805029489
-0.8746399879	1.7075770033	57.9304948534
-0.5256083670	2.2418938380	58.7003535727
-0.2390931554	2.5575421484	57.7957679341
0.7549344539	2.6664781806	57.7892831192
1.6720831379	2.7295647818	57.3957626339
1.1527040023	2.5627366985	56.5576613846
1.5020292149	2.2443560075	55.6764090760
0.5145067749	2.0944516061	55.6281586778
-0.1765818334	1.5816709618	55.1187938319
-0.9456560087	1.1969116176	54.6084163638
-0.4233355120	0.3946883079	54.3192467593
-0.9665039391	0.2849815537	55.1516724244
-1.0477347876	1.0934041248	55.7346428317
-1.2455700159	0.6397092303	56.6035629460
-1.0948926679	-0.2605669431	57.0119734604
-0.3252414526	0.3637402473	57.1456803733
0.4579171028	-0.1855538275	57.4371228145
-0.0161426766	-0.7037238655	56.7252470266
-0.8465161847	-1.2534893743	56.8160089256
-0.5793549649	-1.1561031925	55.8572906071
-1.3110444603	-0.4754488668	55.8206822579
-0.5176494917	0.0536931182	56.1215695849
-0.0325197607	0.5459098884	55.3988166567
0.7270748914	0.2139978731	54.8394863620
0.9676958745	0.8935178185	55.5325622498
0.8551324565	1.4849717984	56.3310055268
1.0007632819	1.7128100300	57.2937523278
1.4316628769	1.9610351142	58.1613408517
2.2779679110	1.4944833943	58.4184347682
1.8602362219	0.7388679120	57.9139097649
0.9226856379	0.6944831892	57.5689041144
1.5010333830	-0.0776788590	57.3056938240
1.7038812792	0.1980315361	56.3661000240
1.9199564108	0.4337426221	55.4186023610
1.8875898498	1.2847212814	55.9428043517
1.6919880772	1.0490037964	56.8947377600
2.1707821729	1.7391459573	57.4373794573
2.3243166982	2.2910743410	56.6177440451
2.8099420862	1.4182436772	56.5694261915
2.7232391565	0.4881032812	56.2126048839
2.5559145100	0.4478825882	57.1976859763
2.4694392577	-0.4515724643	56.7693138959
1.9917784201	-1.3095060786	56.9584964472
1.8984898594	-1.1620388152	57.9431540784
2.1173927051	-0.8145327403	58.8549221805
2.3364120841	-0.1691695365	58.1231183497
2.0705131991	0.4221671028	58.8844453242
2.3483820043	1.0476109575	59.6135604809
1.6693279312	1.7315789632	59.3469646578
1.2225031975	1.0087031660	58.8198989701
1.2633309247	0.8545711011	59.8071053331
0.6944631034	0.2637552805	60.3792295050
0.5136488174	1.2364031950	60.5250452388
0.8823093905	1.9931169756	59.9851622550
1.3231013064	2.8461479427	59.7058046777
1.2535661274	3.1871999124	58.7683355247
0.7153496199	2.3530559821	58.8888630931
0.2355955039	1.7291025273	58.2720016221
0.0647663764	1.3251564620	57.3733109158
0.1016774812	2.1559790916	56.8179989959
-0.4840701924	2.1128432063	56.0086542249
-1.4645224201	2.0625244693	56.1988684565
-1.1804783932	2.4740997208	57.0648504443
-0.8081422481	1.5723546276	56.8452563143
-0.1200386626	1.1639953900	56.2454595248
0.5617054766	0.4782374403	56.5003339315
0.4814910162	-0.2494964640	55.8191812285
-0.2208460549	-0.4817975393	55.1463076527
0.2337551254	-0.5685723924	54.2598495929
0.8859709567	-0.8384624691	54.9682095691
1.5163813716	-0.5062795143	55.6698057445
1.1630075945	-0.6668913787	56.5913971955
0.8915190838	-1.2408903596	57.3639379119
0.8475215859	-1.5996934862	58.2963136605
0.7410824267	-1.2231266798	59.2165680523
0.2471371946	-0.5884005117	59.8108245619
0.0042826132	-0.5059988904	60.7773811433
-0.3519560295	0.4152325993	60.9336711681
-0.2099335447	0.5195780084	59.9493228307
-0.7750133159	-0.3044850026	59.9893853587
-1.2491544297	0.5172913339	59.6733571051
