-1.2742376531	-1.7251808054	151.9635190701
-1.4092871577	-0.7390808926	151.8667275764
-0.6305343303	-0.3027771632	151.4159692269
-0.6547240484	0.6865454207	151.2722483781
-0.5942457948	1.3233118376	152.0409296588
-1.0771205730	0.4543134748	152.1489749920
-0.5258839629	-0.2771265455	152.5503896110
-0.8955665225	-1.1834974509	152.7549051043
-0.2738388359	-1.1915138077	151.9717126492
0.5051024992	-1.2032344207	152.5986999087
0.6615097992	-0.2259787014	152.7419061078
0.3599206625	-0.3812454988	151.8011956241
0.0357662440	0.4920557920	152.1648833590
0.5305705452	1.3303225006	151.9358033978
0.1049844040	1.3825348107	151.0323930198
0.0383514340	0.9307156976	150.1427753849
-0.4170669532	1.5566453461	149.5096828421
-0.8594361558	1.4537151633	150.4005896083
-1.5221782559	0.7420801807	150.1674618314
-2.1840272122	0.0168419041	149.9777636469
-2.6303982078	0.4622477050	149.2016408430
-1.8428978595	1.0780362308	149.2270906572
-1.3526217301	1.9492203298	149.2529282773
-1.8662686388	1.7935146750	148.4091732168
-2.1864589805	0.8600961017	148.2472846374
-2.5654757653	-0.0650074680	148.2702990299
-2.3192228470	-0.7551766181	147.5898388588
-1.7592307652	-0.9058559096	148.4045195444
-1.3366511400	-1.1288212131	149.2829914755
-2.0621993304	-1.7645546002	149.0195092487
-2.2193727714	-2.6784190846	148.6451455035
-1.3219459027	-2.7264666451	148.2066065117
-0.5506619187	-3.1819535858	148.6511879584
-0.2263343477	-2.2541518398	148.4668091448
0.3979701392	-1.4968228175	148.2752454227
1.2560511739	-1.2293988890	148.7136303908
1.4859232797	-1.7055870516	149.5623963473
0.5817459444	-2.0064249310	149.2591474120
-0.1510867994	-2.2093353106	149.9085960609
-0.6630924694	-3.0683172041	149.9091443573
-1.4596819805	-3.2027955931	149.3197712041
-1.1344634862	-2.2595545532	149.2524713401
-1.3034360863	-1.8866506733	150.1648259623
-1.1351996116	-1.3303668977	150.9786102394
-0.3028229468	-1.8817913433	150.9231109725
-0.4014637660	-1.1427662531	150.2566937572
-1.2521709726	-0.6340287149	150.1244690777
-0.5432923375	0.0365288897	150.3432008305
-0.4307978541	-0.3637075741	149.4337197893
-0.2712713321	-1.3168370596	149.1766293913
0.6103257060	-0.9724791835	149.4994363237
0.5869685591	-0.0304690120	149.8342068129
0.9969760863	0.6910892524	149.2763112145
0.0379890729	0.5293358810	149.0435457638
-0.8916118135	0.5772073526	149.4089914015
-1.6978359876	0.0918542261	149.0707090877
-2.4008614122	-0.5982909634	149.2423332985
-2.1916231316	-1.2191611761	149.9978063430
-2.0240199862	-0.8677260623	150.9188940405
-1.5463404695	0.0086308934	150.9807063827
-1.7651726130	0.9372624370	151.2802993552
-2.1683628680	0.1994995925	151.8217267312
-2.7310223325	-0.0328828396	151.0283713680
-3.0443584204	-0.5995555179	150.2663329362
-3.2492602666	-1.2092381534	149.5006291309
-2.9128089561	-1.2996418881	148.5632777131
-2.7590561342	-1.9505893665	147.8198885485
-1.7838926315	-1.7314724196	147.7875790051
-0.9798499713	-1.5739044920	148.3608919640
-0.7430547540	-0.6118914783	148.4967558168
0.2350929652	-0.4712527904	148.6498825579
0.5796345043	0.3795158202	148.2530401468
-0.3948371469	0.3539013477	148.0299955329
-0.4121075180	0.3429969729	147.0302041402
0.3495385803	0.9337237510	147.2965443261
-0.4943953020	1.4485224309	147.4474016144
-0.2364011562	1.3763042975	148.4108452100
-1.1513573352	0.9729235118	148.3990497780
-1.4554125870	1.0158621100	147.4473635478
-1.6946118575	0.1120685081	147.0924821110
-1.4513708263	-0.0060285411	148.0552317606
-1.1693057386	-0.8203196979	147.5479160816
-0.5263950032	-1.5641904037	147.3653724993
-0.0831769138	-0.7142632988	147.6502964218
0.6266275718	-0.0990649160	147.3072096368
1.3042884190	-0.3846731299	147.9848553587
1.6396698582	0.4473345849	148.4267631011
1.4709504537	-0.2665183363	149.1064304973
1.6786031380	0.2122716945	149.9594489433
1.0660474872	0.7483704281	150.5402877527
0.3442979189	0.3872796823	151.1307884165
0.1893775996	-0.5481382982	150.8129946210
0.5895164226	-1.3099555506	151.3224290096
0.4039553587	-2.0814945075	151.9309474805
0.5951664611	-2.5043747959	151.0451650151
0.6622722445	-1.7771184397	150.3620874161
1.0809222004	-0.8700072075	150.4054628320
1.8641090431	-0.8013304784	151.0234449322
1.2838491751	-0.0349555399	151.2990677526
1.2792839742	-0.7651724781	151.9822678566
