1.4351136741	2.7377015160	36.1390986465
0.7638635545	2.1975525577	36.6467031970
0.8229319583	1.4701304853	35.9630599770
1.7117699360	1.6603644376	36.3799269736
1.8205819125	1.6733386573	35.3859492961
1.2817931711	1.8796116295	34.5691517979
0.5630198569	1.3893293134	34.0762134920
0.3517443732	1.6465349427	35.0191917178
0.5759968475	2.4409424490	35.5836627460
-0.2208966606	2.4460908384	36.1877606112
-0.2246499231	1.4852927836	35.9105368551
-0.1694523045	0.5375026725	35.5964554511
0.2031773710	0.5164631880	34.6687138572
0.9975786072	0.7357548040	35.2351393714
1.1620300929	-0.1401811374	34.7816066433
0.5820108843	-0.2495899552	35.5888286872
-0.3163582730	-0.4017908322	35.1767998650
0.2056749925	-0.5330300080	34.3340320747
-0.5903777962	-0.0523864572	33.9662254208
-0.9259906319	0.6715053886	34.5690061605
-0.5727833842	1.5774205627	34.3354203360
-1.0238649926	1.7922611088	35.2016587110
-1.3794461239	0.9882135618	35.6781769177
-1.2546044703	0.0008050973	35.5810219606
-1.4021030697	-0.7990449890	34.9992281805
-1.0920902698	-0.9498375271	35.9379260415
-0.4849603561	-0.2304032753	36.2752798993
-0.0420938667	-1.0870577880	36.0106814893
-0.0181010959	-1.4539592364	35.0807311283
-0.6847695665	-1.9778674284	35.6108946471
-0.2106797456	-2.3521640596	36.4078519066
-0.9278976134	-1.7472857173	36.7538587289
-1.1429449770	-1.4238993300	37.6753661223
-0.2325909441	-1.3506973493	38.0826706825
-0.6343032215	-2.2488963408	38.2611806758
0.1857326728	-2.2840640805	38.8324112442
-0.4993537611	-1.6558469023	39.2011926907
-1.1108341185	-1.0508185868	38.6912588617
-0.4401796840	-0.3107380919	38.6412239676
0.3076861830	-0.4333578754	37.9887969343
0.3985643018	0.4667770078	37.5627706916
-0.2073089210	1.2052166954	37.8587849916
-1.1747958057	1.4139023083	38.0016816081
-1.6306119596	0.9968848713	37.2153432006
-1.0321948371	1.7412207761	36.9189296242
-0.0365847609	1.6500707408	36.8976635203
-0.3249160581	2.3196645729	37.5821408121
0.6069410392	1.9925972274	37.7392054536
0.8493275911	1.1829542241	38.2737397993
0.2049602876	0.4839284158	38.5838263963
0.4874606503	-0.2927847964	39.1467741123
0.3945191949	-1.2510001766	38.8762465332
1.2165647041	-1.7533976607	39.1442725557
1.3792114537	-0.8529473223	39.5476770957
1.7615364632	-0.0161930386	39.1556696264
1.2191588724	0.1358780230	38.3294124381
1.3514014824	-0.8443472497	38.4766208171
0.9333694446	-1.6324027752	38.0247162873
0.3419116764	-2.2340382933	37.4878621062
0.1216667381	-1.3648696859	37.0451002074
-0.4926893519	-0.6076619683	37.2669178511
-0.6928831256	0.2739497590	37.6943324220
-0.7347916338	0.6459245238	36.7670361094
-1.6039178611	0.1799612951	36.6012112903
-1.7922280644	-0.6659822862	37.1001288433
-1.4436846711	-0.3624192438	37.9869021978
-1.4876709115	-0.0222026168	38.9262199595
-0.8517091176	0.6986591849	38.6507007049
-0.4184856742	0.3316921194	39.4738972920
-0.7061116436	-0.5816397117	39.7621615249
0.1431514685	-0.4982520793	40.2835046644
0.4067096673	0.4578998769	40.1557920478
0.8304058311	0.9733868781	39.4109734710
1.6330550287	0.7895564002	39.9783892101
2.3424986331	1.1679441367	39.3838200441
1.6148973072	1.5953652669	38.8472499294
1.9637833334	0.9299667589	38.1873079878
1.6634516282	0.4579381918	37.3584594499
2.0775081747	-0.3868701839	37.6973635434
1.2010239174	-0.7526475255	37.3843423250
0.5676824451	-0.2583719858	36.7888842910
0.2695989786	0.6621764941	36.5364229214
0.9863844016	1.2098360386	36.9680334876
1.6791977602	1.6956080452	37.5009830233
2.4704980930	1.1618801404	37.2026907053
2.3647534391	0.8647686048	36.2537213677
2.5976134778	0.1158215402	36.8740877890
2.5343435118	-0.4805794663	36.0738985921
1.6759781073	-0.3896698638	36.5788186614
1.2841422504	0.4761534504	36.2676681353
1.8818390759	0.1679407827	35.5275577001
1.5780443064	-0.7813585924	35.6084244697
0.9761686443	-1.1510063113	34.9005358829
1.7771552053	-1.7119752843	35.1096634526
0.9721441523	-1.8845152079	35.6772787972
0.9968927733	-1.2035646302	36.4091898685
1.4000895748	-1.8704197983	37.0358768111
1.9343976271	-1.5861726329	36.2398124580
2.3706130514	-1.0745616729	36.9800626381
2.0153093955	-1.4463482963	37.8376954376
