0.6929998165	-2.6916695262	124.2178601866
0.7789487012	-2.0214359785	124.9550167377
1.0797108285	-1.6121873099	124.0935890448
1.0243013209	-0.9934183477	123.3099725838
1.7351694072	-1.6904223965	123.2158879418
0.8126450145	-2.0755117782	123.2414792077
-0.0181545173	-1.5862695948	123.5068359938
0.1910083611	-1.4275189464	122.5419271266
-0.3579194738	-0.6465869366	122.8399597225
0.4492353618	-0.3093367945	122.3554358190
0.2209609880	0.6124034230	122.0419301863
-0.2674994532	0.4373290621	122.8967724907
0.6396579397	0.2552814988	123.2761458544
1.4984028499	0.0953265406	122.7893485757
2.0808771570	-0.4967407965	123.3462865883
3.0261228038	-0.5250935236	123.0211607817
2.7127077655	-1.3181129434	123.5435506875
2.5325641311	-1.9814261886	124.2698865669
1.8932212667	-1.8679743539	125.0303925714
1.6366070877	-1.6296817734	125.9670706427
1.1421533618	-1.0513456636	125.3181924899
0.5681305254	-0.2437836423	125.1827621940
0.5041245368	0.3142542127	124.3554188640
1.3095311274	0.5972404875	124.8762249624
0.9819588782	0.7440874071	125.8095697025
0.0500377105	0.5316128207	126.1034701742
-0.5146750384	-0.2374575171	125.8040869304
0.3896002405	-0.4504107549	126.1741371141
-0.0129215143	-1.0588313997	125.4901776446
0.4364524096	-1.6042028120	126.1977319530
-0.0981713854	-2.2017062374	126.7953665021
-0.7976899071	-1.6023438660	126.4062153933
-0.1668617556	-1.0441958969	126.9452206695
-0.2305432285	-0.6505297736	127.8622657357
0.4703382084	-0.2263098446	127.2888525659
0.7856076490	0.6187970296	126.8571124231
0.7549655037	1.0712633162	127.7483673353
1.6645447918	0.6885049951	127.5866218989
1.8349124559	0.1164618970	126.7842868361
1.4073805087	-0.1373070513	125.9166361258
2.0476555684	0.6261928883	125.8322815755
1.8938259466	1.4399136256	125.2717505692
2.7645756892	1.6487732730	124.8265848322
3.1862162549	2.0860366175	125.6209525059
2.2246693521	2.3388201822	125.7283211382
2.4798666364	1.5310985421	126.2597908911
1.5796164267	1.2998331848	126.6286619993
1.0240009670	1.8242084754	125.9834317957
0.4793524980	1.6375427514	126.8010588211
-0.4771469426	1.9093882525	126.6951869950
-0.0784703406	1.5892344451	125.8357927277
0.3724567657	1.2953325192	124.9930078188
1.1441741436	1.8814748824	124.7462500047
0.9516491348	1.2238224942	124.0179454960
1.9394169745	1.1581815714	124.1593879368
1.6384016128	0.2233286234	123.9711335408
1.1392794318	-0.5901985879	124.2695468867
2.0485782223	-1.0022032767	124.3280946965
1.9122575731	-0.2942039191	125.0210258548
2.4976511905	0.5140024448	124.9568636692
3.0951727114	0.8707640379	125.6749787002
3.0704279813	0.2768148046	126.4791005856
2.4980464314	-0.3629184022	125.9661475805
2.8173362583	-0.6840657497	125.0745656226
2.7818466834	-0.2307123577	124.1839415762
3.0060913789	0.7392256629	124.0894188138
2.4696743343	0.5197889154	123.2744928858
1.6430702717	1.0790030530	123.2112056666
1.3516661178	2.0059572869	123.4475094270
0.9654993196	1.8406891348	122.5400064562
0.4053585051	1.2644488239	123.1351445680
0.2307048312	2.0328299857	123.7508445634
-0.0783207589	1.1302898543	124.0507186969
-0.4678138850	0.2178904364	123.9249315480
0.1751618431	-0.5239152679	123.7343888752
-0.7790195975	-0.8149917254	123.8037594335
-1.4986052782	-0.8330879888	124.4979272614
-1.4271757917	0.0453835095	124.9703525520
-1.4157282682	-0.7644240464	125.5569364560
-1.4747356259	-0.1643533730	126.3547041657
-1.3537652955	0.5292448990	127.0648362775
-0.8615308883	0.9686133480	126.3133972218
-1.0762585784	1.0734869358	125.3423701626
-0.3484476873	0.4365360872	125.0882345228
-0.3180145017	-0.4935520501	124.7221609265
0.1068511280	-1.3718875920	124.5030356824
-0.3272970591	-2.2399912757	124.2623879191
-0.7961408232	-1.6546607066	124.9238814185
-0.2508766949	-2.1733309407	125.5824163217
0.5832782928	-2.5918700544	125.9415965923
1.0714823034	-2.3174460321	126.7700579975
0.6549469338	-1.5532264067	127.2624670247
1.2242863076	-0.9586819048	126.6946910895
1.4352855779	-0.4979285835	127.5567732694
0.7909506935	-0.8003560813	128.2591764053
0.5891764473	0.1790033419	128.2472485505
-0.3538853524	0.4590634172	128.0678027472
-0.1886619198	0.8863302773	127.1789021636
-0.4927265269	-0.0104355873	126.8574123522
-1.1186263099	-0.6812824208	127.2551735716
