-0.1860484447	-2.2538426130	-51.7153420990
-0.9372584561	-1.9375626686	-52.2946956316
-1.3158151667	-1.4020910766	-53.0496558894
-1.2373238664	-0.4884740193	-53.4485831866
-1.1361100861	-1.2939597787	-54.0324911092
-0.3394593973	-1.2697028317	-53.4285380643
-0.3749441200	-0.3995171545	-52.9370935388
-0.9884348202	0.3824995547	-52.8271889106
-0.5180613585	0.3541251458	-53.7092000780
0.1708726353	0.5052342258	-54.4180978126
0.4533194338	0.9203562999	-53.5532871572
-0.3476716242	1.3639119930	-53.1512029967
-0.6539369482	1.4271378709	-54.1010472154
-1.3545002052	1.0366363867	-54.6983073880
-1.4240733927	0.9489699666	-53.7045900387
-1.4083221382	1.6485104554	-52.9901706923
-1.0284750976	1.2174875508	-52.1716748270
-0.6409924862	1.7269519599	-51.4033628840
0.3079661477	1.5442436817	-51.1462730238
1.1009514241	1.7485999826	-50.5723280319
0.9682730220	2.5069379208	-51.2105443064
0.9636117167	1.8386463247	-51.9544291193
1.0212755519	1.3314705931	-52.8143405446
0.8010080794	2.3021327556	-52.9107625690
0.1400739497	2.4294205791	-52.1711925005
0.1047766093	1.4300439271	-52.1718290304
0.0847813704	0.5360823083	-52.6195262658
0.4743630381	-0.3064877314	-52.2476366957
0.5105096250	-0.1874605009	-51.2554038891
-0.0930527949	0.5730757155	-51.4947719505
-0.5106797177	-0.2589597575	-51.8598811464
-1.2555993951	-0.8662858489	-52.1360146158
-0.7418745054	-1.2220274329	-51.3552876064
-1.1513482271	-2.0819337340	-51.0505050207
-0.2707582602	-1.9006205094	-50.6126844813
-0.7428588467	-1.9281114743	-49.7315685507
-0.5558548270	-1.0235418147	-49.3484455578
0.3285703378	-0.5568597741	-49.3484736107
0.3141312003	0.4101120264	-49.0939995484
-0.5311255680	-0.0146303775	-48.7697544468
-1.4623190305	0.2737381271	-48.9927395158
-1.6336095398	1.2455201358	-49.1549100714
-2.3730026580	0.8572945485	-49.7049816214
-2.3627806380	1.5473488476	-50.4286670327
-1.9502825537	1.3692766266	-51.3220513926
-2.0652795684	1.0577997423	-52.2653211510
-2.0372013139	0.1716309763	-52.7278322642
-1.4017454282	0.1854386109	-51.9558185554
-1.0971274998	0.7218887260	-51.1687803151
-1.4666870915	0.4274553820	-50.2874547713
-1.6076667013	-0.4107274749	-49.7606016154
-2.0794225922	-1.2602103312	-49.9968753048
-1.1555183407	-1.1535298719	-50.3643262724
-1.4636618275	-0.4472140834	-51.0016374981
-2.1931752407	0.1931836024	-51.2418477892
-2.2818419223	-0.5825389390	-51.8666619682
-1.8751785474	-1.3689241850	-51.4016639634
-2.6580673859	-1.0760077431	-50.8527695979
-2.4692381163	-0.2417125052	-50.3347976266
-3.2386813275	-0.1730101399	-50.9698071776
-2.8820183402	0.7036321939	-50.6468679697
-2.9501771216	0.8443033657	-51.6345754172
-2.7622044905	1.7558638774	-52.0002579621
-1.8083678134	2.0458399069	-52.0784212255
-0.8507157669	2.2353862071	-52.2951578350
-0.3713857021	2.4539055482	-53.1451531212
-1.1865491504	2.2863914584	-53.6996326810
-1.7150292629	2.6774287288	-52.9461085448
-2.4428307174	1.9922553003	-52.9751329432
-2.3076245990	1.7097980331	-53.9248366853
-2.5127919909	0.9587292565	-53.2973002050
-2.2413257458	0.1515347886	-53.8214596929
-1.4027684783	-0.0067282704	-54.3427796650
-0.7119079056	0.2299293841	-55.0259376435
-0.2884532941	-0.4452393878	-54.4219233047
0.4110935412	-0.4401718562	-53.7073545219
0.7138706217	-1.0431457335	-52.9692836968
-0.0588699495	-1.3180108273	-52.3971637882
0.3155466194	-1.2519321739	-51.4722606340
0.2163526794	-0.9084561422	-50.5383522992
-0.4935944588	-0.2293375505	-50.7248274971
-0.5399749263	0.1184257702	-49.7883930226
-0.6645389832	1.0058838734	-49.3446567149
0.2622467559	1.2644731311	-49.6170530982
-0.4023495824	1.9927135364	-49.4497879817
-0.1551341936	2.0669197973	-50.4159028726
-0.1561157873	2.6862126895	-51.2010623151
-1.0545030420	3.0273535450	-51.4776906893
-1.3758907949	2.4839118774	-50.7022030581
-1.5762274932	2.1959578635	-49.7657482043
-1.2314273214	1.5045032751	-50.4005736872
-0.3774314397	0.9874731522	-50.4586330193
0.4156400116	0.3923167364	-50.3289159662
1.2136691754	0.5299695397	-50.9156025601
0.9204510173	0.6668742456	-51.8617950422
1.4870761943	-0.1272556812	-52.0815530186
1.8168392864	-0.4375708588	-52.9731587575
1.0031519809	0.1432999589	-52.9955654998
1.4538341702	0.6672046221	-53.7183444896
1.2042039686	-0.0569051191	-54.3612673816
