-2.6278663820	0.5470249060	21.3640761956
-1.6967096930	0.2685954086	21.1286526719
-1.4857583300	0.3961757898	20.1595176097
-0.8663607286	-0.3863840419	20.0966946747
-1.8114728267	-0.5905047299	20.3518375105
-1.2032200305	-0.7876392352	21.1207110519
-1.8861752731	-1.4668347155	20.8518883665
-1.6615566166	-1.4328053888	21.8257407496
-1.5421133712	-2.2966424779	22.3151473235
-2.2526586056	-2.2867566490	21.6115652458
-1.8268661235	-2.6274913737	20.7733524986
-1.6808556321	-3.1664498274	21.6029335505
-0.8725228065	-3.0754408527	21.0212846790
0.0994571653	-2.8971749740	21.1745041655
0.4129611390	-2.1721388858	20.5612848497
0.9568589077	-2.2520042285	21.3966271414
0.6590622913	-2.8073071261	22.1731294706
-0.0873230558	-2.6956158153	22.8292041346
-0.6489806997	-2.7517374903	22.0037399932
-0.0167568930	-1.9979223621	21.8246986270
0.5405477064	-1.8454620303	22.6408894323
0.0500758336	-1.0353659123	22.9621083944
-0.5754631133	-0.2587955949	22.8870113365
-1.2209028989	0.4920796335	22.7470332150
-1.8887122839	0.7261906958	22.0404763271
-1.8987821449	1.3056338034	22.8554268060
-1.8094784710	0.7066000735	23.6511550538
-1.1355232454	1.1063344216	24.2724414651
-1.0260030040	1.5196947781	23.3684843132
-0.3763570459	2.2586061895	23.1896825929
-0.1649065855	1.6661272810	22.4123426121
0.2851516989	1.2662986072	23.2108315427
-0.1239213858	0.6164128869	22.5702788424
0.8225256596	0.8833322872	22.3886417759
1.5421146416	0.2667592303	22.0692214219
1.7424599035	0.8731636330	21.2997180259
0.9168450231	1.2205269288	20.8550846825
0.5165902037	1.3389857251	19.9463693293
0.0356506859	1.6607059666	20.7619631415
0.0008612755	1.0390240494	21.5444599726
-0.9756039908	1.0391436227	21.7601346568
-0.7361407050	1.9751503436	21.5021642065
-1.2598809337	2.0575772047	22.3500450858
-1.9415297799	1.6895284554	21.7176725939
-1.9306696854	1.4309222537	20.7517508109
-1.6796212814	1.4824642014	19.7851494833
-0.9451187362	1.3929695447	20.4578282458
-0.4622453991	1.4789320608	19.5863675261
-0.2425825194	0.5153020485	19.7385694273
-1.0390885306	0.6768658661	19.1559243321
-0.5121970275	1.1756396985	18.4677310394
0.1861150659	0.5556137383	18.1100607598
0.4651593119	0.2666550875	19.0258321324
1.0860017404	0.3456879104	19.8057734711
1.1010925403	-0.5681835786	19.4000504506
0.8358521505	-1.3384914388	19.9799412473
-0.1037329667	-1.5184572666	19.6887504018
0.0222984313	-0.7983506409	19.0064289714
-0.5087332203	-0.0461088853	18.6163806077
0.0119889903	-0.4852017220	17.8842290796
-0.7257817588	-1.0359429331	18.2745858911
-1.0961622753	-0.9380169853	19.1982897298
-1.1335269417	-1.4507311936	20.0560356260
-0.6644499266	-2.3067237201	20.2733914368
-0.8648915412	-2.0194906220	21.2100452183
-0.2773646600	-1.4058389781	20.6825569968
-0.0720293726	-0.5373859462	21.1338072059
0.6688365122	-0.0219984015	21.5644966757
0.4878743932	-0.2174852310	22.5283626472
1.3821732081	-0.6053598822	22.7514834318
0.9748916766	-1.1864435793	23.4560850860
0.7777186185	-0.6443912213	24.2729706511
-0.1434074005	-0.4852334396	23.9177303694
-0.8507342623	-1.1666652395	23.7297425702
-0.1612546678	-1.8901594709	23.7640060457
-1.0550380728	-2.2881202537	23.5571765502
-0.7216054083	-1.7661642728	22.7720748930
-0.6926820655	-1.0999221097	22.0269005373
0.3021165951	-1.0240002768	21.9589925095
1.2559205429	-1.3220285064	21.9210820435
1.7244611272	-0.6169057834	21.3888493252
1.7327887318	-1.4202172138	20.7933483623
0.7602938439	-1.2815808534	20.9805211503
1.0200512287	-0.4295223542	20.5260737771
0.1340294851	-0.5021201360	20.0681490759
0.3764936763	0.3322105864	20.5632282228
-0.5866122695	0.3440199691	20.8320915257
-0.6070734424	0.0138380149	21.7757870367
-1.5047025629	-0.3217275979	22.0615451187
-1.4404888727	-0.9861166762	22.8061683487
-2.3965714436	-1.2292806020	22.6425302638
-2.8377982378	-1.2901315461	21.7472001132
-2.2208327030	-0.5995468501	21.3697795170
-2.5709990384	-0.1178084010	22.1730924101
-2.0702104419	-0.1962714071	23.0350984067
-1.8974541105	-0.7901815952	23.8208629633
-1.1499441215	-0.1307421279	23.7410606748
-0.4651975288	0.5755259776	23.5613178948
0.2336125980	0.4838708244	24.2707287347
0.6331122003	0.1053557418	23.4357877787
