-1.8498895058	-2.3777090862	108.1422743229
-1.2406401799	-3.0346722300	107.6981857207
-0.7530909603	-2.5123088331	108.3977800603
0.0896177142	-2.2392338528	107.9338057668
0.5369929590	-2.2611948611	107.0397290898
-0.4099453742	-2.5560745954	106.9118473659
-0.7779225162	-3.2726448179	106.3192936223
-1.4400949150	-2.5261920595	106.3851418850
-0.9502741606	-1.6549720120	106.4175649840
-1.7415490115	-1.3064657806	105.9151433314
-2.2340725437	-0.8799989820	106.6737912339
-2.9575066507	-0.1899638813	106.6960320201
-3.0149989048	-0.6379936235	107.5882001605
-2.9008321481	-0.7253987937	108.5778093196
-2.3993307849	-1.5904822332	108.5665387675
-2.0282459847	-1.1013084923	107.7772320323
-1.9705998951	-1.8242940453	107.0887780988
-1.0877418071	-1.9330069977	107.5456622095
-1.1763108129	-0.9904830505	107.2234757103
-1.0359879535	-0.5541637466	108.1122585636
-0.4269663037	-1.3369634059	108.2399978433
-1.3164348933	-1.6108866130	108.6058006653
-1.6728434827	-0.7252076641	108.9033669888
-2.4222610526	-0.3787328269	109.4675730621
-2.2757686789	0.5809654080	109.2277412828
-2.2295278737	1.0682028260	108.3556968536
-1.5117110381	0.6240709546	107.8195197641
-1.4166438045	0.3502713982	108.7765965760
-2.1316510456	-0.0903201255	108.2337856011
-2.4746128713	0.4032263168	107.4345427748
-1.6932779451	-0.1585782614	107.1627131422
-1.2110656947	-0.4401962148	106.3331574335
-0.6107245648	0.0681886000	105.7157957827
-0.5321539710	-0.9234195009	105.6131311056
-0.3139162893	-1.7197473021	105.0490084705
-0.1182890065	-2.1671534431	105.9216812106
0.3310844373	-1.4198441462	106.4111628984
-0.2472558906	-1.4608809060	107.2259257163
-0.1818772809	-0.5786781755	106.7596168277
0.5380576745	-0.4080870555	106.0868670006
0.3196165709	-0.4517574392	105.1119945055
-0.5332074106	-0.1414686471	104.6919800747
0.1235412414	0.6108359729	104.6398363629
0.5117849524	0.5480880450	105.5592543954
1.0873317283	0.7190474157	106.3589535903
1.6211084764	0.5917746434	107.1949464280
1.4107625852	-0.2068267463	107.7588528267
0.6214344424	0.1898594868	108.2274689973
-0.3235624245	0.5014446190	108.3269457631
-0.4779677346	0.2381923122	109.2792362771
-1.3202423817	-0.0239843518	109.7502318352
-0.8484928885	0.7601638970	110.1534240220
0.1230155469	0.5734630972	110.2994177595
0.9143460113	1.0296813985	109.8924030698
1.3168877677	1.6520561166	109.2211282791
0.4703792599	2.1844267617	109.2233288558
-0.4957897386	2.3535824966	109.0286398638
-0.1927128065	1.7051535761	108.3302958882
0.1788878572	2.0337917317	107.4620160315
0.0345126158	2.7492072477	108.1456361227
-0.9176131822	3.0525029119	108.1839532856
-1.6823400276	2.5236345375	107.8158621360
-0.8141386272	2.1251495936	107.5201662149
-0.6790078050	1.6941784932	106.6279758924
-1.4848326987	1.4491172203	106.0889107635
-1.2562205027	0.6812378758	106.6873234774
-2.0734251403	0.3251954464	106.2341012706
-2.3412340234	-0.4337770666	105.6406039020
-1.4896440054	-0.1125653769	105.2263364865
-1.1206585880	0.7594278300	104.9046571293
-0.5852730529	1.1224125803	105.6672870525
0.1926619080	1.4632665149	106.1951466854
-0.0394981751	0.5548538088	106.5428362756
0.5803657127	0.0845523868	107.1709965522
0.7493301200	-0.9008053866	107.1938238889
0.7284147713	-1.3668788956	108.0783226354
1.0780792399	-0.6726435649	108.7074268119
1.8863520455	-0.4626226677	109.2575052560
1.2383442004	-0.2073624391	109.9750901279
0.5369354227	0.1897127640	109.3831804983
-0.0038368518	-0.5202747674	109.8342714564
-0.6173764254	-1.0934612061	109.2911080389
0.0635435279	-0.5594557461	108.7899232567
0.0084523657	-0.5529516809	107.7914631118
-0.6001320895	0.1113442647	107.3574863180
-0.4974907942	1.1014290940	107.4533862416
0.4784131458	1.1134043562	107.6712579770
0.9348317407	1.8792313509	108.1242381977
1.4657286950	1.0318121248	108.1188456941
1.3763435916	0.4426704423	108.9219162895
0.5506058476	0.9960178918	108.8125372317
-0.1424706011	1.3401393187	109.4459608497
-1.1079533923	1.1874686431	109.2349285185
-1.2688434958	1.5599496509	108.3209414982
-1.6486567401	1.5293119269	107.3963858052
-2.1781516568	2.1379717840	106.8054811501
-2.6778769444	1.2720312324	106.7849482965
-2.7239932802	1.6800125121	107.6967731476
-3.3937983858	0.9444319820	107.5953709572
-3.1845370893	0.2199464559	108.2521284712
