1.2269839817	-3.3189299102	-128.6437551739
1.5546952811	-2.6037032067	-129.2610525632
1.7061959803	-2.3840101577	-128.2973189370
2.1325240659	-1.5196343256	-128.5639624899
2.3594085664	-0.8591693638	-129.2797204502
2.0593176060	-1.7081866716	-129.7145940255
1.1314759096	-1.9060629720	-130.0307502467
1.2217559411	-1.6480752646	-129.0688293254
1.3634832565	-0.7207259782	-128.7225105862
1.7529547146	0.1544479695	-129.0095341822
2.0472290206	0.1188910777	-129.9645935209
1.9448237626	-0.6650769389	-130.5768902725
1.3152129879	-0.7286183046	-129.8025823446
0.4390342494	-1.1265523881	-129.5306277833
0.3207938589	-1.3463288227	-130.4989859448
-0.0081615079	-0.5949280242	-131.0709869996
-0.4008859505	0.3043000613	-131.2637468564
0.2452127787	0.5843181111	-130.5537142348
-0.6675509368	0.9085660700	-130.3052677399
-1.4232696533	0.3680084373	-130.6749793402
-1.2931946894	-0.5239204029	-131.1080422082
-1.3847357459	-0.8486304479	-130.1666689445
-1.4912584823	-1.8121680949	-129.9212140415
-1.6633516432	-1.6130300205	-130.8859564793
-0.6935913400	-1.3695511874	-130.8691335148
-0.5189835055	-2.1608508231	-131.4551002294
-0.1772693311	-2.2944906634	-130.5248465994
-1.1398341553	-2.5447364725	-130.6289907027
-0.8095663644	-2.8086824283	-129.7227590994
-1.5711035134	-2.9266784418	-129.0854694388
-2.2580981960	-2.3301851129	-129.5004802995
-2.0981638122	-1.5590887922	-128.8841756208
-1.1902141813	-1.9686088414	-128.9731744807
-0.4973636402	-2.5969346296	-128.6193880598
-0.6592558635	-3.5837316984	-128.6241265364
0.1856939634	-3.2801384646	-129.0644570241
0.5804426254	-2.8135723578	-129.8559679601
0.0056965504	-2.0773982197	-129.4985961821
-0.5851664877	-1.3158827966	-129.7650077631
-0.3182101137	-1.3323767670	-128.8014403066
-0.2288258816	-0.5548889855	-128.1789266853
0.3034447075	-0.4488568349	-127.3390188314
-0.4198365003	-1.0882335961	-127.0781325501
-0.6872518174	-1.5168893937	-126.2151474660
0.3078498196	-1.4181955732	-126.2094675190
0.3834320032	-0.4228638240	-126.2694845380
-0.5832766400	-0.2211687465	-126.4269440400
-0.1444081028	0.4879132743	-126.9788471972
-0.6656577232	0.9395157980	-127.7029701107
0.1787934409	0.4830194546	-127.9831723948
1.0369790984	-0.0301618557	-127.9959128816
1.0850943792	0.8184364721	-128.5227580179
0.7545176863	1.2903293465	-129.3400928118
1.0240156714	0.4357904338	-129.7840906527
0.4372016424	-0.3145100712	-130.0885548501
-0.5330005412	-0.1473951292	-130.2639980577
-1.2624987895	0.0768894800	-129.6178334349
-1.9085170181	0.4758017092	-128.9670420077
-1.0531873434	0.9820697263	-129.0770594715
-0.1392548958	1.2226931536	-128.7502141755
0.0050125135	0.5287406779	-129.4556338208
0.5519758426	-0.1599085830	-128.9796156362
-0.3939680091	-0.3756828994	-129.2217554176
-0.8954534100	0.1578894138	-128.5407172546
-1.1522476534	-0.2725891605	-127.6754167787
-2.1189981057	-0.3014819106	-127.4213325961
-2.8117636774	-0.9800009000	-127.1770216390
-3.2112501607	-0.0650513955	-127.2342750576
-2.9180857857	0.3526888208	-126.3743054298
-2.5112246589	0.6993351902	-127.2194683242
-2.5743492052	0.2818950963	-128.1259775959
-1.6912755703	0.7099478494	-127.9337490971
-1.3853286126	0.4895350677	-127.0075662508
-1.6472491095	0.1894855919	-126.0903051291
-2.1544314621	-0.6534293990	-126.2699168751
-1.4649017462	-1.1041956844	-126.8368018076
-1.0636231460	-1.9650120990	-127.1498043403
-1.3467626185	-2.3868047370	-128.0111538684
-1.9831159304	-1.6507523290	-127.7803264109
-2.9518494395	-1.8724076931	-127.8917907006
-2.4245744776	-2.6553162359	-128.2219956797
-3.1952412927	-2.3820960109	-128.7976894947
-3.0430208040	-1.5865684781	-129.3841746756
-2.4458463509	-1.3260394886	-130.1427966620
-2.3186004723	-0.4345998403	-130.5777033644
-2.3321101829	0.3362834527	-129.9408702338
-2.5120140069	-0.4923758504	-129.4108151674
-2.9005242343	-0.7922325278	-128.5395254474
-1.9447777453	-0.5143640095	-128.4428934899
-1.2480093381	-0.8685968430	-129.0666184986
-1.1201323598	-1.2866372346	-128.1672355382
-0.3224650218	-1.8334218788	-127.9127687017
0.5027060275	-1.3689096236	-128.2342047048
0.6093726438	-2.3000810105	-128.5828335638
0.2316982024	-2.9871300276	-127.9620875092
0.9010434573	-2.3994671982	-127.5075225208
1.4165202095	-1.5664920044	-127.7086096773
0.5434152600	-1.4513069816	-127.2348796298
-0.0329509688	-2.2103853181	-126.9322213255
-0.5996679135	-2.8764631625	-127.4171668997
