1.5271037073	-0.6324802125	-178.0353409154
0.7771740764	-0.8287208851	-177.4036011374
-0.0205773015	-1.4294077426	-177.4562132875
-0.2366837146	-0.5739921809	-176.9855093093
-0.9508735200	-0.0114600702	-177.4020312731
-0.9892055644	-0.9697272785	-177.6853237223
-0.6242236065	-1.2264614704	-178.5802403247
-0.4167948369	-0.3499710168	-179.0146799526
-0.0957871527	-0.4897543501	-178.0779757910
0.4772930803	-1.1907455569	-178.5024641589
0.3933496557	-0.9139554010	-179.4597210268
0.5897379638	-0.1328549960	-178.8670037335
0.6974889774	0.1778806963	-177.9226346062
0.0435438593	0.5220522654	-177.2489123240
-0.6584302946	1.2155804660	-177.0868909608
-0.1858801501	1.3813850011	-177.9524573748
-0.2009322876	0.4769124029	-178.3787234330
0.5473853352	1.0525733124	-178.7083220566
0.9193394950	1.2222490674	-177.7957102875
0.3376710833	1.6596427239	-177.1098905969
0.1928745629	2.4244143783	-177.7377108612
-0.7886911227	2.2559493713	-177.8279790525
-0.6633559603	2.6637378502	-178.7324123853
0.0453083344	1.9618591029	-178.8042534707
-0.4841708600	2.1094875122	-179.6396322085
-0.2642378247	1.2875486803	-180.1650330237
-0.0292067532	0.6029190009	-179.4750746210
-0.5144621867	0.1674278269	-180.2332794756
-1.3013596050	0.5038020723	-180.7506234812
-1.9651365426	0.4831642859	-181.4982692923
-1.9280076104	-0.3350142812	-180.9245051642
-0.9633629619	-0.5900264460	-180.8579506915
-0.7609228697	-0.8825848186	-179.9233772018
-1.5030380428	-0.2131407204	-179.9566889015
-1.1088059543	0.4354596031	-179.3056138822
-0.6786557958	1.2800108205	-178.9867031073
-1.3876389814	1.9767806049	-178.8778237695
-1.5325991180	2.5655408356	-179.6730268564
-1.2408528058	2.0712663305	-180.4919143963
-1.2641318302	1.3051175511	-179.8496729036
-2.0630051968	0.7039196259	-179.8687096793
-2.7757055986	0.7857513263	-179.1720306211
-2.8184610521	0.1744325067	-178.3818020011
-2.1019638821	-0.0609831443	-179.0384687939
-1.4279042412	-0.7954468884	-179.1172508298
-1.1988787327	-0.1450102918	-178.3930412261
-1.8942419645	0.2750264814	-177.8099125224
-2.4775562851	-0.4994665890	-177.5651577733
-2.2943669362	-0.9468054779	-178.4405602983
-2.6778289502	-1.7834996918	-178.0495364164
-3.4208610475	-1.1223806868	-177.9454933313
-3.8404408499	-0.3152301573	-178.3607773453
-3.7200493830	0.5531706482	-178.8418032652
-3.5414394619	0.3555850449	-179.8056800340
-3.5154079319	-0.1492647852	-180.6684946192
-3.8097419335	0.8054134721	-180.7127317137
-3.1188958074	1.3141515387	-180.1990029822
-2.6687480912	0.5554507140	-180.6698958493
-1.9834993017	1.2806190705	-180.7374602730
-2.3183574512	2.1798899445	-180.4560674608
-2.1857446086	1.6880905472	-179.5955169470
-2.4804167912	1.6861504124	-178.6399205151
-1.7911011777	0.9758456139	-178.7824374550
-1.1257014909	0.9550022636	-178.0362412263
-1.7539401326	1.7072713161	-177.8377280488
-2.5159352078	1.0735409100	-177.7045016334
-3.3644447671	1.3312679804	-178.1666793968
-3.4764029406	1.6742642227	-179.0993202415
-4.2193370973	1.2276335095	-179.5978880350
-4.3981003131	1.2877746875	-178.6158357190
-4.1860131043	1.0091350688	-177.6791506178
-3.3733802428	0.4972074358	-177.4006583721
-3.5278381027	-0.4406020926	-177.0897627980
-4.4215345031	-0.3284496209	-177.5241918106
-4.7113097568	0.3051154207	-178.2415659392
-4.7409795598	0.3130340445	-179.2410943271
-4.1386765345	-0.4601944372	-179.4394595981
-3.1695785889	-0.4033728743	-179.1994169317
-2.6155835688	-0.2689117444	-180.0210066847
-2.3265722808	-1.0901147581	-179.5289720460
-2.3600655102	-1.9718517764	-179.0584212687
-3.2008776857	-1.4418897435	-178.9480803004
-3.3431487384	-1.1806433373	-179.9028102428
-2.6427487535	-1.2773333632	-180.6099812971
-1.6807364312	-1.1858181790	-180.3527707555
-0.8456401125	-1.6745639546	-180.6052419527
-1.6277941148	-2.1576223384	-180.9988022587
-2.1681416191	-2.1417218129	-180.1575105447
-1.8698706104	-3.0100828427	-179.7612990768
-2.5027899978	-3.0089910101	-178.9870821454
-1.6078269159	-2.6935886797	-178.6715469622
-0.6972501243	-2.8195989615	-179.0652109248
-0.9681293813	-2.6036282691	-180.0032839967
0.0217017842	-2.5340827516	-179.8791965886
-0.3459166675	-1.7570412054	-179.3682532361
-1.3447878012	-1.8035022212	-179.3781442495
-1.5298194646	-1.6864339564	-178.4024094982
-0.7257460297	-2.1559472197	-178.0376860318
0.1550353994	-2.2036312410	-178.5088020559
0.3924230651	-3.0919417919	-178.9019323921
