-2.9135211319	-1.1426106437	-96.1533285984
-2.0768994977	-1.6424560284	-95.9292330101
-1.5691359770	-2.0252053681	-96.7010355431
-0.5697805182	-2.0153492886	-96.7355540107
0.3879846578	-1.7677317530	-96.8817436946
-0.0724176566	-0.8848053301	-96.9737797781
-0.9452899938	-0.5694965991	-97.3461697445
-1.0805634314	-1.5333040482	-97.5759006701
-0.1626722057	-1.7901412401	-97.8784074546
0.7607714550	-1.4092191182	-97.8320378254
1.1594213569	-1.0739362250	-96.9784198563
1.3972002138	-0.1026227090	-96.9750629596
0.8052472779	-0.2002672277	-97.7750987524
-0.0850488032	-0.5708002030	-98.0398216305
-0.4947057052	0.3385904257	-97.9677806199
-1.1216048093	1.1096400017	-98.0794948294
-1.3377491705	0.5308249547	-97.2932030537
-0.4711187737	0.2408774316	-96.8871461745
-0.4566639352	-0.2557466429	-96.0193008045
0.2251629136	-0.5074609884	-95.3324587291
-0.0593542688	-0.6464938797	-94.3839231061
-0.2083050699	-0.5030294666	-93.4055409615
-0.5406292346	0.2847310715	-93.9241872611
-0.6640867816	0.5625631720	-92.9715238588
-0.9404364476	1.2875069112	-93.6024655654
-1.2136516442	0.9332857871	-94.4968261479
-2.1962822112	1.0264635540	-94.3363422779
-2.7120799540	0.8918927226	-95.1824175582
-2.9525991627	1.8419395244	-94.9835166159
-2.7897255632	1.8410606877	-95.9701631678
-3.4340039416	1.0762811013	-95.9659732563
-3.0415799079	1.2600160852	-96.8672195232
-2.0596443057	1.0854827911	-96.7941400987
-2.5654673654	0.4611928187	-96.1988208039
-2.1732389969	-0.3612621385	-95.7868441659
-1.9008712544	0.1191860125	-94.9531863301
-1.2622121120	0.4145142516	-95.6637464831
-1.7849934497	1.2629934635	-95.7461036310
-1.9371411195	1.8807299408	-94.9745773960
-1.7968896052	2.6816328054	-95.5567149349
-1.1602356957	2.0742628465	-96.0318712593
-0.4680993838	2.6657637045	-95.6182602575
0.3558558123	2.1199656200	-95.4659372916
0.0768258515	2.1648612040	-94.5067049591
-0.1299759381	1.9584444108	-93.5503446048
0.2151916463	1.0454871666	-93.7679874523
0.5480773396	0.1030640311	-93.8000147659
0.4655156025	0.3351121316	-94.7692088840
-0.5012454251	0.2134485946	-94.9940890727
-0.2526451991	1.1469001366	-94.7355041807
-0.9034445603	1.8514848962	-95.0183831443
-0.3865099867	1.3829498247	-95.7348002947
-0.9691426900	1.1469487673	-96.5125165887
-0.3271626930	1.2754649110	-97.2683904434
0.3008236871	1.4004820218	-96.5002733765
1.1947328933	0.9593146851	-96.4209152506
0.5429196455	0.4454578236	-96.9786702289
0.5313224350	-0.3607410129	-96.3871392146
1.1323269507	-0.9022586949	-95.7993023561
1.1552150196	0.0799653750	-95.6129907545
0.2915921141	0.5207249002	-95.8577079751
0.8552746664	1.2401874223	-95.4519547749
0.9635031021	1.6132407055	-94.5304788644
1.2993469554	0.7782935157	-94.0945062775
1.8112095000	0.7634901496	-94.9534460867
1.7434659262	-0.1303492347	-94.5102057870
0.9788979092	-0.7740831571	-94.5424917667
0.4697667773	-1.5049721224	-94.0879735482
0.2207066870	-1.5021055352	-95.0564573395
-0.0866867385	-1.2874346251	-95.9835094860
-0.7239318662	-1.0117169035	-95.2638579140
-1.6960034265	-1.0274775383	-95.0297030847
-1.1667646042	-1.7666009814	-94.6130463856
-1.7405880528	-1.3838233663	-93.8890243230
-0.7551212349	-1.2695238930	-93.7633629481
-1.1882333522	-0.5041844495	-94.2394610787
-1.2926449384	-0.4615946705	-93.2458392535
-1.6417367840	0.3050760137	-93.7846814802
-2.2640416360	-0.4513047198	-93.9862375699
-3.0047344230	0.0689595348	-94.4113249734
-3.2158083060	-0.1725944935	-95.3584783229
-2.7537356907	-0.9664756217	-94.9632041743
-2.3430933599	-1.8632409950	-94.7983262151
-1.7913140218	-2.5061644613	-95.3295408407
-1.1981303502	-2.7924198539	-96.0819974720
-0.3649826012	-2.5069689598	-95.6083070505
-1.0543607854	-1.8028171222	-95.7783891157
-1.1169611205	-1.1080315326	-96.4948765074
-1.4467735661	-0.1651426350	-96.5416127610
-2.0686891847	-0.8799756017	-96.8613545209
-1.9845104869	-0.3326476575	-97.6940285678
-2.6224071836	0.3225152426	-97.2892454424
-2.3024319705	1.1019638066	-97.8278322962
-2.5052787090	2.0181057221	-97.4820907866
-2.0222862937	2.2223466592	-96.6306191392
-1.4641504547	1.7446005196	-97.3090312642
-0.7445491175	2.1746241261	-97.8542409610
-0.6943899003	2.5763579660	-96.9398592164
0.2202440747	2.2362336474	-97.1584001501
0.8895030090	1.5295672440	-97.3879977832
