0.5945035322	-0.2236406636	-166.0314919863
1.2888978032	0.0340831093	-165.3596325864
1.9633773154	-0.6826362983	-165.1824584393
1.3218240959	-0.5152070354	-164.4338751718
0.3768229975	-0.3941254347	-164.1300459929
0.8169071068	-0.1560213516	-163.2642328362
1.7671071960	0.1271079427	-163.3944541603
1.5157122387	0.2149236496	-162.4305615433
2.1561235908	-0.1418474655	-161.7504235635
2.4530268670	0.5100518463	-161.0526587522
1.5086664182	0.6952857844	-161.3244522970
1.8469423982	1.6325095444	-161.4091929896
2.0097668325	1.8128067666	-162.3792348007
1.5984109432	1.9662135564	-163.2777072205
1.1906784905	1.0532963808	-163.2593638958
1.0795507536	0.4975904069	-164.0832822757
0.3957912179	0.3932494010	-164.8054912841
0.3252364740	-0.5584551344	-165.1042897204
1.0092068683	-1.0725977146	-165.6218241702
0.7527979336	-2.0319093363	-165.7400429114
-0.0572751335	-1.4680025905	-165.5794477431
-0.1212000411	-1.4317279862	-164.5821525214
0.8776759778	-1.4209800441	-164.5359878114
1.8689534364	-1.5492668678	-164.5057969008
2.8375876883	-1.3751499791	-164.6830847881
2.9940419503	-0.4090567082	-164.8884767445
3.1863191641	0.0033658537	-163.9980065858
2.3674323155	-0.5642046415	-164.0833767347
2.1808370450	0.3254471005	-164.5001524334
2.8633084008	1.0553512421	-164.4617754557
2.1425513205	1.1676590315	-163.7777460765
2.8675315313	1.4139905206	-163.1345318887
2.7435341732	0.4223697561	-163.0982977262
2.4297948798	0.8397076478	-162.2454221550
3.1704492074	1.3269436900	-161.7827860063
3.2598386255	0.3312305051	-161.7590207970
3.1084018928	-0.4391383092	-162.3783743358
2.2010136726	-0.5882570296	-162.7713250007
1.2718545993	-0.9363238541	-162.6467741983
1.6752779781	-1.0774489841	-161.7427093360
0.6956032505	-1.1977030985	-161.9032595651
-0.0489052766	-1.4164619151	-162.5340143774
-0.7047213398	-2.1608796445	-162.6595035621
-1.5526175176	-1.7688393918	-162.3026051005
-1.1533462170	-1.0360023556	-162.8535427620
-1.4419239878	-0.8358038925	-163.7898351552
-1.1612361225	-1.5792328685	-164.3968999621
-0.5000302673	-1.6222467601	-163.6479295874
0.3544426763	-2.1049982756	-163.8398331121
0.6521083717	-1.2084307790	-163.5118668672
1.6383807273	-1.1044573850	-163.6401492661
2.5684327393	-1.4718459325	-163.6455260963
1.9982777238	-1.7228770426	-162.8632814798
1.2393590711	-2.2009374835	-163.3054360834
0.3979223620	-2.3319885470	-162.7812129599
1.1904533082	-2.1910479182	-162.1878914295
0.3134357573	-2.1166089008	-161.7132346607
-0.0767535674	-1.6666150421	-160.9099552461
0.9093159281	-1.5368809860	-160.8058590178
1.8646359052	-1.3956558254	-160.5462069518
1.8980397340	-0.4166634082	-160.7473487704
1.7096351876	0.3725941911	-160.1629035900
0.9412240054	1.0096248196	-160.2240283273
0.5542774981	0.3773612618	-160.8952326136
0.1049655395	0.5976539615	-161.7610212081
0.3717068662	0.6796172279	-162.7212977763
0.1300163032	0.5529185298	-163.6833440911
-0.7299099749	1.0622807589	-163.6505276961
-0.8493473096	0.6955134263	-164.5731416169
-0.5037131746	0.4808257858	-165.4866219186
-0.4487729916	-0.4539895825	-165.8374805847
-0.7658708856	-0.4155509863	-164.8898670559
-0.6617849558	-0.1286411561	-163.9375809284
-0.1979314321	-0.5914992167	-163.1821986913
-0.6694458116	0.2621503086	-162.9609371317
-1.5080142002	0.3564008122	-163.4975188125
-1.8054339776	-0.0169647029	-162.6188040305
-1.5315617882	-0.6677429439	-161.9106503007
-1.0386108075	-0.6505057801	-161.0407639801
-0.7051041642	-1.2951760833	-161.7286400729
-0.4480279878	-0.4788596652	-162.2458821296
0.5184509235	-0.2234472956	-162.2720170751
1.0925674692	-0.2589440162	-161.4540133009
0.1415674731	-0.5475021106	-161.3429582086
-0.0223472031	-0.5813073437	-160.3570630899
0.9759891005	-0.5248740749	-160.3688914863
0.5233221591	0.1334922503	-159.7675210332
-0.3313785695	0.5477708226	-160.0803467500
-0.6045893816	0.2836960421	-161.0053442433
-1.1551475268	0.4495726572	-161.8234950101
-1.3344575862	1.0313168847	-162.6168559345
-0.3726767704	1.2889855814	-162.7095085388
-0.2133730934	1.8178915864	-161.8759134475
-0.2479948693	1.2705458196	-161.0397233112
0.7190203224	1.3557227017	-161.2797785503
1.1822333275	1.1802889975	-162.1484883565
0.6688954690	1.8892547442	-162.6320706278
0.2291455681	1.5975073061	-163.4814842238
0.0937594760	1.2837662815	-164.4212912123
0.9827756478	1.7127956135	-164.2613409743
