-1.4765467895	0.6018164400	149.0191963670
-0.6261947966	0.3828578413	149.4976925740
0.1109624663	0.5692898732	148.8481987193
-0.6356896875	0.0535775933	148.4280185132
-1.4917845258	0.2709096826	147.9591172540
-1.7702432785	1.2014209157	147.7211896011
-2.3249724339	1.0139126157	146.9105625589
-2.6735302321	0.5828283589	147.7428328424
-2.3491154597	0.0320560751	148.5118614159
-2.4692956769	-0.5254761029	147.6904512955
-2.4884927029	-1.2142369689	146.9657169002
-2.4360816501	-1.4493428973	145.9951612429
-3.0643062681	-0.6886901013	146.1586884679
-2.4016026546	-0.0880649744	146.6059840945
-1.4851507881	0.2489063125	146.8217764209
-1.4059000397	1.1953023380	146.5086408563
-0.8474091128	1.0250860705	147.3204994074
-0.6803447627	1.0840746229	148.3046791946
0.1608299504	1.4406052499	147.8980946228
0.1394679866	0.4942584043	147.5756487913
0.6767406556	0.3772497011	146.7403961095
0.3017674003	0.8464344443	145.9408582838
-0.0390816482	1.3947109696	146.7045432830
-0.6405133690	1.9557798851	146.1357888921
-0.9324271353	1.1800845541	145.5762505944
-1.4868387907	0.3504944607	145.6426433159
-1.7486543996	-0.5772296144	145.9086896038
-0.8453871870	-0.5002287148	146.3308023898
-0.3977806005	0.3443293555	146.6246901399
-0.6707468974	-0.1807900500	147.4307540399
0.1558758848	-0.4849335658	146.9572653940
-0.1245805354	-1.3431950358	146.5274614324
0.7785591853	-1.0223791092	146.2421269162
0.0767731513	-0.5448580377	145.7134777047
-0.4427014308	0.2769785473	145.4795315868
-0.9504876215	-0.5521949069	145.2458125946
-0.2876817743	-0.4528604335	144.5036393861
-0.1352845678	0.5349388443	144.4715819664
-1.1101454549	0.5928882735	144.6867286943
-1.7898050147	-0.1406250497	144.6913208125
-2.5851615650	-0.1289104127	145.2973494629
-3.2689467279	0.0507660930	144.5901336512
-3.6804023021	-0.6077404565	145.2202712827
-3.5352994899	-1.5061962035	145.6346653520
-4.1757589007	-1.6941250864	144.8900214920
-3.9092766881	-0.9813207629	144.2412555660
-3.2337442286	-1.2310717038	143.5475118354
-2.5207614314	-0.5472740408	143.7026771896
-2.8092982871	-0.8833371930	144.5992306127
-1.9121111095	-1.0884598603	144.9903570113
-1.4858070275	-0.9873406271	144.0914467096
-2.2322868896	-1.6496848808	144.0276665793
-1.3691538028	-2.1305637636	144.1817989075
-0.7993727304	-1.4864972105	144.6922181515
-0.0787944554	-1.5915022591	145.3775946096
-0.9794506663	-1.5195599427	145.8061301308
-0.5616016587	-2.2892230640	146.2888525008
0.2757646511	-2.2586321575	146.8346380444
-0.3974743232	-2.6404969987	147.4678272156
-0.8218423623	-1.7493416790	147.6283076304
-0.2370801897	-0.9894178909	147.9121544864
0.4229590897	-0.3096235524	148.2318853218
1.0622969805	-0.5225646324	147.4930327262
0.5735416746	-1.3898565498	147.3985711950
0.8353422493	-2.2659291465	147.8034875623
0.3335690409	-2.9116900383	148.3790016959
-0.0219235372	-1.9770491140	148.3874497423
0.6665789862	-1.2766423561	148.5755843983
1.0136519130	-0.5252355849	149.1367690806
0.0165681276	-0.5762084305	149.1935642735
-0.7396347486	-1.2149858140	149.0517169462
-1.4623373510	-0.5322958836	149.1595844923
-1.3368035827	-0.8086915889	148.2067746019
-1.5504770687	-0.6908394430	147.2370042616
-1.8334826039	-1.5460795514	147.6711381394
-1.3929410942	-1.6451331589	146.7788872996
-1.7105265700	-2.3346515751	146.1279619435
-2.2952716808	-2.2800459331	146.9373390987
-2.9883271457	-2.4946197192	147.6255485238
-2.3373658726	-3.2488798188	147.5398681703
-1.4629416884	-3.6934619282	147.7341079555
-1.6150325461	-4.0099000823	146.7977665297
-2.1836382516	-3.3093257054	146.3666249125
-2.2356754409	-3.0285193891	145.4082721885
-2.8495186153	-2.4283393575	145.9210884196
-3.2448061783	-1.8871233695	146.6632696622
-3.5589196434	-1.0698803976	147.1464328395
-3.0219663572	-1.3931750301	147.9256386845
-2.3773336427	-1.0754814171	148.6209942998
-2.3585204464	-2.0652194462	148.4793443882
-1.3814372665	-1.8913106579	148.6020806618
-1.4270245313	-2.5564991139	147.8567980850
-1.3702257226	-2.9126530327	146.9240986256
-1.1606979579	-3.2879452763	146.0211845390
-0.9154270716	-2.5983491242	145.3397893972
-1.7488955827	-2.0957961416	145.1100705675
-2.7041951037	-1.8056756272	145.0532118626
-3.3116460824	-1.9520699910	144.2724609428
-3.2527485238	-2.6648829667	144.9713377125
-2.4344481938	-2.7031335322	144.3978209611
