-1.9202733264	-0.0371492627	79.1716908546
-1.2894811404	-0.5463010177	79.7572382125
-1.5632628441	0.2475269047	80.3002675011
-1.3989340800	1.2338577217	80.3124156142
-0.4068759056	1.2043957642	80.4346963229
0.1976699774	0.4952568687	80.7975272782
-0.6393626376	-0.0448849030	80.8848386059
0.2175132980	-0.5278529654	81.0651313724
0.9487439471	-0.2561006703	80.4394697802
1.2854883792	-0.6504452224	79.5844285171
0.6924813283	-0.0444070340	79.0542772635
0.9076714855	0.6400732521	78.3577286763
0.7854635208	1.5365746010	77.9318759499
1.5862680606	1.8786564732	77.4402540609
0.9216242722	2.0566376627	76.7146017125
1.0460824702	2.9664800283	77.1104514651
1.2752337863	2.6578587316	78.0336213138
1.0293566650	2.3525926989	78.9535979932
0.2545636454	1.7327811814	78.8289807411
-0.1395407756	0.8716673347	78.5077882001
-1.0337679172	0.4735628614	78.7124113849
-0.4201276868	-0.3107034584	78.8039100579
0.3642325776	-0.4344727960	78.1960777400
0.6655262751	-1.2857793534	77.7665439775
1.6394807391	-1.0708013507	77.6944526430
1.3937923683	-0.5424902958	78.5071793214
1.7619383838	0.2112612450	79.0515386936
1.3465087264	0.6391882943	79.8542196017
1.4338970060	1.3188956864	79.1259606164
1.9967968012	1.2342357252	78.3037827089
1.9558264189	0.3657335968	77.8097933560
1.1888921416	-0.1782476964	77.4693580952
1.6343491678	-0.6619431863	76.7159613134
1.3490976248	-0.4096972085	75.7912973075
1.5709251481	0.3344188296	76.4214432206
1.1257369905	0.8951597712	77.1195672072
0.3055195406	0.4573564393	77.4877676655
-0.5889192387	0.1115669012	77.7713322357
-1.5451961553	-0.0903948848	77.9828644924
-2.1855066423	-0.5238280085	77.3487208119
-1.5272673430	-1.2418409285	77.5749474054
-0.6485663162	-0.9952892049	77.9837221026
-1.3060352269	-1.0305889923	78.7363764433
-0.4037775402	-1.4349892501	78.8860143332
0.5724416906	-1.2464218510	78.9929645533
1.0414901508	-1.8808789333	79.6073404584
0.1489676746	-1.5742569599	79.9380769017
-0.0978506814	-0.6073958892	79.8728053979
-0.5910604109	0.2528560577	79.7435353295
0.2709661713	0.7579663980	79.7014198248
0.3719368940	1.7308960834	79.9092965681
-0.3890858883	2.2805480029	79.5647285892
-1.3879287403	2.2411685514	79.5923368449
-2.2471166596	1.7316058875	79.6386187083
-2.3378585385	2.1575166889	78.7384154532
-1.7376074603	2.2088396502	77.9402521887
-1.2572241041	1.6987885101	78.6537503775
-0.7711227546	1.3059357589	79.4343733300
-1.7075806708	0.9578494778	79.3909854057
-2.6782139634	0.7406181190	79.2876338301
-2.6043796973	0.7745673531	80.2843263357
-2.6497867412	-0.1495626160	79.9049558036
-2.2561137407	-0.9592947309	79.4698058631
-2.3243123576	-0.8516028090	78.4779634368
-2.5485256027	0.0947715766	78.2453608937
-1.9530695417	0.8885507660	78.3692426025
-1.1598121598	1.0127510353	77.7731578609
-0.2932220199	1.5026131022	77.6779912443
0.1659013006	1.2528974408	76.8254375129
-0.8311979011	1.3023905645	76.7676135331
-1.3558002497	0.9165750486	76.0087072388
-1.9303797973	1.3211272539	76.7201816633
-2.3451179670	0.7796622537	77.4514872794
-1.5795853818	0.3649241661	76.9596009311
-1.0888802033	-0.5048011155	77.0123869373
-0.5118443381	-1.3215180090	77.0106188902
0.0591079467	-0.5335521067	77.2411036516
0.4127915913	-1.1020852551	76.4983533984
-0.4311701153	-0.6933129408	76.1510295829
-0.5869923894	0.0371763292	75.4861199309
-0.0041598033	-0.5319912348	74.9061591903
-0.4305061745	0.2437254106	74.4408716900
0.2726330933	0.8527673408	74.8078363986
0.5031519068	0.2495230941	75.5713529050
0.5282380641	0.0217776433	76.5447504056
-0.4339341691	0.2661643205	76.6651652952
-0.2315763435	0.8745025775	75.8977176582
-0.6828562410	1.2855808107	75.1056563346
-0.8148800054	1.9614536711	75.8307532952
-1.5455727562	2.2833828072	76.4327912802
-0.9369404558	2.3434231120	77.2239688106
-0.8225305540	3.0081178526	76.4856658401
-1.4422868849	3.2554597701	77.2304638438
-0.5087269745	3.1722146614	77.5790841895
-0.6709150861	2.4996413798	78.3011231062
0.2216716845	2.9458216949	78.3660229014
0.1436404259	2.3566829459	77.5617675582
-0.0813175068	2.3110197732	76.5884696577
0.2819831377	1.8280429688	75.7917601446
0.8353356404	1.0507190883	76.0910402684
