0.7298699429	0.9688696667	61.9247369717
0.5249147828	0.0370760751	62.2243268328
0.2668260105	-0.8589114336	61.8629453587
-0.1780183589	-1.7535501198	61.9045999890
-0.6300078286	-1.0949185696	61.3030104275
-0.6115452552	-0.1346501474	61.5814771054
-0.7165189389	0.2503571788	60.6645529621
-1.3059366934	-0.5561728670	60.7103350090
-2.2957279277	-0.4792311106	60.5903630182
-2.5858148442	-1.3889750803	60.2933520915
-1.8042258691	-0.9900089927	59.8138265605
-1.3550268503	-0.3193634777	59.2235259296
-0.4295799900	-0.3960160297	58.8524834860
0.4450216630	-0.3598909270	58.3689889921
0.4941248936	0.5528577255	58.7745488152
-0.2678070388	1.1635502107	58.9902208323
-0.5052518038	0.3655957058	59.5441960950
-0.4867969608	-0.5148421244	60.0179984229
-0.8140949586	-1.4522118109	60.1372212877
-1.5680097646	-1.5455355452	60.7875313260
-1.0222742900	-2.1518725043	61.3659155269
-0.1705533581	-2.3330355140	60.8742332941
0.1468909054	-1.4104549881	60.6549747417
0.3024445880	-0.4230046011	60.6822654925
0.1874987111	0.4678475972	60.2427546209
0.1567803622	0.4808313879	61.2421983683
0.9973494135	0.7721594639	60.7855019460
1.2759307008	0.0016512420	60.2121699774
0.5219407285	-0.2779776214	59.6177737959
0.0659937987	-1.1601080790	59.4996287454
0.9354068929	-1.2271615704	59.0101139847
1.3314567890	-0.3115813207	58.9404197525
1.8444758350	0.5427394023	58.8570677237
2.2633260467	0.2661051504	59.7219596191
2.3030468962	-0.4356722083	60.4332477414
1.9391491541	-0.9740095404	59.6731350193
1.0769353893	-1.0883067710	60.1666160896
1.1745131444	-1.1453878970	61.1602057065
1.0803609121	-0.1581133610	61.2883632177
2.0486261177	-0.3404566368	61.4592825595
1.4949734237	-0.7112637748	62.2049170282
1.5760653712	0.2852714618	62.1864341084
0.9817182956	0.7454802983	62.8459486120
0.8565734090	1.7259107880	62.6939788378
1.7811678287	1.4237114028	62.4620290789
1.6491435442	1.2640803934	61.4837205748
2.4842148120	0.7691232771	61.7238735068
2.0566840783	0.5272675036	60.8528262885
1.8365229476	1.2400075967	60.1868453306
1.1322080843	0.8539591005	59.5911045044
0.3991966027	1.4879088034	59.8376850027
1.2136193859	2.0673805038	59.8072206164
1.1354742171	1.8838300818	60.7871198843
0.7295031682	2.0256863168	61.6899290092
-0.1809135750	1.6320778367	61.8172621080
0.1630754208	1.4783584051	60.8909565930
-0.5662561102	1.1782649763	60.2761237280
-0.4334947845	2.1194699658	59.9654670073
0.1222748165	2.4552171111	60.7259891997
-0.1305848482	2.7198788698	61.6565890833
0.0868152957	2.3780352097	62.5708538642
-0.8707852070	2.3543082235	62.2837331451
-1.4645760906	1.8640715981	62.9217617007
-1.2844929068	0.8806635032	62.9436378453
-0.4414632219	1.4071351249	62.8335080044
-0.3233375176	0.6198925936	62.2282844796
-0.5363523303	0.2081934043	63.1143592321
0.0890590049	-0.5647097272	63.0072078851
-0.6841263894	-0.8340084318	62.4330454049
-1.3790846296	-1.5240944883	62.2310199633
-2.0296528715	-0.8828773054	62.6379615893
-1.5470136490	-0.5037232848	61.8484670614
-2.5075706484	-0.6534240080	61.6141170146
-2.5463040007	0.3427783291	61.6920954147
-3.1549196662	0.0376755159	60.9596343270
-3.5297727039	0.9566160942	61.0822451489
-3.1640369086	1.5122795033	61.8288879710
-3.3153065462	1.7235084377	62.7945482809
-2.4329510134	2.1514122766	62.5987243331
-2.3940842415	1.5952611120	63.4288961564
-2.9791557946	0.8205737988	63.1889985854
-3.3608124905	0.5789856127	62.2968252195
-2.9164866231	-0.2056372468	62.7291925310
-2.0181437136	0.2288232814	62.6641997128
-2.1610828400	1.1618307460	62.3339490849
-1.4719429262	1.6541412880	61.8022381585
-2.2008053150	1.2187982265	61.2738102666
-2.8341046424	1.6777859234	60.6507033288
-3.3492123382	2.4144639202	61.0888466737
-2.4480162546	2.2628545590	61.4948765008
-1.7530485748	2.3328646175	60.7792519375
-0.8365508419	2.0210515572	61.0298602397
-0.7874062061	1.0506758094	61.2664098388
-1.3485122975	0.6047577811	61.9637742101
-1.6846498820	0.3032942805	61.0715123191
-1.5474879759	0.2536583959	60.0822080735
-1.3068083823	1.0261848048	59.4946059284
-1.7087969257	1.3126836256	60.3642746221
-2.4755275637	0.6716541800	60.3989931867
-2.5708730708	0.0757374963	59.6016271852
