-1.4114388817	0.7169675228	-98.4434623677
-0.9329584679	1.4906346113	-98.0281363155
-0.2870356689	1.4955691652	-97.2647495276
-0.1314796627	1.4332001378	-96.2788933345
-1.1215891371	1.5563704771	-96.3460669628
-1.1204021120	0.9032691729	-97.1033365828
-1.1866363467	0.0165295125	-97.5608360918
-0.4494050790	0.4940843048	-98.0387811496
0.2044129206	0.4926489416	-97.2821306602
0.6253640236	0.3463259406	-98.1773344070
0.1972319187	1.2468837079	-98.2528235356
-0.5206254355	1.1853155734	-98.9462859958
0.1516276751	0.4926003571	-99.2074782323
-0.5676795937	-0.1269207077	-98.8931683481
-1.3560003602	-0.1949956197	-99.5046552043
-0.5221587848	-0.0760667786	-100.0436952379
-0.0754696800	-0.8972875357	-99.6886384653
0.5070601468	-0.4652734793	-99.0001452874
0.0022132143	-1.2750568687	-98.7011796755
-0.4582764178	-1.9134988697	-98.0844616605
0.3011345522	-1.4167372805	-97.6643153739
-0.5698807126	-1.3056685558	-97.1857799552
-1.4239913613	-1.1138064266	-96.7023713049
-1.8920431087	-0.8874743162	-97.5565968826
-2.0090121580	-1.8530545583	-97.3242759029
-1.9667670098	-2.6937271055	-97.8641694256
-1.5169332771	-1.9529979898	-98.3631383526
-1.2273339136	-2.5358158089	-99.1223850835
-0.3371449928	-2.0922160712	-99.2262261062
-0.0347188420	-2.8929734890	-98.7091903423
-0.8554955130	-2.8586203568	-98.1389750159
-1.0111415263	-2.3222850363	-97.3094457864
-0.7422617312	-3.0444667912	-96.6721411743
-0.9083641396	-2.7362818081	-95.7354277677
-1.7719301937	-2.8422448724	-95.2424516027
-2.5478932448	-2.5796029262	-95.8159501218
-2.4786031896	-2.5982939079	-96.8133715651
-1.5855157229	-2.3202009605	-96.4597346191
-1.3486856465	-1.6086053241	-95.7982641624
-0.5210180222	-1.7650372913	-95.2592879632
0.2656978437	-2.0515040931	-95.8061105285
-0.4811933612	-2.0614714455	-96.4709820800
0.0925426396	-2.5428885785	-97.1336015374
0.6081278293	-2.4173070436	-97.9811870436
1.0221770952	-2.3193068518	-98.8861506715
0.8009455443	-1.5023225538	-99.4186854194
1.1836285537	-1.2392811444	-98.5330427537
1.4684041187	-0.4515964857	-97.9867317104
0.6820544391	-0.4344823369	-97.3691871474
1.3874568921	0.2529681846	-97.1965048966
1.5233190226	0.9560928052	-97.8944714069
0.8706654458	1.3654566307	-97.2569256696
0.7764298439	0.8648698546	-96.3963836712
0.5554151490	-0.1103553571	-96.4057800033
1.1449620753	0.1358905664	-95.6364963321
0.3369600701	-0.4084872666	-95.4111398712
0.8814608995	-1.1923599798	-95.7095731406
1.2411546929	-0.8481780414	-96.5768442448
1.5008423650	-1.4070422326	-97.3643930552
1.0027031045	-1.9195313412	-96.6649560025
0.2143387487	-1.3101855961	-96.5802246304
-0.4451056045	-0.9951396146	-95.8976712079
-1.1378099562	-0.2927856073	-96.0615599800
-1.8662581814	-0.1235303493	-96.7254243041
-2.7614905952	-0.5556709365	-96.8341139455
-3.6681727319	-0.4293921817	-97.2365828003
-3.2512406651	-1.3370713193	-97.1887682117
-2.6590824964	-1.4189501435	-97.9904193586
-2.7924739221	-0.4306523499	-97.9164315306
-2.2276376883	0.3581039068	-97.6738957670
-1.8772291771	-0.2061843369	-98.4214201167
-1.9710784550	-1.0016112066	-99.0201591316
-1.0378301087	-1.3369662537	-99.1489400171
-1.0118238972	-0.9796128013	-98.2153329333
-0.2017669755	-0.4984691356	-97.8802082454
-0.3942701841	-0.3152810031	-96.9161622803
-0.3875762952	0.4123364250	-96.2302117936
0.1354610536	0.7762512039	-95.4594991587
0.2954632722	0.4240310227	-94.5373602137
-0.6309520732	0.7523615469	-94.3530949846
-0.9234724337	0.9425364095	-95.2902531145
-0.6170381809	-0.0068225903	-95.2208590357
-1.1926423720	-0.7988739300	-95.0175501810
-1.9255090847	-1.1635619664	-94.4431731119
-2.3357407527	-1.7740150939	-95.1207105336
-3.2875786475	-1.4706442744	-95.0763172003
-3.5766943700	-0.5143612966	-95.1203054406
-2.5979656701	-0.4800050087	-94.9180437849
-2.0602302794	-0.7974731273	-95.6991037336
-2.3877992099	-1.5017862152	-96.3288986764
-3.2823800151	-1.9080561664	-96.1427001003
-3.5485867959	-0.9447390897	-96.1766730246
-2.9433239934	-0.1980293963	-95.9008441400
-2.7068330433	0.5358932823	-95.2641106538
-2.9589826574	1.0206489072	-96.1016263589
-2.9440451031	0.5055596017	-96.9586327047
-2.1052349926	1.0446777394	-96.8828090138
-1.5936202491	0.6830103467	-96.1034201178
-1.7097379672	0.1153575073	-95.2883821252
-1.5088612811	0.0231774080	-94.3131122209
