1.4351136741	2.7377015160	36.1390986465
0.7562768676	2.2019714543	36.6412678322
0.8124604940	1.4560501601	35.9776076610
1.7152416902	1.6950746422	36.3351736112
1.5849273411	1.9891517539	35.3883173271
1.3167628250	1.4853739662	34.5671622060
0.4668832919	1.5262463428	34.0417726095
0.2885496061	1.6488797289	35.0180707961
0.5128020804	2.4432872352	35.5825418243
-0.4581902779	2.5093056327	35.8123578623
-0.4038781212	1.5123286740	35.8679198414
-0.3428471161	0.5702027157	35.5382626024
0.1581517810	0.5389439344	34.6733793770
0.9740278659	0.7664861038	35.2049532433
1.0754743829	-0.1230265589	34.7594469839
0.5404597306	-0.2403818161	35.5960992805
-0.3579094267	-0.3925826931	35.1840704583
0.1867532999	-0.5047443735	34.3529493650
-0.5205053376	0.0604878029	33.9283344730
-0.9138233083	0.6721424648	34.6147596681
-0.6669946484	1.5938474964	34.3155349242
-1.1760826202	1.7710780525	35.1578049326
-1.4587930619	1.0361946210	35.7742634861
-1.4065365085	0.0886895826	35.4588218041
-1.4699542117	-0.7603413315	34.9342984948
-1.1650961850	-0.9078421660	35.8752050191
-0.5480833344	-0.2191354760	36.2559650976
-0.0743856342	-1.0487179323	35.9603243747
-0.0783272294	-1.4333348222	35.0372564943
-0.7587534444	-1.8475915158	35.6417493047
-0.1672738278	-2.2422362408	36.3448904030
-0.9238183761	-1.6870389094	36.6904280560
-1.2113161825	-1.3962908771	37.6030126236
-0.3144466978	-1.3592741606	38.0437561887
-0.6677197996	-2.2888298994	38.1492277199
0.1028473456	-2.3259825791	38.7855027808
-0.6610039334	-1.7704681626	39.1140373400
-1.1817489249	-1.0670993627	38.6302016393
-0.5251450742	-0.3160011939	38.5614781060
0.1784732354	-0.4725718032	37.8683641769
0.3043201597	0.4410577340	37.4817847925
-0.2816317431	1.1920399591	37.7862286545
-1.2228399811	1.5250487080	37.8430813221
-1.7015267661	0.9806040954	37.1542859782
-1.1024956800	1.6815271665	36.7671573093
-0.1107156066	1.6022207033	36.8675703109
-0.4173750010	2.2571809903	37.5582127931
0.5324189435	2.0314033589	37.7748136333
0.7784127846	1.1666734482	38.2126825769
0.1340454812	0.4676476399	38.5227691739
0.4165458438	-0.3090655723	39.0857168899
0.2494790129	-1.2651497106	38.8449020347
0.5721617332	-1.5942221139	39.7323631411
1.1093278604	-0.7524202502	39.6792390035
1.4733924238	0.0530554035	39.2116216760
1.0649551270	0.1216228795	38.3014142953
1.1906829360	-0.8585467231	38.4545810940
0.7806216307	-1.6459482307	37.9943109649
0.1877079310	-2.2482934368	37.4598639634
0.0362147802	-1.3350844588	37.0815794306
-0.6468930972	-0.6219171118	37.2389197082
-0.7931471248	0.2701655465	37.6664688752
-0.8889953792	0.6316693803	36.7390379666
-1.7327770423	0.1407711383	36.5221245714
-1.8258334614	-0.7105162162	37.0385065454
-1.6324409541	-0.3919150045	37.9664573017
-1.5961089905	-0.0691462309	38.9122375654
-1.0272808253	0.7110509441	38.6519936669
-0.4957235715	0.2908746706	39.3874518813
-0.7586424661	-0.6579773785	39.5622473155
0.0492959776	-0.5350054092	40.1385400935
0.2326246206	0.4478030094	40.1166718287
0.7406231212	0.9117086217	39.3909107756
1.4674008938	1.3749991612	39.8980162333
2.1465682384	0.9792777984	39.2798444763
1.5509618483	1.6462555595	38.8321909336
1.8509333274	0.9480467360	38.1821743565
1.4687625370	0.4382161670	37.4114485441
1.9275347876	-0.4154553775	37.6579701781
1.0263130062	-0.7491995988	37.3815391821
0.4408771742	-0.2759141088	36.7233099428
0.1165578485	0.6422320429	36.4956597309
0.8062097951	1.1666268283	36.9950496602
1.5590568138	1.6623092428	37.4280858140
2.3513220759	1.1271349752	37.1349915326
2.2440537526	0.8271976949	36.1870827107
2.5381826784	0.0872327164	36.7920124633
2.4549601247	-0.6750111386	36.1500947801
1.5981461834	-0.3812069429	36.5738269651
1.1634425639	0.4385825405	36.2010294783
1.8830293889	0.0761013101	35.6087439400
1.3912640030	-0.7940794870	35.5778864377
0.9100184248	-1.2663089109	34.8393730223
1.6890435834	-1.8507940492	35.0663023622
0.9524734750	-2.0864151890	35.7002953857
0.8378296743	-1.2999890916	36.3072474367
1.3277234668	-1.8793748162	36.9586430571
1.8899100528	-1.6112300127	36.1763102591
2.2543035991	-1.3189133163	37.0604868774
1.8355105723	-1.5643257062	37.9347781101
