3.8114413732	1.4825733553	133.9746575250
3.2664074272	1.0883452918	134.7146049770
3.8182642807	0.3277113055	134.3727132513
3.2821060565	-0.5024411050	134.5256228128
2.8687675268	-0.1933582213	135.3821384465
2.0881692664	-0.6421791941	134.9471371932
1.3457480088	-0.3128074624	135.5305109488
1.0648458500	0.6436993005	135.6091798088
1.0056529012	1.2908205666	134.8490941151
1.5946998351	1.9512035773	134.3833495618
2.3128489154	1.4649388349	134.8811532368
2.1068890243	0.5966858470	135.3325037349
2.3824061229	0.3440237614	134.4050059188
3.0405858562	0.7131843476	133.7488657658
2.7110013798	1.6491044092	133.8730741041
1.8697937519	1.1176060039	133.9724681275
1.6161514575	1.8099002371	133.2968985299
2.2662595401	1.1666993161	132.8923592164
2.8017011479	2.0094366740	132.9480011989
3.3902399137	1.2015144528	132.9182723310
3.2123401392	0.5836494128	132.1523777804
3.2893582424	0.0844686740	133.0154460291
3.7725879626	-0.5392372874	133.6298399673
3.4658699350	-1.4870512498	133.5428184515
3.2787329665	-0.9238894361	132.7379404938
3.4679801399	-0.4340762775	131.8869007903
2.9146177777	-1.2606905818	131.7844367086
2.7554886441	-2.2141776532	131.5284282643
3.0417328257	-2.1543040101	132.4847124351
2.0520948818	-2.2978851058	132.4836129079
1.1824336777	-1.9426381689	132.1408462176
0.4321162276	-1.3208537775	132.3653632430
0.2011820756	-1.7027092663	131.4704577714
-0.4072282694	-0.9268437377	131.3035160642
-0.6173551249	-0.0136736757	131.6527540096
-0.4372703225	-0.6603764820	132.3939320882
-0.2287241387	-0.5002431449	133.3587459581
-0.3813352872	-0.4031479669	134.3422510998
-0.0395210386	-1.3401955154	134.4136997616
0.7654406063	-1.9024472351	134.2242010706
0.7428196279	-2.2014210102	133.2702078981
1.4562045618	-2.8596347105	133.5107004361
1.7901289842	-1.9480004084	133.7503196747
2.4710237714	-1.5008510543	133.1702854137
2.8201037541	-2.3569196771	133.5514542461
2.5447254961	-2.3762389496	134.5125960570
1.7629077464	-1.8190976345	134.7925149046
1.3568652243	-1.3577137539	135.5813459290
0.5186732594	-1.7828799818	135.2397790853
-0.2400794617	-2.3075265585	134.8537217349
-0.2403137278	-2.2300310714	133.8567290596
-0.2859081114	-1.5435881212	133.1309761896
0.5692774245	-1.1870542297	133.5071959170
0.5897797171	-0.2583177491	133.8773691273
1.2510183063	0.0559440503	134.5585468204
0.8584817429	0.7332016390	133.9362629583
0.5470542134	1.6266104524	133.6124828074
-0.0241922547	1.3627628791	132.8352685958
-0.5657251313	0.5291913058	132.7261788351
-1.0430923546	0.1243326956	133.5060570562
-0.2125879424	0.5993445993	133.7969627327
0.4124591648	0.3865148875	133.0459503310
0.9750148985	-0.4265350038	132.8960139420
1.4935273604	-1.2813864017	132.9153508048
1.9409345275	-0.9531303961	132.0834404601
1.2219520058	-0.9762677198	131.3887975319
1.8281325313	-1.7687328195	131.3213865821
2.5269096917	-1.6182468357	130.6220551523
2.2809513098	-0.7272079759	131.0035708461
2.3849788737	-0.0298712307	131.7127250817
2.1109661763	0.9102693675	131.9153397338
2.9036408951	1.3978652059	131.5493928954
2.2183834595	1.9359091042	132.0402401328
1.7755048892	1.7001369802	131.1752140768
1.9062851932	0.7502439247	130.8913132222
1.2511955655	-0.0044424483	130.9274526491
0.4256437146	-0.4706444745	130.6094592339
0.2579043256	0.4750165306	130.8880068256
0.8201593737	1.2881993177	130.7376638323
1.1218538612	0.8129218391	131.5641574829
1.3443171855	-0.0630200004	131.9922181833
0.4475009017	-0.3981787842	131.7034463999
0.2386742346	0.5265192097	132.0217623486
0.0275956218	1.4703057039	131.7673750993
0.8412777281	2.0357829642	131.6326275648
0.9915501948	1.5202858594	132.4762393955
1.3613555007	0.6414483723	132.7777169350
2.1914677447	0.0850179721	132.7416770658
1.6522781060	0.0916520585	133.5838353184
2.5263166217	-0.3920630033	133.6294029829
2.5266971925	-1.2285090237	134.1774521688
1.6091311045	-0.9328201136	133.9116692824
0.9641532938	-0.9571392450	134.6754835291
0.2701758914	-0.6482371424	135.3258487004
-0.1743763882	-0.5181211999	136.2121009851
0.7577471213	-0.1991580742	136.3835894319
0.2947557831	0.4968867653	136.9323704466
0.0910210432	0.5317648830	135.9539657897
-0.5284513719	0.1035434169	135.2960293924
0.3164685737	0.4282558492	134.8709739587
