1.4748943676	0.3530321022	44.9577770653
1.6220059729	1.3332388738	45.0902642744
1.5867231027	1.0541542118	46.0498823601
0.8137200504	0.4202226941	46.0254464832
0.5066866823	-0.4120912248	46.4869484346
0.2749386954	0.4175923226	46.9948047939
-0.4940379647	-0.2053755437	46.8513268035
-0.4999140383	-0.2976485170	45.8556103930
-1.1884984977	0.3180066410	45.4724391928
-1.7522150800	1.1321434214	45.6117407280
-0.7666161662	1.3011983826	45.6078418484
-0.3979496371	0.6799232639	46.2992912083
0.3444843121	1.3423916376	46.3989279731
0.6242593769	1.2604249846	45.4423677915
-0.0345429914	0.5112037005	45.3741995656
-0.5417260160	-0.0471294414	44.7176712096
-0.5035501361	0.9356287813	44.5367599667
-0.0643888507	0.5183659109	43.7411287315
0.1611576315	-0.4550280588	43.7815386810
0.5637808473	0.0455499648	44.5479042519
0.7460510672	1.0018015308	44.3190800630
0.7581892700	1.9498491803	44.6369767730
-0.0942004160	1.9636862356	45.1597007529
0.5991551508	2.2336434987	45.8278183579
1.3140285943	2.0068314323	46.4892654429
1.0512065602	2.1212732441	47.4472986626
0.8457290960	2.0556668406	48.4237590108
0.8330390824	1.8657668916	49.4054804442
1.0921300562	0.9160581357	49.2296249745
0.2671032545	0.7256531687	49.7616745257
0.5238506219	-0.1376438928	49.3271644880
0.4912372870	0.1839414114	48.3808456926
1.0622460159	0.0354153662	47.5734492315
1.5978126923	-0.0158762252	46.7305153624
2.0199300244	0.4525357595	47.5066642981
2.1843057149	1.2441466267	46.9181637736
1.2202080178	1.0391270547	47.0869316780
1.1368401934	1.0592824490	48.0832466713
0.2605091553	1.2380732349	47.6359461386
0.2692752536	1.2012862681	48.6352308200
-0.1282344165	2.1122744671	48.7451697276
-0.2331870285	1.8982213458	49.7163371748
-0.8420634271	1.1594073670	50.0051683296
-0.6419448266	0.7963826578	49.0951322829
-1.0725676858	1.6987495520	49.1123932631
-1.9120895908	1.2704891829	49.4467523923
-1.5715656261	0.3415793981	49.3012531096
-0.7563389820	-0.0640349763	49.7146324728
-0.4791163445	-0.2159543363	48.7659132745
-1.3170387662	-0.1437015313	48.2249275562
-0.5508869943	-0.6527304488	47.8326253467
-1.3960142756	-0.6808218111	47.2987988265
-1.3746331073	-0.7680783016	46.3028424266
-1.4851208659	0.2059908553	46.5002803481
-1.3687590716	1.1955589514	46.5852210099
-1.3198008026	2.0685973884	47.0704085770
-0.5045782979	1.4993409059	46.9638284429
-0.5013455115	2.1220454468	46.1813780586
-1.1527730069	2.8472977190	46.4042039095
-1.7782531307	2.1632097915	46.0289728843
-2.2595754484	2.5142916235	46.8321356161
-2.3800767368	1.5256666829	46.7421346929
-1.9854380272	1.5763416305	47.6595726137
-1.6215146559	1.1110891342	48.4664802258
-2.4152111033	0.6050591377	48.1288715885
-2.2571766410	0.5315574705	47.1441774158
-1.3356377578	0.6417072168	47.5165121044
-0.4057866821	0.4332811528	47.8197208655
-0.7066008868	1.3517471889	48.0764911026
-1.1236739390	2.2589794110	48.1310783205
-0.2204293611	2.2565110237	47.7019592933
0.2586177436	2.5116241192	46.8620597874
-0.3704812724	3.2014156473	47.2204200471
0.4722506051	3.1057293984	47.7501814316
0.4407696137	3.0076902043	48.7448659361
-0.4781470877	3.0725021319	48.3557753171
-0.7947106280	2.7431878039	49.2453480225
0.0299066573	2.9157380688	49.7840805524
-0.7023966057	2.6074729980	50.3912910407
-1.5628559968	3.0954291596	50.5379485346
-0.8543471259	3.5779400263	50.0229743185
-0.8684848246	3.8725993981	49.0674765529
-1.6217727432	3.3221237530	49.4273847021
-1.5396827436	3.2578305281	48.4328357524
-1.1674164327	3.9094676033	47.7719371853
-1.5121749189	3.0584185179	47.3758853698
-2.1904531765	2.5712203499	47.9259549566
-2.6862542073	2.9334761351	48.7152280931
-2.4298531816	3.7731911057	48.2365452313
-2.6933343154	3.3179384595	47.3860614158
-3.3070051921	2.6378353687	47.7871447501
-3.2091823781	2.0638648473	46.9741327345
-3.0570640134	1.5037068467	47.7884318303
-2.5840793599	1.7955080281	48.6197786822
-1.8150461277	2.3619561675	48.9159617221
-1.5871864517	2.2317097453	49.8809051596
-2.4334362984	2.7637155282	49.9097329926
-2.5915380735	3.6697321792	49.5171293034
-1.9252543831	4.2524135279	49.0517815949
-1.7098581684	4.2385323108	50.0282096683
