-1.4765467895	0.6018164400	149.0191963670
-0.6227186498	0.3810326899	149.4906113047
0.1144386131	0.5674647219	148.8411174500
-0.6322135407	0.0517524420	148.4209372439
-1.4883083790	0.2690845312	147.9520359847
-1.7667671317	1.1995957644	147.7141083318
-2.3214962871	1.0120874644	146.9034812896
-2.6700540853	0.5810032076	147.7357515731
-2.3456393129	0.0302309238	148.5047801466
-2.4658195301	-0.5273012542	147.6833700262
-2.4850165561	-1.2160621202	146.9586356309
-2.4326055033	-1.4511680486	145.9880799736
-3.0608301213	-0.6905152527	146.1516071986
-2.3948584337	-0.1129709404	146.6237557756
-1.4816746413	0.2470811612	146.8146951516
-1.4024238929	1.1934771867	146.5015595870
-0.8439329660	1.0232609192	147.3134181381
-0.6601723079	1.0437126516	148.2961763724
0.1643060972	1.4387800986	147.8910133535
0.1429441334	0.4924332530	147.5685675220
0.7611728657	0.6030986031	146.7903988933
0.3052435471	0.8446092930	145.9337770145
-0.0372345621	1.3914491657	146.6977632044
-0.6370372222	1.9539547337	146.1287076228
-0.9299775591	1.1789147472	145.5687978279
-1.4965621637	0.3626088578	145.6811658869
-1.7353610244	-0.5887151820	145.8759931832
-0.8503569031	-0.5140333389	146.3355476714
-0.3844872253	0.3328437879	146.5919937193
-0.6574535222	-0.1922756176	147.3980576193
0.1691692600	-0.4964191334	146.9245689734
-0.1112871602	-1.3546806034	146.4947650118
0.7918525605	-1.0338646768	146.2094304956
0.0579207128	-0.5643562395	145.7186088679
-0.4294080555	0.2654929797	145.4468351662
-0.9371942463	-0.5636804745	145.2131161740
-0.2743883991	-0.4643460011	144.4709429655
-0.1219911926	0.5234532767	144.4388855458
-1.0968520797	0.5814027059	144.6540322737
-1.7765116395	-0.1521106173	144.6586243919
-2.5718681898	-0.1403959803	145.2646530423
-3.2556533527	0.0392805254	144.5574372306
-3.6671089269	-0.6192260241	145.1875748620
-3.5220061147	-1.5176817711	145.6019689314
-4.1987633928	-1.6679356790	144.8812586222
-3.8959833129	-0.9928063305	144.2085591453
-3.2204508534	-1.2425572714	143.5148154148
-2.4623361727	-0.6087547983	143.6682968664
-2.7960049119	-0.8948227607	144.5665341921
-1.8988177343	-1.0999454279	144.9576605906
-1.4725136523	-0.9988261947	144.0587502890
-2.2189935144	-1.6611704484	143.9949701587
-1.3558604276	-2.1420493312	144.1491024869
-0.7860793552	-1.4979827781	144.6595217309
-0.0655010802	-1.6029878268	145.3448981890
-0.9661572911	-1.5310455104	145.7734337101
-0.5483082835	-2.3007086317	146.2561560802
0.2890580263	-2.2701177252	146.8019416238
-0.3841809480	-2.6519825663	147.4351307950
-0.8085489871	-1.7608272466	147.5956112098
-0.2312916451	-1.0065425247	147.9083867192
0.4362524649	-0.3211091201	148.1991889012
1.1243545102	-0.5719857744	147.5183243921
0.5868350498	-1.4013421175	147.3658747744
0.8486356245	-2.2774147141	147.7707911417
0.2617673804	-2.9433433250	148.2313611683
-0.0086301620	-1.9885346816	148.3547533217
0.6809144870	-1.2893856585	148.5437475558
1.0298236412	-0.5802229842	149.1564062728
0.0300776111	-0.5825678461	149.1339925082
-0.7263413734	-1.2264713817	149.0190205256
-1.4324061534	-0.5260939897	149.1236342692
-1.3235102075	-0.8201771565	148.1740781813
-1.5371836935	-0.7023250106	147.2043078409
-1.8363892600	-1.5451164567	147.6517210809
-1.3958477503	-1.6441700641	146.7594702412
-1.7134332261	-2.3336884804	146.1085448851
-2.2981783369	-2.2790828384	146.9179220402
-2.9912338018	-2.4936566244	147.6061314654
-2.3210864361	-3.2197109482	147.4520288143
-1.4217223085	-3.6061415868	147.6565172679
-1.5964772174	-3.9961013902	146.7524198873
-2.1897352355	-3.3092934318	146.3324916169
-2.2417724248	-3.0284871156	145.3741388928
-2.8816651441	-2.5372465636	145.9650873067
-3.2509031622	-1.8870910959	146.6291363665
-3.5650166273	-1.0698481240	147.1122995439
-3.0280633410	-1.3931427566	147.8915053889
-2.3834306266	-1.0754491436	148.5868610042
-2.3646174303	-2.0651871726	148.4452110926
-1.3875342504	-1.8912783844	148.5679473661
-1.4433727538	-2.5536195925	147.8208287775
-1.3265533255	-2.8567377609	146.8750631632
-1.1245906911	-3.2948660449	145.9991324005
-0.9098289009	-2.6024623460	145.3103258302
-1.7393125778	-2.0823149321	145.1068473361
-2.6946120988	-1.7921944177	145.0499886311
-3.3020630775	-1.9385887815	144.2692377113
-3.2431655190	-2.6514017572	144.9681144810
-2.4344002254	-2.6754448329	144.3804745995
