-0.6807050702	-1.0116404571	87.5403674063
-0.9100007619	-0.1123724715	87.1678884460
-0.0588536173	-0.5154963580	86.8316747187
0.7373845064	-1.0994928630	86.9896396912
1.1265131376	-0.1932723990	86.8242813561
0.5069801404	-0.0179334871	87.5894186845
-0.2964607926	0.5278404418	87.8273545704
-0.0643535512	0.5295122790	86.8546658055
-0.4778489413	0.6928075826	85.9589224236
0.4140866988	0.2413455556	85.9337658730
0.5874722452	-0.7433372702	85.9154032803
-0.0369290375	-1.4505968640	86.2469253838
-0.9296641548	-1.0133782695	86.3558469662
-0.3790677993	-0.4170617476	85.7716806722
-0.4380533595	-1.2832888539	85.2755241404
0.4902020584	-1.6546273075	85.2543196106
1.1948831104	-1.6074291597	85.9622722571
1.3359629467	-0.9314639696	85.2389690416
1.3271904320	0.0260400812	85.5272554195
1.3362924768	0.8391035870	84.9451515729
0.6041897742	1.2218644144	85.5086405095
0.1448097320	2.0826805907	85.2896302642
-0.6072466644	1.4280312445	85.2131749807
-1.5039162609	0.9891792068	85.1549296068
-2.4565100917	0.7880843645	84.9266187266
-2.8176302789	0.2972682915	84.1337178546
-2.3174848046	-0.4516440782	83.6989940721
-2.1849704101	0.3860299804	83.1691430489
-1.2355613647	0.0730602627	83.1950741161
-0.4127579387	0.4533810020	82.7727582894
-1.0092320594	1.1753352341	83.1234728600
-1.8937574067	1.2587594165	82.6645008393
-1.2503870558	0.6352435970	82.2203132502
-0.5093863334	1.3008513255	82.1315197750
0.4445424823	1.3594285901	82.4257790464
1.2269938129	1.3023156739	83.0458661612
0.9597936556	0.7647825919	83.8456550469
0.4071290837	1.3845275248	84.4028606545
1.1801705993	1.8742474342	83.9996470319
0.3703349900	2.4566678431	84.0700228323
-0.4917319479	1.9845257112	84.2542031834
-0.8875254282	1.0661865719	84.2533393715
-1.8187575272	1.1049431457	83.8909794596
-1.5989007982	1.9393416427	84.3963923273
-1.3753227178	2.1262565239	83.4397964517
-0.4682146643	2.4169135948	83.1353733144
0.5077932695	2.2548361753	82.9899792873
0.0439044365	1.4772402437	83.4144221193
-0.1288955245	0.5410572039	83.7205291097
-0.5202911528	-0.3106606035	84.0689343891
-1.1420128902	-0.8706848216	84.6165062623
-1.4022199109	-0.5472055234	85.5262608721
-2.0598548893	-1.2041386274	85.1575399314
-2.3791921615	-0.3013314209	84.8695071998
-1.6610538541	0.1353531756	84.3276733372
-0.9291906613	0.1359777647	85.0091246391
-0.0200172912	0.4949504441	84.7980739376
0.4054600552	-0.3984304007	84.9424335369
0.0311764698	-1.1342855713	84.3781384319
-0.6880150788	-1.8136428997	84.2324087613
-0.2912753984	-1.7227539968	83.3189883578
-0.0543949577	-2.3628287277	82.5881039650
-1.0330283106	-2.5235147316	82.7163879030
-1.6716180140	-2.0867390400	83.3499730875
-2.3600629385	-1.4109762128	83.0865567114
-1.8320559921	-0.6531724012	82.7032265042
-0.8690662433	-0.5760479859	82.4449581006
-0.0972916213	-0.6394618996	83.0776844304
0.3065596445	-0.5143823580	82.1714508714
0.5282332306	-0.2649352410	81.2287754463
0.1143207525	0.5389110819	81.6559844698
-0.4708004533	-0.2618655289	81.5279610572
-0.2282782379	-1.1751765470	81.2007822693
-0.2606281378	-1.4089946456	82.1725243033
-1.1987453802	-1.5549646295	82.4865765334
-1.1872236145	-1.1708112898	81.5633791220
-1.7275788862	-2.0036602371	81.6832908033
-0.7449542140	-2.1890433911	81.6923373371
0.2294395325	-2.1261060643	81.4764769200
0.8033842604	-1.3072300471	81.4819099436
0.7255233511	-1.7222250628	82.3883959147
0.7284222606	-1.3267757665	83.3068791483
1.4146677065	-0.9239173100	82.7012618995
1.4608790002	-0.0762225359	83.2297295772
0.5474761504	0.2687020764	83.0135762847
0.5368312378	-0.2504878920	83.8681688558
1.4114727572	-0.2302929907	84.3525182942
1.6752605867	-0.9855311211	83.7524921719
1.0145928311	-1.4102491768	84.3714693039
1.3101128549	-2.1810240881	84.9358928608
0.5247967838	-2.7708752242	85.1239202672
0.2742627406	-2.2551593087	84.3046097109
0.5972808368	-2.3797440052	83.3664530273
-0.2518263108	-2.8461504456	83.6144088381
-0.8713048063	-2.9299712225	84.3949346039
-0.4710669065	-2.5530890171	85.2302605444
-1.3087687034	-2.0206769217	85.3518872685
-1.8954735148	-2.2776505521	84.5839406443
-1.9908677043	-1.4145580903	84.0879856556
-1.1786191846	-1.1633604779	83.5615332819
