1.0391680920	0.1781001641	-207.5036750506
0.4110841224	-0.2970311531	-208.1199223699
0.0451226243	0.6003795798	-207.8734955891
-0.9410528482	0.4347164375	-207.8697995412
-0.5472618259	-0.0847098848	-208.6281694552
-0.0004541172	-0.6334107302	-209.2605686265
0.1691305754	-1.4278930243	-209.8436971856
0.1924503714	-0.6073469117	-210.4148016106
0.3725130147	-0.4785395259	-211.3899867734
0.4113831133	0.3163699530	-210.7845051175
0.6118493745	0.1563115094	-209.8179677034
0.3753773579	0.4194090518	-208.8826278355
-0.4033602776	1.0398230544	-208.7896000951
-1.4004128467	0.9786140904	-208.7433438829
-1.4355243028	0.0814874419	-209.1837198157
-0.5363526694	0.2135021777	-209.6009277773
-0.9514932606	-0.6145089653	-209.9778307311
-1.4208644652	0.0984730212	-210.4987408570
-0.5231743640	-0.0686013626	-210.9064645778
-0.5165104527	-1.0660390901	-210.9776935891
-1.4252771073	-1.4093525518	-210.7404615623
-1.3689779790	-2.3949309693	-210.5808821427
-2.1498316008	-1.9772437899	-210.1163339305
-1.9146668323	-1.0933357680	-209.7121011505
-1.2099717806	-0.9908409040	-209.0100330007
-0.4582206406	-1.5968549302	-208.7499998807
-0.3650375196	-0.9524448312	-207.9910186356
-1.3316027333	-0.7132999197	-207.8984908074
-2.0024895316	-0.0067744462	-208.1237299232
-2.2664824523	-0.6776892695	-208.8166808866
-2.7449425938	0.1989778113	-208.8669871733
-2.2597277995	-0.0736279892	-209.6978016417
-3.2405808220	-0.2513540282	-209.7774308032
-2.9792686109	-1.2069069535	-209.9139391738
-3.1780605909	-0.8682450079	-210.8336075028
-2.2418611004	-0.6068395625	-210.5986655797
-2.8453326473	0.1887885962	-210.6515609967
-2.8158595531	0.8318200092	-209.8862885363
-1.8192862330	0.9068821962	-209.8515425174
-0.9305329819	1.3343981529	-209.6861709194
-0.6960919078	0.8769802083	-210.5439623898
0.0559580244	1.0972944090	-209.9227679336
-0.0070813055	2.0772242015	-209.7336551503
0.4773271902	1.8898626346	-210.5881983339
-0.0030058201	1.5101191367	-211.3788152291
0.0807026973	0.5931130385	-211.7688058699
-0.9147517972	0.6142111679	-211.6759338173
-1.6234976275	1.0910657404	-211.1560404967
-2.1624750619	0.3357642223	-211.5288983008
-2.3786097538	-0.6314203764	-211.6624638160
-2.2927434943	-1.5252082391	-211.2222704017
-1.6032597933	-1.3384030064	-211.9220675374
-1.3912190599	-0.5361953347	-211.3639442724
-1.5020217629	-0.1823768807	-212.2926720381
-0.9972035832	-0.9186901366	-212.7432287987
-0.1727166296	-0.4931347676	-213.1162219506
-0.4662183474	0.3712582834	-212.7079556220
-0.4929986567	-0.3692524815	-212.0364449206
-0.3775460550	-1.3618076474	-211.9976513707
-0.8263307953	-2.0865464256	-211.4748263903
-0.0738776264	-2.6628015081	-211.7938002270
0.4055521062	-3.4492722123	-211.4044277024
-0.1788025739	-3.1843385740	-210.6373946033
-0.5867601978	-2.7012283469	-209.8626849250
-1.0815643408	-1.8435150832	-209.7230539207
-1.8143369207	-2.0665296855	-209.0801629243
-1.8819586750	-1.5982752147	-208.1991606264
-1.2001695078	-2.3041463474	-208.0070422371
-0.7773983340	-2.6668667487	-208.8375230887
-0.1508296263	-3.2399714247	-208.3093539066
-0.0804652877	-2.2896093257	-208.0062685380
0.6581979277	-1.6718804933	-207.7364765000
0.5794788411	-1.3694582012	-208.6863944242
1.3877383518	-0.9615793412	-208.2617164299
1.9346605086	-1.1049177983	-209.0865377688
2.4006019434	-0.2545189897	-209.3309154392
2.2024984862	-0.8191207490	-210.1321519047
1.7015205830	0.0447055651	-210.0789989209
1.3085352482	-0.6211374906	-210.7132035818
0.9541831638	-1.5165664663	-210.4436826184
1.6312447672	-1.7966997633	-211.1242066232
0.9368902778	-2.5134963281	-211.0603745951
0.5765432005	-2.4847767434	-210.1279985072
0.1613567267	-2.3791433725	-209.2244157589
0.9538426206	-2.3948238669	-208.6147271252
1.1785374837	-1.7693419600	-209.3619115755
1.1339117316	-0.7970422994	-209.5913498291
1.3172587598	-0.1012580291	-208.8968945631
1.2879319262	0.7698882657	-208.4067475752
1.3230358691	0.9116952848	-209.3960192681
1.2387997028	1.0492502380	-210.3829249896
1.0076097087	1.1143736010	-211.3536515908
1.7463585933	0.5105392553	-211.0542619311
1.1291508392	0.0390908065	-211.6841753762
0.5280624192	-0.0372484267	-212.4797035233
0.5424310222	-1.0322707767	-212.3810928430
0.3487069011	-1.8717471691	-212.8887840400
0.8512459393	-2.0028005666	-212.0342201031
0.3714856595	-1.5331661982	-211.2930901322
-0.2131809525	-1.9858959814	-210.6198883079
