-1.2228901235	1.4673738004	-71.3758325914
-0.6854825645	1.2831788389	-70.5528712729
0.2305448467	1.5221409275	-70.2307053186
0.9322182519	1.4326171136	-70.9375574384
0.4820911074	1.1944900347	-71.7981857253
-0.1818915125	1.7295393505	-71.2758359286
-0.5272375631	1.2866064504	-72.1032092128
-0.2610666510	0.4264298926	-72.5382371830
0.2774836898	1.1668715119	-72.9403686773
0.3655499720	1.9252964230	-73.5861519105
1.1040167053	1.8471336728	-72.9164075799
1.5338589902	1.6504852155	-72.0351783280
1.6771116882	0.8220308145	-71.4937524605
1.1357492820	0.6373692787	-72.3140127011
0.5886163602	0.1323200723	-71.6465017536
0.3592198774	-0.4149985528	-70.8416293561
-0.0505707158	-1.0092088183	-70.1495413341
-0.4413298663	-1.7705297480	-70.6669364715
-1.4010337892	-1.7907219908	-70.9472232065
-2.0117257842	-1.1039421577	-71.3414170015
-1.3728508711	-0.3601581379	-71.5379473485
-1.0870102227	-0.3291705138	-72.4957233614
-0.3712001134	-0.4390936444	-73.1853122192
0.5138022096	-0.8648048655	-72.9967894234
0.1749259896	-1.6224505984	-72.4389938955
-0.6941190964	-1.3083326401	-72.8212118265
-0.6531848283	-2.1377187589	-73.3783859929
0.0120990139	-1.4600238543	-73.6916383283
0.5011160757	-1.2027730632	-74.5251155888
1.2355313145	-0.8964569988	-73.9194715302
1.6166761489	-0.3147034575	-73.2009373052
1.3645409967	-0.4250530121	-72.2395576503
0.8238701388	-1.0843752432	-71.7170930878
0.3125248737	-1.8890924918	-71.4155036821
-0.5422888230	-2.1814852038	-71.8442227578
-1.1248567030	-1.3687820334	-71.8328992424
-0.4440189477	-0.8733374513	-71.2934600735
-0.0341815024	-0.5112590827	-72.1306772038
-0.4932245275	0.1671886890	-71.5571023420
-0.6096317183	-0.1363546483	-70.6114222648
0.0902516029	0.5374761723	-70.8483090773
0.8633621773	0.4512723802	-70.2199230925
0.4602943195	-0.1961220476	-69.5730716746
-0.3224528553	0.4132183146	-69.6996069793
-0.7173578995	-0.4830578560	-69.4977678549
-0.7978496625	-1.4786090511	-69.5467463602
-1.1464897441	-1.0067764047	-70.3565760011
-1.7674585529	-0.2235789072	-70.3881895832
-1.4774628449	0.4983854552	-71.0164172082
-1.3913659075	0.5882552101	-72.0086423563
-2.1769068005	1.1967453364	-72.1211824450
-1.4731673388	1.5327401588	-72.7471682670
-0.6178867164	1.6414357401	-73.2538045543
-1.1334102306	2.1478838416	-73.9449961536
-0.3868499157	1.5654284061	-74.2665445353
-1.1887399603	1.0586990161	-73.9500043617
-1.0100076468	0.0755813408	-73.9891757358
-0.2441446449	0.6242646001	-73.6539138335
0.5779048578	0.9423381499	-74.1262101728
1.2232391355	0.8298140779	-73.3706428341
0.5560967244	0.1596955549	-73.0452781641
0.4511869471	-0.2273858688	-73.9613359735
1.3545312498	0.1518878105	-74.1616371143
1.8621930257	0.4202014879	-74.9803478641
1.2696792007	1.2240706175	-74.9281770912
1.3424021517	1.9388637209	-74.2326325623
0.9201349735	2.7497936661	-73.8275608967
0.9624744708	2.9106979415	-72.8414994477
0.7759077309	2.3841967990	-72.0120481842
-0.0889301879	2.1784831618	-72.4700190060
-0.9229199683	2.4227539377	-71.9752535724
-1.0077402542	2.5984214236	-72.9560422619
-0.1390708802	2.9872179576	-73.2630451509
-0.2483600469	2.7219985175	-74.2210193293
0.4534686031	2.2495093650	-74.7541145805
-0.4672210497	2.2030503220	-75.1416350582
-0.8177181487	1.2680759557	-75.1961760331
0.1697175354	1.2112343856	-75.0487317867
-0.3989819326	0.4849127476	-74.6626776542
-1.0023926975	-0.0758222880	-75.2296623706
-0.2507233959	0.4013509887	-75.6849632877
0.5015884323	0.1390678176	-75.0806169868
0.0372408070	-0.6051269794	-75.5607788211
-0.3232219317	-0.6143198442	-74.6280505084
-1.1009184686	-0.9989616096	-74.1308193662
-1.5352383959	-1.6224605328	-73.4807306849
-2.2824070853	-1.6847573884	-72.8190222512
-2.0955959785	-0.7702286839	-72.4602202738
-2.3372832022	-0.0979564103	-71.7604794103
-2.3391056970	0.2542068819	-72.6964162106
-3.0478529031	0.7035515571	-73.2402606376
-2.1475864364	0.6777019709	-73.6748317915
-2.1131277106	1.6611286892	-73.8528331569
-1.8083650136	1.7145679491	-74.8037610953
-1.7711066383	0.7188659973	-74.8885516406
-1.8791324244	-0.1919385666	-74.4900977840
-2.2288121683	-1.0261112448	-74.0636238461
-2.7164982205	-0.4303043173	-73.4255200773
-1.7268543211	-0.3185935601	-73.3353776392
-1.2509355507	0.5155066295	-73.0564902108
