1.5158597543	-1.9709504881	132.5453554516
1.3644485880	-1.1758921786	131.9580250989
0.5031918356	-1.3421603658	132.4382247410
0.8301487481	-1.4758086212	133.3737659326
1.2864084883	-0.7402675397	132.8729602149
2.1773303211	-1.1759581425	132.7447729049
1.8801314676	-1.2737532908	133.6945670670
1.4832429190	-0.3779124762	133.8944388128
2.4546810084	-0.5063419541	134.0939730396
2.2299077075	0.4618260943	133.9838476869
1.5493471213	0.3855718852	134.7125606510
0.8025518121	1.0506257030	134.7121297344
1.6855905281	1.4528094098	134.4702808310
2.4574266426	1.7667443285	133.9173668421
1.6021684839	1.7149497313	133.4017596256
1.2805334272	2.6603145483	133.3485031421
1.9284635824	3.3107521324	133.7448835947
1.7790638040	2.5806896567	134.4117332688
0.9949610190	2.5232679085	135.0297021721
0.0886444199	2.4689507635	135.4487962783
-0.8138775218	2.3164534579	135.0460572606
-0.4345790533	1.4522243468	135.3765730926
-0.2455311021	0.8217009843	134.6237775284
-1.0487796105	0.8426414654	134.0285016847
-1.3566830482	1.7527569142	134.3057837486
-1.0301561142	2.6519229314	134.0144409353
-0.7740122115	3.6185395878	134.0079186103
-0.1501244323	3.0904998470	134.5840592798
0.5030568555	3.5358170127	135.1964699486
1.3047335607	3.6426272832	135.7846077100
1.5708248744	3.6283300979	134.8207659163
0.9173442257	3.2176616128	134.1849086704
0.4448712634	3.5072866308	133.3525105392
0.1358360543	2.6287981989	133.7168665665
-0.5241122752	3.0571596655	133.0996351218
-0.5652464600	2.2268493883	132.5438538498
-1.3100542758	1.9439291371	133.1481860836
-0.4711059912	1.7449826242	133.6547293302
0.0421265038	1.8663806230	134.5043497937
0.9535159746	2.0394726421	134.1309754701
0.5203376589	1.2948542148	133.6231369677
0.0176840277	1.3194983376	132.7590004077
-0.4676323942	1.3787797667	131.8866738159
-0.3169023477	0.4701514530	132.2761286151
-0.9327250549	0.8444119942	132.9694477629
-0.1750520358	0.5294055347	133.5410267397
0.5278138170	0.2122795115	134.1777454204
1.2789377139	0.6135519635	133.6535381039
0.6641348803	0.4671478830	132.8785649941
0.3712736530	-0.3888310503	133.3046311478
0.2143646629	-0.8915084414	134.1547458514
-0.4952202858	-0.1953235298	134.2634462167
-0.8562338913	-0.2666207609	133.3336151130
-0.3527861487	-0.5079395348	132.5039732506
0.4975934089	-0.2256284179	132.0599518083
1.4365387097	0.1072830348	132.1468522499
1.5759412754	0.9954966859	131.7090812657
0.9025135005	1.2653639615	131.0208467958
0.5428428924	0.9226830877	131.8887217133
1.0567158316	1.5466091129	132.4774923966
0.4790046055	2.2771336374	132.8416127865
0.3203030230	2.0114331225	131.8907095085
1.2537367394	2.1370127256	131.5546570418
1.5760933771	2.5852289525	132.3884366362
2.3332581379	2.4373614879	133.0247044556
2.1537857104	1.7276777986	132.3434271927
1.7810088469	0.8999798012	132.7628952309
2.0495426217	-0.0169953291	133.0579311987
2.9434762159	-0.4630878647	133.1013383273
2.9267125749	0.5285935478	132.9737179666
2.5569696266	0.7408484519	132.0691528734
2.3507201710	0.3380296028	131.1774140457
1.6998539740	-0.4117746429	131.2964383580
0.9425913283	0.2107731363	131.0989857102
-0.0061110093	0.5202651042	131.0343436464
-0.5010342701	-0.2602593059	131.4162240088
-0.0498964097	-0.4935615037	130.5548038352
0.5782485418	-0.9201613218	131.2055315164
-0.1095702875	-1.5450467293	131.5748870166
0.7847702348	-1.9843787808	131.4903744221
1.7782589838	-2.0647762156	131.4096504597
1.7867613916	-1.3753419830	130.6853520765
1.1868201677	-0.6307818571	130.3926051775
2.0757460875	-0.1934763954	130.2563163580
2.7963905825	-0.5784914181	130.8328880744
3.5757422833	-0.8645984479	131.3903409369
3.1585100177	-1.0739746165	132.2746931611
2.4091640336	-1.1936937458	131.6234267593
2.4262405841	-0.3066825902	132.0848588791
3.3885780540	-0.0595077200	132.1980453518
3.8811792278	0.0858044324	133.0560829162
3.4343226670	0.0106549759	133.9475265618
3.1307211245	0.9634260532	133.9402205570
2.6456969312	1.1361186311	134.7975004445
2.5733794309	2.1186431828	134.9690104570
1.7932400042	1.7982529413	135.5063488681
1.3281015005	0.9200381816	135.6176368197
0.7390540645	1.6994862558	135.8309061745
1.1381957594	2.5781449900	136.0929075796
1.9445881837	2.8203756890	135.5534119388
