1.4748943676	0.3530321022	44.9577770653
1.6185009224	1.3416344959	44.9125834311
1.5898951942	1.0361371905	45.8643465889
0.8047526984	0.4180755122	45.8249635573
0.4242876597	-0.3937827664	46.2678320365
0.2713767409	0.4344294837	46.8069820340
-0.4975999192	-0.1885383826	46.6635040435
-0.4750523597	-0.2467210716	45.6654527511
-1.1901349720	0.3362260736	45.2796685065
-1.7486621560	1.1541957140	45.4174112093
-0.7648509634	1.3327047152	45.4015974862
-0.3961844342	0.7114295966	46.0930468460
0.3575265736	1.3601255393	46.1984664390
0.6337085391	1.2747185051	45.2411633728
-0.0426159594	0.5418637739	45.1669399557
-0.4940728756	-0.0230184066	44.4762194805
-0.5129771993	0.9658344328	44.3285282874
-0.0819426121	0.5202367577	43.5438934064
0.3930591680	-0.3584816825	43.4967000615
0.5919512379	0.0879572849	44.3691301120
0.7701999647	1.0449872772	44.1403923029
0.7935677242	1.9922590039	44.4599704993
-0.0923087116	1.9866017746	44.9238572702
0.6095079201	2.2918332288	45.5675087091
1.3050991312	2.0407084693	46.2406277344
1.1353887067	2.0729217792	47.2255950812
0.8684892892	2.0906780644	48.1891558813
0.8376960096	1.9041850908	49.1711294780
1.1387428539	0.9659813020	49.0004120269
0.2947165762	0.7832459874	49.5046217524
0.5704634196	-0.0877207266	49.0979515403
0.5444256382	0.2371646402	48.1525566322
1.1209704701	0.0759179139	47.3515600341
1.6025280671	0.0712732705	46.4751578958
2.1508601219	0.4684649205	47.2110728031
2.1935190567	1.4376539991	46.9684769557
1.2867116708	1.0296991559	46.8623015784
1.1845690475	1.1034066661	47.8543369041
0.2765741884	1.2660706156	47.4682206324
0.2800579330	1.1895804015	48.4652848784
-0.1165166619	2.0951477675	48.6158715189
-0.1196930083	1.8082386201	49.5738240501
-0.7714720260	1.1040018585	49.8553106321
-0.6037727728	0.7580501625	48.9321668814
-1.0364196137	1.6586037489	48.9748277413
-1.8483184500	1.2377058126	49.3793833082
-1.5511846578	0.3005301336	49.1965903754
-0.6855598121	-0.0212935162	49.5801567518
-0.4401783825	-0.2334240777	48.6342241015
-1.2675997905	-0.1435518179	48.0798805342
-0.5214251509	-0.6689629893	47.6710205236
-1.3790186468	-0.7195039142	47.1591816713
-1.1938434129	-0.8146087564	46.1810890367
-1.4776912031	0.1339853628	46.3210877122
-1.3883090436	1.1218987036	46.4477291771
-1.3084928808	1.9833773384	46.9492109235
-0.4634882955	1.4627889087	46.8269205408
-0.4815386595	2.0701276535	46.0326826461
-1.1149778242	2.8072409768	46.2680945685
-1.7279254945	2.1038761997	45.9081318705
-2.2182256736	2.4776876131	46.6954505872
-2.3389867344	1.4891146857	46.6052267908
-2.0113132339	1.4994898298	47.5499608452
-1.6117922766	1.0245235320	48.3340463128
-2.4123712595	0.5328813601	47.9914660055
-2.2534174804	0.5099184285	47.0044470594
-1.2876712411	0.5667779280	47.2576292047
-0.3740965713	0.3985271040	47.6278628914
-0.7259607534	1.2806377950	47.9410279057
-1.1217694962	2.1962516218	48.0116448966
-0.2354419954	2.1815239958	47.5488202448
0.2134072553	2.4325594723	46.6911982186
-0.4076639190	3.0973304261	47.1063490051
0.4556222014	3.1287579784	47.6100844350
0.4218942747	3.0053243948	48.6018639354
-0.4815687430	3.0482503198	48.1753525748
-0.7941994107	2.6910170664	49.0554926025
-0.0015965465	2.9537730966	49.6057107122
-0.7040495904	2.5495710220	50.1915267276
-1.5049738915	3.0734097343	50.4815496016
-0.8649543767	3.6104865051	49.9320738851
-0.8332885385	3.7700249985	48.9453901750
-1.6253993175	3.2950388133	49.3287289776
-1.5100362500	3.2105435265	48.3390058299
-1.0646983689	3.8269798351	47.6896365597
-1.4616632405	2.9880567074	47.3173102559
-2.2044932546	2.5392773224	47.8141005877
-2.7451544150	2.8925279303	48.5775791517
-2.4377281667	3.7212503168	48.1099165511
-2.7506576727	3.2861223919	47.2656779514
-3.2305556569	2.5182775547	47.6900742648
-3.2792876875	2.0223980339	46.8230513758
-3.0361083193	1.4751053213	47.6238849924
-2.5308119286	1.6744274123	48.4634957722
-1.8435769994	2.2899808515	48.8492445448
-1.6306913781	2.1844256428	49.8206032891
-2.4363996977	2.7747275750	49.7718412913
-2.6371712926	3.6628454618	49.3583955441
-1.9134453765	4.2888426732	49.0679677739
-1.8710431790	4.0739055370	50.0436747387
