2.3317028212	0.2281638914	144.5859923895
2.6265754148	-0.7122648913	144.4167474245
2.1386918696	-0.3222664670	143.6358051248
1.3278299407	0.2587479450	143.7059847904
1.0066448083	0.8676002479	144.4313391755
1.2866464536	0.2381311137	145.1561616970
1.4618569427	-0.4800828030	144.4827598449
0.4922116218	-0.3897072390	144.7099606572
1.0888716191	-0.8941132952	145.3341171905
0.5045554692	-0.1936234043	145.7438592432
-0.2302669221	0.4590075800	145.9285450613
0.2694759442	0.5378506094	145.0659670392
-0.1622983732	0.5357927858	144.1639877134
0.2569953606	0.4382266845	143.2613949920
0.4725688845	-0.4362471848	143.6959332614
1.2573727774	-0.8922054374	143.2761893852
0.5974366282	-1.6245416850	143.4440223363
0.9302070576	-1.5244169102	144.3816997173
0.4366023651	-2.3491610595	144.6576553218
-0.2542645426	-1.8390832840	144.1452847736
-0.9367044238	-1.3880311304	144.7204610624
-0.4088194274	-0.6656443632	144.2738126671
-0.3139477490	-0.5673790779	145.2644403965
0.1694217768	-1.4195149571	145.0638952767
-0.1967786578	-2.2049731275	145.5628468819
-1.0821664263	-2.6466322168	145.7078494618
-1.3146757704	-2.1737117122	146.5577233355
-0.3220561643	-2.0524486712	146.5564614332
-0.1179580457	-1.2025596825	146.0706295024
-0.9976998569	-1.5671408627	145.7654493774
-1.1810339156	-0.5840927188	145.7676786404
-1.6990533178	0.1659318005	146.1789195909
-1.8626037602	-0.6968622628	146.6572893823
-1.5214546742	0.0007170306	147.2873690840
-0.7311701218	-0.1573684426	146.6953730457
-0.4865315252	-0.4102965750	147.6314175515
-0.5446253376	0.1534167679	148.4553425335
-0.8267749668	0.7182158153	147.6798468064
-0.9878705878	1.0070293551	146.7361122356
-0.1703862778	1.5321236465	146.4994787890
0.8064743259	1.3217183661	146.5378581944
1.0359218379	1.1879692385	145.5737705375
1.8424104564	1.1769664195	144.9826233086
2.4681627175	0.6812472266	145.5848662741
2.9004128789	0.9067342866	146.4579730166
3.0132579246	0.0427633364	146.9487073571
2.8324367347	-0.3368308190	146.0413970604
2.8662117137	-1.1187927550	145.4189865999
2.0746725174	-0.5083772205	145.4482880632
1.7053295760	0.1105736585	146.1414587500
1.8495723809	0.9084265270	146.7268003712
1.3725013542	0.8996024703	147.6056208145
1.5376894973	0.0703285822	148.1394913006
1.2506345985	-0.4128809473	148.9665995375
0.5187796096	0.2126295857	148.6961834724
0.2445723515	0.9010854523	148.0247380917
0.0725574813	0.6632255593	147.0687916728
0.9052669322	0.2286772720	146.7256258873
0.2207431414	-0.4964982206	146.8001086692
1.0704598736	-0.7762958078	146.3532364446
2.0148411323	-0.9489348920	146.6331288967
1.7826258318	-1.6813896797	147.2731179889
1.4273752686	-2.2546063529	146.5347280629
1.9364774759	-1.7193057272	145.8607338621
1.9185504863	-1.4469753002	144.8986970845
1.9983909477	-1.4935423175	143.9029777397
1.4639056460	-2.3382253537	143.9318919356
1.4661901331	-2.3425306382	144.9318800583
2.2415487508	-2.9506738070	144.7616422828
2.6740329421	-2.1654632129	145.2048146503
2.3850225287	-2.7913568925	145.9291972032
2.3754288157	-3.6425624488	146.4539419616
1.4579600679	-3.3602733632	146.1736493128
0.7902486219	-2.7670070324	145.7239866775
0.7442543268	-1.7812100365	145.8855069792
0.6358743048	-1.6498149349	146.8708947699
-0.1333788848	-1.4805295805	147.4870051489
-0.8672475485	-1.1846959976	146.8755157575
-1.4706118431	-1.0872414856	147.6670043210
-0.7470998895	-1.2274310812	148.3429313365
-0.0515024298	-1.9331848553	148.4773031504
0.6748764113	-2.6197431115	148.5091078674
0.9321087711	-2.3804756117	147.5728479801
1.0009360432	-1.5244618960	148.0851987634
0.2957905145	-0.8298453224	148.2275981976
0.5593207200	-0.0291940383	147.6895374649
1.1425808534	-0.7906317758	147.4066590658
1.8086950751	-0.0889470055	147.1538145943
2.0794035168	-0.7863941829	147.8173538729
2.8504279754	-1.0685737617	147.2464808838
2.6818909579	-1.9064315070	146.7272606297
2.2005425532	-2.7301066166	147.0270322548
1.5113483128	-3.3696761674	147.3675643217
0.5402855951	-3.3692212971	147.6063885069
0.4944427729	-2.8667230140	146.7430265254
-0.2065549079	-3.1429011431	146.0855100674
-0.7221054997	-3.0796123984	146.9400287167
-0.1581312825	-2.5253455376	147.5521735764
-1.0457704021	-2.0694090928	147.6171254953
-0.8631121784	-2.7260295433	148.3488942821
