-0.1158171927	0.7585389895	-209.8794143705
0.0029476573	0.5020885852	-208.9201812911
-0.5636174751	-0.1949780299	-208.4807474680
-0.9477694644	-0.9981471573	-208.0253941964
-0.8936036094	-1.1315861158	-209.0149699159
0.0918098839	-1.3017377617	-209.0120263481
0.5121939385	-0.4164964882	-209.2110869783
-0.3981833348	-0.3753487709	-209.6228151481
-1.2165464261	-0.7934653460	-210.0170997918
-1.4873856908	-1.7262522042	-210.2549122599
-1.8475670311	-1.6791204468	-209.3232213243
-2.6755641373	-1.3111924923	-208.9000785441
-1.8172327868	-0.8645425791	-208.6475490453
-1.4441892717	-0.0789735808	-209.1412289868
-1.5883486616	0.0749726012	-208.1637226474
-2.3458553775	0.4812968920	-207.6527587093
-2.7768045336	1.3458887616	-207.9111454810
-3.2758949327	0.5723070652	-208.3016325262
-3.3041766746	-0.3977713467	-208.0604935253
-3.3188570376	0.1198008292	-207.2049799195
-2.8482899405	0.8050460386	-206.6490971889
-2.3245958994	-0.0467829321	-206.6376099768
-1.5214046893	-0.3804764611	-207.1311001072
-2.3622467739	-0.5676861099	-207.6389752259
-2.9765416558	-1.0893128942	-207.0469048788
-2.1950277733	-1.0874900583	-206.4230196901
-1.2542916451	-0.8015789325	-206.2406180312
-0.6330326704	-0.0479900788	-206.4554228867
-0.0876307992	-0.8572967427	-206.2373414279
0.8381988763	-1.1159908355	-206.5128714233
0.2668403463	-1.2776187033	-207.3174992022
-0.6837897893	-1.4898540923	-207.0910958346
-1.6655115050	-1.4459748131	-207.2762905479
-1.8674208053	-1.8608128167	-208.1635008190
-1.0790261129	-2.2635595432	-207.6984966435
-0.4247099357	-2.9061447432	-208.0971877530
0.0659243798	-2.3767017730	-207.4051125333
-0.2299494450	-1.8463598182	-208.1995910357
0.4412824779	-2.3404566344	-208.7521451434
-0.2194990625	-2.8498561674	-209.3033981449
-0.8821026122	-2.2102353363	-208.9137294032
-0.4899766604	-1.7762886573	-209.7248567160
0.3497593396	-2.2696722371	-209.9516078869
1.3057994685	-2.0765613688	-210.1722783753
1.1499300274	-1.6484385486	-209.2821011075
0.9509634073	-1.4375700076	-208.3250500417
0.3646957794	-0.6416902149	-208.1738362062
0.5517938356	0.3308085953	-208.0351265041
-0.0891043561	1.0922685486	-207.9380273414
0.0598096520	0.6396975617	-207.0588208127
0.4383116516	0.3884730025	-206.1679659103
1.2296575035	0.6069948976	-206.7389474546
0.8955722997	1.2718584625	-207.4070369073
1.1092846331	1.2006325134	-208.3813335268
1.1975901819	0.4346983388	-209.0181592252
1.4279630445	-0.4564576053	-208.6273019272
1.2341633337	-0.5421726250	-207.6500125087
0.4555372839	-0.2685758095	-207.0853123609
-0.4691949436	-0.2678062774	-207.4659299057
-0.9538784986	0.6064503895	-207.4934459338
-1.5868127784	0.8626766036	-206.7628692269
-1.7608338935	1.4078819368	-207.5829105650
-1.0737244466	1.3210660511	-208.3042590314
-0.9979791270	0.8127217615	-209.1620752878
-1.1572809673	0.3984296304	-210.0581695651
-0.5864481541	-0.0660155121	-210.7352519891
-1.3946044602	0.3544199873	-211.1477048660
-1.9142892865	-0.2728864358	-210.5676925101
-2.2553052022	-0.5505770819	-209.6695855843
-2.4788800367	-0.0174782501	-208.8536076870
-1.9833347583	0.8264037542	-208.6479428143
-2.1950979631	1.8033284806	-208.6757712908
-2.7756795638	1.1863580271	-209.2070644908
-2.2737364645	0.5252669323	-209.7647487110
-1.6538651253	1.2900580505	-209.9404019729
-0.7643085866	1.7152529863	-209.7733737390
-1.1691199687	2.1421702456	-208.9647518258
-0.5932820393	2.3367870749	-208.1706895053
-0.1072255356	1.7382457613	-208.8074762601
0.2327992739	1.8209972520	-209.7442448119
0.8958610274	1.1467558722	-210.0694334845
1.1874507178	1.3775212774	-210.9977237301
1.3760483420	0.4424733026	-211.2979173693
0.6628724812	0.3024717067	-211.9847796151
0.3567966566	-0.6059615307	-212.2695016601
1.2254103657	-0.8192083635	-211.8222478032
1.2945390250	-0.7761952640	-210.8255677633
1.4050287730	-0.7579881702	-209.8318572837
0.5471179757	-1.2396738597	-210.0106531460
-0.2962075848	-1.1398818259	-210.5387095341
0.4361503427	-1.4504540513	-211.1446771560
0.4203477588	-0.4507123379	-211.1283436086
0.6319099293	-0.0542103349	-210.2350196978
0.3232053178	0.5869601561	-210.9375877474
-0.5758171342	0.9943145293	-210.7768984649
0.0421204385	1.7705597611	-210.9017843983
0.1646099765	1.2201683834	-211.7276570547
-0.4271788031	0.4208434970	-211.6234180688
-0.5751939339	-0.5676039761	-211.6560235006
-1.2772524071	-0.9280403236	-211.0418577741
