-2.2250329720	-2.0028213140	89.0385907002
-2.1301476280	-1.0447421801	88.7682554553
-1.7903450330	-0.2127102359	88.3297842016
-1.1056695163	-0.9401481129	88.3751005550
-0.6437942461	-0.1145919401	88.0508657012
0.0112728843	-0.8547343220	87.8989568169
-0.2021277499	-1.6052059997	88.5244585597
0.7176086846	-1.9890419722	88.4422707432
1.1921923307	-1.9130476157	89.3191944689
1.8262922045	-1.5914034997	90.0223746824
1.3268636340	-0.7509961597	89.8119308516
1.2903469557	0.0590133240	90.3972095617
0.4396770516	-0.4340952996	90.5794308547
0.2700331177	0.4619591058	90.9896837502
0.3183004297	0.7386540528	90.0299389023
-0.4983300642	0.1721890988	89.9193401117
-0.3429920089	-0.8070758238	90.0493797201
0.2172928765	-1.4015520277	89.4725964937
0.7814617725	-0.9293865170	88.7952685176
0.6012329967	-0.0701986158	88.3164013766
0.1374268225	0.5228050784	88.9746038162
0.5072867739	0.9592021879	88.1543836145
-0.4382745398	1.1435360100	88.4225903334
-0.9800159489	0.5376820789	89.0052199412
-1.9749213029	0.5917493492	89.0903085232
-2.8383613171	0.2215686162	88.7476168734
-2.7643234036	1.2188234250	88.7487276217
-2.5445586984	1.6823200425	89.6071414845
-1.9906742212	2.4225118992	89.9883605832
-1.6385326232	2.2010138883	90.8977202074
-1.8568170721	1.3334456934	90.4508675172
-1.6058577032	0.4330923939	90.0953631837
-1.5273563978	-0.4956376041	90.4577140303
-1.1991903270	-0.9660962737	91.2768450760
-0.6633712459	-1.0916320163	92.1117933916
-0.1547412101	-0.5346814750	92.7683766547
0.7614175083	-0.1996575834	92.5483489415
0.2128659810	0.5394120599	92.1573664815
-0.5606571344	0.6647213263	91.5361100306
-0.4884909970	-0.2135171019	91.0633634687
0.1829130367	-0.4984299372	91.7474989084
-0.1244998249	-1.1936293890	91.0977335241
0.3522822231	-1.6741551292	91.8337864377
0.3803212858	-2.2952251860	91.0505330972
-0.3470895667	-2.1959828282	90.3715453167
-0.7771699808	-2.1127831393	91.2704939521
-1.6261227186	-1.8172459702	91.7086001386
-2.5613154179	-2.0469214998	91.4390379635
-2.1628773185	-1.3157379619	90.8853072394
-2.4560260679	-1.0387947765	91.8003844398
-1.7255923589	-0.4084127374	92.0632248504
-0.8862224612	0.0819415678	92.2977687274
-0.9560563744	1.0676357684	92.4511641886
-1.1468265800	1.4649009524	91.5535077386
-2.1092402384	1.1936898980	91.5678085803
-1.5102828085	0.5204588480	91.1342074382
-2.3967484036	0.0699627247	91.0282263480
-2.8781683560	-0.5690356985	90.4282964816
-3.4861681223	0.2155837348	90.5495756187
-3.5382946773	0.0840625030	89.5596337074
-3.2177473716	-0.8422101123	89.3614709789
-3.0006688782	-1.5299842158	90.0541785003
-2.4025878881	-2.3306077053	90.0902500610
-1.6524136799	-2.4018203518	90.7476444755
-0.9702642339	-3.0497967619	90.4088248993
-1.3698470653	-2.4356342557	89.7282824856
-0.4438787480	-2.3579901236	89.3587502623
0.4647835875	-2.5424752117	89.7333140250
1.2267892655	-2.4837446978	90.3782156249
0.8083738711	-1.5781270501	90.4473910100
1.4965837075	-1.8213115610	91.1309321680
1.0799910541	-0.9344581115	91.3307859152
1.2443750777	0.0490294870	91.4064829185
1.2431214262	1.0021177825	91.1037930949
0.4339678600	1.5185992473	91.3840026643
0.0737433007	1.6618943601	90.4622083394
-0.7101994055	1.0434729570	90.5168782726
-0.9485636956	1.9670901535	90.2166887668
-1.0139536813	2.4575246267	89.3476673762
-1.8474654523	2.1524637121	88.8870200425
-1.4874924114	1.3061784095	88.4943107397
-1.3905095539	1.3818599723	89.4867152068
-0.3931328425	1.4343847967	89.4369071932
0.1725626024	2.0012678557	88.8380480603
-0.0618274159	2.3501426884	89.7454331331
-0.3403615244	2.8497449959	90.5656869260
0.6175341615	2.5627303270	90.5580426566
0.9768530967	1.9231548066	89.8784596547
0.8690959159	1.2090708263	89.1867426179
1.2465666302	0.2994587610	89.3602988059
0.4520546447	-0.2730694544	89.5626898817
-0.3742071411	-0.3725415570	89.0082561507
-1.2914267564	-0.5238252703	89.3767957217
-0.8877704455	-1.4380513551	89.3414085981
-1.0782335832	-1.5411291890	90.3176763653
-1.9128485301	-1.2921250809	89.8263365191
-2.2759691252	-0.3841967853	89.6170289859
-2.5987530759	0.5197350800	89.8975957408
-2.9006326034	1.1099266717	90.6462896943
-3.5348161669	1.0962400063	89.8732283236
