-1.6396627866	-2.2691050554	-113.9744199925
-1.8348602754	-1.5142583262	-114.6006023587
-1.8288931444	-0.7724830971	-115.2712243856
-1.4456874344	0.1499313382	-115.2232140393
-0.9286630012	1.0024580072	-115.1465067112
-0.4730014937	0.2700964664	-114.6405233476
-0.5765681225	0.1920368243	-113.6489686867
-1.2261183203	-0.4893850265	-113.3117020240
-1.6383229237	0.4138602316	-113.1923899600
-0.9864809070	1.1683764526	-113.1161845967
-0.7747039585	1.2483965305	-114.0902212035
0.1494540757	0.8916012431	-113.9537329231
0.3581890745	1.7495617963	-114.4231297589
0.1759928347	0.9777035297	-115.0322597503
0.5754791240	0.0999757482	-114.7676758388
0.0394063955	-0.5382202615	-114.2151073968
0.3920358853	-1.2530608571	-113.6112403869
0.4123294890	-1.8584839380	-112.8155953261
0.9603027051	-2.3996053903	-113.4534925970
1.4365039789	-1.6703145419	-112.9622012321
2.0309650402	-2.1816965223	-113.5827691307
1.5654885295	-1.4088219202	-114.0140422082
1.2671673132	-0.4617194021	-114.1323691794
1.8631813563	-0.8339063905	-114.8438775111
1.5487013723	-1.6233522064	-115.3710185201
1.5213369375	-2.3256548977	-114.6596662041
0.9772821450	-2.5074433021	-115.4787860724
0.0001006944	-2.3340065258	-115.3561643077
0.4166335970	-1.4981244933	-115.7136577604
1.1039244616	-1.4309700927	-116.4369291852
0.7499196626	-1.2903812088	-117.3615455208
-0.0720150066	-1.4568462538	-116.8168320288
-0.3278097441	-1.2506235996	-117.7613113929
-1.2122666016	-0.9879912086	-118.1470059540
-1.2333289366	-0.9545422046	-117.1477874883
-1.6940129736	-1.1787602997	-116.2890113453
-0.7300707010	-0.9682074978	-116.1262759381
-0.9415180707	-1.6135473931	-115.3922279633
-0.3750726329	-1.5427029434	-114.5711794690
-0.9203091601	-1.3079007892	-113.7664527589
-0.3701617294	-2.1183169480	-113.5650490497
-0.5049029943	-2.6968208766	-114.3695227883
-0.0706774621	-3.1915601586	-113.6167404624
0.6336704060	-3.1191244701	-114.3228899875
0.4799141028	-2.1311015381	-114.3359163114
0.7732146647	-1.2742837183	-114.7599894231
1.0067490213	-0.5952764010	-115.4559856639
1.7157205713	-0.2874674512	-116.0905035846
1.5025378967	-0.5165962816	-117.0402683588
1.1466725187	0.4042838396	-116.8810840786
0.4879281134	-0.3104145312	-117.1161628895
0.2618984486	-0.5979752980	-116.1854538071
0.4047649289	0.3681458240	-115.9705139402
1.2216734234	0.6931351731	-115.4940242397
1.6964741480	0.2222060697	-114.7505257182
1.1646001114	0.9575522487	-114.3305542831
2.1408650473	1.0770823357	-114.1499460517
1.8242421687	0.3595859318	-113.5295035779
2.2287974209	-0.4626839946	-113.1292446418
2.1234817702	0.3009949964	-112.4922964395
1.2697754151	0.7812071433	-112.6937455725
0.8981956541	1.4520622549	-113.3355258312
-0.0300412868	1.8036230965	-113.2139480524
0.0062565845	0.8383119194	-112.9553812411
-0.7011690620	0.2077868756	-112.6360270118
-0.1409207997	-0.5450605424	-112.9814870671
0.4969881142	0.0239220239	-112.4625159149
0.5657048756	0.0087897813	-113.4600373543
1.2534378213	-0.4989802311	-112.9411992198
1.4026943052	-0.8493864606	-112.0165706585
0.4120173729	-0.9463041600	-112.1123108031
0.4086314023	-0.4693849219	-111.2333702047
-0.5391776991	-0.1557515187	-111.2907461214
-0.1148140327	0.5751050033	-111.8253153151
-0.6333408002	1.3707741851	-112.1384295828
-1.4639795395	0.8141509849	-112.1239417313
-1.7190244903	-0.1497035980	-112.2009898733
-0.9593884533	-0.7858713891	-112.0659208804
-0.5634805118	-1.4517386011	-112.6982797641
-1.2261542124	-2.1721604176	-112.9028670874
-1.7580806447	-1.3257518108	-112.8774359834
-2.4387484322	-0.5956456371	-112.9377380408
-2.1335371499	-0.8097019616	-113.8656528877
-2.4518818861	0.1368560266	-113.8138397244
-2.5728656025	-0.2726699626	-114.7180805134
-2.4126644022	0.0833772342	-115.6387139741
-2.4025903121	0.7354095706	-114.8805897462
-1.8493931320	0.9987698057	-114.0902643282
-1.4896547778	0.0762084376	-114.2297951083
-0.9532483642	-0.6244223473	-114.7003104243
-0.1205801588	-0.6730130612	-115.2519467196
-0.5335174947	0.0877193976	-115.7527150121
-1.3344702799	-0.0825114484	-116.3267325162
-1.4811516549	0.8758845994	-116.0818619592
-1.0816817758	0.8059687842	-116.9959383206
-1.3305523932	0.1049432014	-117.6642395611
-0.4492317998	-0.2173431740	-118.0097905759
-0.5277739199	-0.2240109114	-117.0129020783
0.0490748391	0.5875706064	-116.9202686651
-0.3792566659	1.0806650303	-116.1630434601
