-0.8564175816	1.2229428110	-44.7983084145
-1.4917674293	1.6734779014	-45.4254835921
-1.4994758168	0.6736312571	-45.4412083721
-2.0162097799	-0.1184223725	-45.1161898200
-1.9494283436	0.6037025112	-44.4276581271
-1.5467572345	1.3685815870	-43.9248500352
-1.1453678478	0.5246197838	-43.5690199704
-0.3665212610	0.5681975012	-44.1947187612
-0.1933875813	0.4769854487	-45.1753843976
-0.7848927416	0.0423326048	-45.8545004043
-1.3940369322	-0.2161966713	-46.6042376706
-1.0648345555	-0.9623075132	-47.1829814885
-0.2121141139	-0.7630239025	-47.6658416038
-0.5181917512	0.1843630279	-47.5721693878
0.4305756057	0.2444100274	-47.2619519475
-0.2021717058	0.6955727046	-46.6326006318
-0.4745725660	1.2605429289	-45.8537512131
-0.4819308372	2.0748392467	-45.2733484540
0.4736543479	2.3532191277	-45.1765931139
0.3909797938	1.3645087981	-45.3015603188
0.7433892910	1.0705210344	-46.1900302063
1.2289709509	0.6101129242	-45.4469051673
1.6418594247	1.3282881698	-44.8867735535
1.5215388758	2.2181021808	-44.4465985981
0.8556471967	2.2058667064	-43.7006505000
1.5819869438	1.5619467060	-43.4602391755
1.8283534688	1.0765310857	-42.6213856657
2.4151756555	0.3333138467	-42.3000325004
2.3009331129	-0.6549583161	-42.4013575895
1.4419670401	-0.1598627083	-42.5319624326
1.4705128908	-0.6840288931	-41.6808249906
1.1588211650	-1.3254708197	-42.3818246504
0.1767325355	-1.1432486984	-42.4297519111
-0.4326744339	-0.3559500209	-42.5234745764
-0.4597109627	-0.3007933580	-43.5215861777
-0.1215683986	0.5611912633	-43.1439062617
0.5084504397	-0.2124332524	-43.0762204283
1.3151740211	-0.4841758822	-43.6009613228
1.7912573199	-1.3113068739	-43.3022992810
0.9670321712	-1.8606984862	-43.4394917028
0.2982972165	-1.9084997628	-44.1814543692
-0.5991556040	-1.5847889394	-44.4811037273
-1.1368828850	-1.0324114861	-45.1180719528
-1.1175050155	-1.1144048654	-46.1145164239
-0.3786621388	-1.5515717240	-46.6273481130
-0.2247853194	-1.7275978439	-45.6550638286
-0.1867764039	-0.7295334002	-45.7042846426
-0.2667400275	-0.4544327335	-46.6623688988
0.5042824708	-0.0403972201	-46.1785312186
1.1532771303	-0.5101324554	-46.7769915270
0.7002113113	-1.1017481116	-46.1101165170
1.3655107609	-0.4973714479	-45.6718181133
0.5940956902	-0.2027600247	-45.1077942681
0.6759399155	-1.1719460663	-44.8754584344
1.4721574152	-1.4868744081	-44.3588755923
1.7257627559	-0.5934046518	-44.7295454260
1.5945714557	0.3325901872	-44.3755363852
2.4467817551	0.7695650754	-44.0878029103
2.1952345964	0.0977565815	-43.3910982566
1.2753444824	0.4896777229	-43.3769562226
0.5862477216	1.2138062076	-43.4049489337
0.7489087384	1.0178087598	-44.3719682686
-0.0472515536	1.6219685391	-44.3385055935
-0.8697344321	2.1557552070	-44.1420527807
-0.6665906005	1.5182483625	-43.3988720443
-0.1223877111	1.4493424430	-42.5627529204
-0.6710439091	1.5691975380	-41.7353406092
-1.0087963177	0.6545269148	-41.5133024109
-1.0224920499	0.6971111184	-40.5143034056
-0.5221162399	-0.0586778144	-40.0919207143
0.2885812419	0.4381791230	-39.7822389797
0.5432624216	-0.1289090768	-40.5655323286
-0.0421771655	0.5539215367	-41.0025710491
-0.0962472894	0.5966810424	-42.0001922429
0.7597895436	0.6969405024	-42.5072908341
0.8974573943	1.6833289523	-42.4173720437
0.5340372646	1.4382719482	-41.5185545572
0.8971102445	0.9828277633	-40.7056901124
1.1441190782	0.3923915824	-41.4740466392
0.4803433846	-0.2374837191	-41.8773566107
-0.4175182628	-0.3277967494	-41.4464412841
0.0521803722	-1.1921723505	-41.2668918131
-0.6733888061	-1.0329180892	-40.5974237796
-1.0448539133	-1.2778950627	-41.4929682825
-0.6056614429	-1.8191803338	-42.2099900599
-1.0987231251	-1.2713999110	-42.8858796854
-0.3852052165	-1.5325502268	-43.5360279045
0.3625581879	-0.9049816818	-43.7528402942
0.5350019562	0.0186724082	-44.0950774472
-0.1940651047	-0.4512012527	-44.5927520032
-1.1170549798	-0.0795541697	-44.6925925565
-1.4027396200	-0.6310275885	-43.9088442840
-1.4732498003	-0.2798623915	-42.9751894661
-1.3787704913	-0.3200188122	-41.9804728622
-1.4712883296	-0.1667889818	-40.9966227371
-2.0245747044	0.6377489948	-41.2124764645
-2.0880743463	0.5869250521	-42.2091633373
-2.0274359736	0.9149331320	-43.1518900672
-1.4041450307	1.5145293236	-42.6499012152
-1.0188810537	0.5972604934	-42.5489578584
