-0.5484638865	-0.0119199440	-187.9206250546
0.2599304833	0.5154012955	-188.1822179697
0.8862840760	-0.0949309886	-188.6671671216
0.8600696255	0.7632604976	-189.1798270242
-0.0938986463	0.5208627087	-189.3564278408
-0.6491209665	-0.2541020814	-189.0545044246
0.1958489388	-0.5659906568	-189.4889596877
0.7014075658	-1.0723514211	-190.1875362769
1.0989466981	-1.0409797962	-191.1045850539
1.2968731216	-1.0091403210	-192.0842846909
2.2004651845	-1.4080748308	-191.9281672968
1.8650166525	-1.8837390037	-192.7413203433
1.5626991065	-1.7244769107	-193.6811286680
1.0838358451	-0.8949346226	-193.9684430761
0.5407364957	-1.4203001240	-194.6234500888
-0.4197226870	-1.5185777829	-194.3629512208
-0.5421100778	-2.3656361524	-193.8457342015
-1.3667510410	-1.8035909943	-193.9095505151
-1.5712338076	-1.1293777824	-194.6192147618
-0.8258240388	-1.1205552861	-195.2857629148
-0.1241352016	-0.5322645358	-194.8838341043
-0.1070933823	-0.5361281150	-193.8839867914
-1.0955133827	-0.5807606267	-193.7389563055
-2.0719410515	-0.4814243470	-193.9305843594
-2.4285546372	-0.4335207581	-192.9975613175
-1.7002380771	-1.1169628940	-193.0471782007
-1.0528222917	-1.5192836396	-192.3998831995
-0.5229453092	-1.3673602328	-193.2342390360
-0.0154236575	-1.8621295851	-192.5288135891
0.7681181110	-2.3177070379	-192.9513197803
0.3585882927	-1.8088179533	-193.7084969243
0.8108284258	-1.2155797617	-193.0425034483
1.7291089350	-0.8219945102	-193.0855331614
2.2746780709	-0.2491610491	-192.4738010765
2.7638471434	0.1593930605	-191.7032187265
2.3692774719	-0.6157359227	-191.2097718360
1.6235124572	-0.1611045819	-191.6967470785
1.2075599116	-0.0223323865	-190.7980114346
0.4786653145	0.2568279953	-190.1728857293
0.3558608315	0.6693194757	-191.0755317493
0.7581708689	1.5401223617	-191.3581073456
1.1137391662	0.8187829900	-191.9524479020
2.0595447028	0.8371544721	-192.2766613743
2.0181755390	1.3900729748	-191.4444536349
2.1594341181	0.5360165937	-190.9438203242
2.4542289173	0.0886510074	-190.0994507022
1.8747417914	0.6429422253	-189.5019928236
1.3176415508	-0.1496622509	-189.7498182988
1.8620492059	-0.8096472721	-190.2675441693
1.6783031374	-1.7925894246	-190.2754249775
1.6184572629	-2.0744703598	-191.2330061018
0.8587622693	-2.3619067707	-190.6497018703
0.2745908524	-1.6099487856	-190.9551571767
-0.5643841134	-1.8017562262	-191.4644026112
0.0406702203	-2.5818078975	-191.6238662231
0.8076011493	-1.9648620107	-191.8004865021
0.2375853078	-1.1468903094	-191.8779735094
0.0963037536	-0.5699381564	-192.6824396278
1.0014284168	-0.1468656545	-192.6404991659
0.5477589837	-0.1864626412	-191.7502092557
0.2166371516	-0.4901578485	-190.8568294074
-0.6397378844	-1.0047151748	-190.8137880819
-0.7796680198	-0.6253801589	-191.7284052165
-0.9061949500	-0.4574575904	-192.7060518536
-1.5443843560	0.2236988639	-193.0648556534
-1.5589232328	0.4416695100	-194.0407026796
-1.1696267078	1.3626085124	-194.0585791859
-1.1770725292	0.9296020573	-194.9599392524
-1.1318661693	-0.0653453818	-194.8702956339
-0.3383580472	0.4302046266	-195.2235307529
-0.5125407927	0.3859716800	-194.2398113734
-0.4529853225	0.2864766068	-193.2465571882
0.2774078482	0.7371945433	-192.7333523967
1.1953001705	0.9578381189	-193.0631858353
1.6374058823	0.1969007902	-193.5380720547
0.6391945853	0.1391948019	-193.5224443434
0.5241844107	0.3340626462	-194.4965075769
0.3050382068	1.1412916264	-193.9484598464
-0.4507721306	1.3414735895	-193.3250194599
-1.1518945024	1.2836555576	-192.6143264917
-1.3165132961	1.3811793625	-191.6328022892
-0.3223919387	1.2731886410	-191.6250092982
-0.4716677291	0.4108662272	-192.1088654681
-1.4323104954	0.3108969897	-191.8496905710
-1.7446665914	-0.5769400762	-192.1875944236
-2.1668558479	-1.4826923798	-192.1505944739
-1.5855360406	-2.1506575889	-191.6859550858
-1.5368337026	-1.2391599288	-191.2775434089
-1.3580153869	-1.6665104150	-190.3913179456
-1.3202985145	-0.7237953639	-190.0598578878
-0.5816525489	-0.0498124635	-190.0476436551
-0.6266190645	0.0821797703	-191.0378739630
-1.5857372889	-0.1895882052	-190.9589157519
-1.4780285625	0.7761917037	-190.7229750862
-1.1065487451	0.8187282932	-189.7955089769
-0.4093439893	1.0305031362	-190.4803862975
0.4175372501	1.3864125750	-190.0449601989
1.2490601577	0.9557818344	-190.3958545126
1.2716830767	1.9551844596	-190.4219810589
2.1225580253	1.4522331087	-190.2701529972
