-0.5401521348	-0.0550238153	39.5304695329
0.4532552332	-0.1685470623	39.5145235729
0.3274259400	0.7956337781	39.7480236713
0.4753736574	0.2077014502	40.5432890678
0.1781034275	0.5218066754	41.4449366253
-0.5657457540	0.1711088557	42.0138825228
-1.5005049957	-0.0924039722	42.2521809692
-1.7004349158	0.1605359696	41.3055821034
-2.3964460483	-0.5362126978	41.1320603525
-2.7686907723	-1.4166239074	41.4258459333
-1.9497593616	-1.2916987040	41.9859754167
-1.4473045684	-1.9817074621	42.5069620714
-0.5336505915	-1.9731424485	42.9133646441
-0.8725181914	-1.0487469265	42.7382599078
-0.9682602659	-0.8301086360	41.7671622026
-0.2398973822	-1.4735067173	42.0028026461
0.5435694892	-1.5649113849	42.6174772333
0.6918416233	-0.8331004507	43.2826600133
-0.0926747409	-1.3304826611	43.6529909613
-0.3554271417	-0.4000466112	43.3975502972
0.0073575013	-0.5248430858	42.4740714708
0.0695422817	-0.5114865374	41.4760961927
-0.5342806645	-0.0812904332	40.8050305017
-0.4961374490	0.7858259986	40.3083875829
-1.3566604681	0.2827729720	40.2281517670
-1.9383447068	0.8732756154	39.6687323585
-2.4926756392	0.2381492892	40.2066280427
-1.9927321885	-0.5814324378	39.9267310280
-2.5798299715	-0.7656069897	39.1384443240
-2.1283889930	-1.5571322131	38.7265112425
-1.1731274869	-1.6153476671	38.4365346644
-0.1740607276	-1.5803463939	38.4618431885
0.7365046423	-1.1687646076	38.4234877407
1.6324475133	-1.5867123546	38.5738408341
1.4231958071	-0.7520712535	39.0833385827
1.4892476629	0.2012795443	39.3778880838
1.5172672002	0.7985260489	40.1794562458
1.2498079697	0.6607942024	41.1331309799
1.9735303998	0.0593519677	40.7947627153
1.8277821098	-0.1315527775	41.7654906969
1.1234991535	-0.7217926283	42.1599554430
1.6943391754	-1.4276199868	42.5794186827
1.8074801615	-0.5251173168	42.9949761972
1.2490573804	0.2781512805	43.2021562111
0.5246306068	0.3148625398	43.8905297529
0.0719862195	0.5252932786	43.0240241483
0.7094905274	0.1950104684	42.3279627123
1.3195713893	0.9615497476	42.1274162705
0.6471794211	1.4701667648	41.5896451567
0.5127829311	1.4146661534	40.6002729994
-0.4284659527	1.7375349879	40.6992995330
-0.7436686334	1.1276430840	41.4264027826
-1.5104506352	1.0998837330	40.7850956953
-1.1825120971	1.4827017056	39.9214367839
-0.7479994386	0.9338762665	39.2073013717
-1.4055830061	0.2465737415	38.8987578728
-1.7284606761	-0.5754302277	38.4296528900
-1.1197172783	-0.8139941299	39.1863025714
-0.7712350992	-1.0852416133	40.0835121197
-1.3385518215	-0.7819525897	40.8491278880
-1.8908619481	-1.6154672793	40.8347478226
-2.6890713850	-2.1945801024	40.6689466376
-2.8247448414	-1.2806628648	40.2863920716
-2.6338814601	-2.0072316883	39.6263398657
-1.7954397834	-2.5202626951	39.4424520169
-1.6649277088	-1.5668782955	39.7145269791
-0.7707755630	-1.8993220173	39.4145717956
-0.7533056971	-2.7191960177	38.8422943916
-0.5996087578	-2.8119076663	39.8260534073
-0.9379302005	-2.0816173865	40.4195302044
-1.4372562306	-2.8795189446	40.7572084823
-2.0054491670	-2.4570202054	41.4633611587
-1.1493412791	-1.9472785318	41.5484652746
-0.7861597523	-2.7744830443	41.9772214677
0.1697877026	-2.5244350080	42.1309759571
-0.1633307115	-2.3141191941	41.2118462706
-0.4215412911	-3.1884907522	40.8009914604
0.3886395404	-3.3981459495	41.3483959895
0.8220619465	-2.5657562945	41.0030375090
0.4788710528	-2.7594179345	40.0839536284
0.2129438013	-2.2653955730	39.2561706838
0.9683446294	-1.6214431901	39.3773932794
1.8212238648	-2.1185714777	39.5369566695
2.0782463136	-1.1686600145	39.7147421378
1.9649276833	-1.1578523511	40.7082420535
1.5827414234	-1.6314821441	41.5017207753
1.7779528670	-2.2491382857	40.7398852399
1.0264498299	-1.7088920062	40.3612334963
1.2222226440	-0.7610407385	40.1097360221
1.1534236122	-0.7686204820	41.1073377666
0.5297883426	-1.5184941122	41.3281738802
-0.3962583721	-1.3514328211	40.9897540118
0.2303097146	-0.8472089623	40.3954723168
0.0671011462	-1.7950057255	40.1215302445
0.1043431365	-1.1092900891	39.3946140869
-0.1832075429	-0.5292741761	38.6324486538
-0.5897905201	0.1617637017	38.0348225717
0.0851237263	0.5196055327	38.6801441846
0.7798343786	-0.1404433736	38.3942901121
1.0566474592	0.8154348837	38.4926327558
