-0.5401521348	-0.0550238153	39.5304695329
0.4532552332	-0.1685470623	39.5145235729
0.4047907673	0.8036987159	39.7434107552
0.4622732925	0.2020478252	40.5400988780
0.1045188889	0.5642524501	41.4008076537
-0.5202872951	0.2792071085	42.1276958057
-1.5056743335	0.2703235551	42.2977942099
-1.7102279588	0.1618094740	41.3249722794
-2.4066097818	-0.5346991670	41.1519749681
-2.7904324061	-1.4197313771	41.4154103114
-1.9810695873	-1.2673590934	41.9826091431
-1.4951595736	-1.9608513445	42.5145489480
-0.5624450221	-1.9526548008	42.8750713220
-0.9239196534	-1.0292667537	42.7458791963
-1.0140891526	-0.8068751390	41.7751004207
-0.2951999163	-1.4577087542	42.0192599410
0.5025524341	-1.5379057864	42.6168882732
0.5692473259	-0.7514263274	43.2308930385
-0.1405297460	-1.3096265436	43.6605778379
-0.4032821469	-0.3791904937	43.4051371738
-0.0759445149	-0.5553632786	42.4767982139
0.0235916212	-0.4808686094	41.4845567605
-0.5672005283	-0.0742080234	40.7877125857
-0.5224063700	0.7860184934	40.2797718184
-1.3611092763	0.2574269227	40.1487436293
-1.9787517908	0.7960312348	39.5756615067
-2.6693241302	0.1689944113	39.9361260209
-2.0573002823	-0.6172283773	40.0214520801
-2.2059599342	-0.5786175930	39.0333177192
-2.1291074421	-1.4869183329	38.6221201264
-1.1471046856	-1.5261405670	38.4373711004
-0.1526154816	-1.5476119761	38.3347543289
0.7642251744	-1.1587823464	38.4253894798
1.7080341691	-1.4851326677	38.4775435711
1.4343303855	-0.7320090729	39.0757835646
1.4686819237	0.2163639023	39.3910749723
1.3616671076	0.8284746155	40.1745724540
1.2126971307	0.6927456950	41.1540547694
1.7768721813	-0.0343856631	40.7629198816
1.8948768455	-0.4822107969	41.6492198020
1.0540035665	-0.7767400104	42.1032954247
1.5963482073	-1.4523124325	42.6027593305
1.6118428815	-0.6370867511	43.1816954266
1.1754095849	0.2626474592	43.1837759299
0.4664776627	0.3046019926	43.8878038745
0.0468572881	0.5446814450	43.0124293274
0.6843615961	0.2143986347	42.3163678914
0.9553134479	1.1656788675	42.4635107223
0.6415290063	1.4939463461	41.5725675217
0.4098992333	1.2860325792	40.6222415178
-0.4183436765	1.8393851542	40.7106418012
-0.7780259537	1.2295901135	41.4168844421
-1.5355795666	1.1192718994	40.7735008743
-1.2076410285	1.5020898719	39.9098419630
-0.7643242627	0.9054262221	39.2409154094
-1.4456632247	0.2594826178	38.8966276246
-1.3928900102	-0.5119293137	38.2624836191
-1.2339539102	-0.8044170696	39.2054524567
-0.7523449272	-0.9426808260	40.0708632962
-1.4201687016	-0.7403937543	40.7871672449
-1.9065159852	-1.6131987067	40.7462058630
-2.7245113940	-2.1811245891	40.6548619893
-2.8689319979	-1.2687396151	40.2718523962
-2.6415049300	-1.9362345930	39.5628196866
-1.8118177987	-2.4881375069	39.4790196997
-1.6813057241	-1.5347531074	39.7510946620
-0.7910968941	-1.8445459415	39.4170937054
-0.7602649922	-2.6643690891	38.8453075561
-0.7684881291	-2.8156057582	39.8337709343
-0.9070096669	-2.0476353913	40.4590974882
-1.4297435011	-2.8374184609	40.7800212199
-2.0124084620	-2.4021932767	41.4663743232
-1.1545566220	-1.8942867577	41.5446123477
-0.8007033636	-2.7061883097	42.0089438471
0.1628284076	-2.4696080794	42.1339891216
-0.1645453369	-2.2583611147	41.2130107552
-0.1740418860	-3.0629009722	40.6191880264
0.3072481495	-3.2548931187	41.4744651262
0.8208960590	-2.5405600730	40.9991819213
0.7676837294	-2.5986747165	40.0022911870
0.2117779138	-2.2401993514	39.2523150961
0.9671787418	-1.5962469686	39.3735376917
1.8232719295	-2.1102216180	39.4277088452
2.3573801495	-1.3745742863	39.8443038678
1.9635319657	-1.1694888192	40.7403080861
1.5188961097	-1.6363697076	41.5047171334
1.8292864372	-2.1830664011	40.7270407420
1.0525776916	-1.6480169130	40.3947072201
1.2438215115	-0.7050104413	40.1223754452
1.0069917458	-0.6034247039	41.0886010917
0.5395447960	-1.4410723836	41.3711603133
-0.3796433390	-1.3232924448	40.9953664090
0.2335345775	-0.7720197797	40.4295826239
0.0268390948	-1.7152915870	40.1697456076
0.0398448019	-1.1447270055	39.3485958588
-0.2375049012	-0.4543714203	38.6803995492
-0.6076337555	0.2676578647	38.0958669643
0.0639230841	0.5514888235	38.7803020584
0.8620966880	-0.0001223608	38.5381368268
1.2299101296	0.9114058344	38.3542085214
