-1.8976466452	1.0534713727	-220.3955837128
-2.3452756501	1.1298786946	-219.5046346710
-1.4594101559	1.2477581437	-219.0559178765
-0.7070178837	1.5368854254	-219.6477888790
-1.0166248576	0.5993267801	-219.8063048349
-1.3641740221	-0.1365919312	-220.3873669905
-1.3243132633	0.4629290165	-221.1867328349
-0.9114228514	1.2818681364	-220.7881600992
-0.1591049618	0.7584071226	-220.3881521491
0.5298529259	1.1665442674	-220.9871188426
-0.0470573790	0.5783396205	-221.5538549307
0.5062455269	0.0704572355	-220.8936190809
-0.4763318851	-0.1048987417	-220.8320405898
-0.6096135906	-1.0617139124	-221.0903828362
0.2211775338	-0.6983377889	-221.5119796823
0.6514882542	-1.1594697251	-222.2879887166
1.6165233366	-1.4007518502	-222.3904105205
1.6170421926	-2.3892369292	-222.2390930414
1.7314963026	-3.3347619210	-221.9343263329
2.5107185132	-2.8552018943	-221.5307982330
2.0125959843	-3.1260666218	-220.7070833274
1.6100380960	-2.3455890006	-221.1854156694
2.4657557876	-1.8284768942	-221.1669142738
2.9004799716	-2.1217022162	-220.3154251110
2.6762746559	-1.3419652998	-219.7308378055
2.3094822251	-0.4961592350	-220.1182334861
2.1326513882	-0.6052232064	-221.0964133802
1.6410605956	0.2656031168	-221.0964991684
1.2490656982	-0.4064347331	-221.7247547921
1.1101057275	-1.2959769799	-221.2895482690
0.2153819419	-1.7406746240	-221.3309409353
-0.6736269855	-2.0483020009	-221.6700994884
-1.0166646246	-2.2568621159	-220.7542240293
-0.2442742366	-1.8012064092	-220.3117413002
0.3573670623	-1.0160813013	-220.4587321583
1.2400240718	-0.5470972589	-220.4898861572
1.7759969734	-1.3909847791	-220.4656600951
0.9283747951	-1.9212372691	-220.4848679001
1.7117571973	-2.3354013003	-220.0214240877
1.5043619323	-1.5134702157	-219.4909370509
0.6109294954	-1.0673635259	-219.4383318989
-0.3714695063	-1.2522088974	-219.4114174037
-0.3975268409	-0.3512617941	-219.8445632593
0.5475261145	-0.0264968222	-219.8820148882
1.1896248897	0.6523140833	-220.2382801229
0.5871497628	1.2950115411	-219.7650320916
-0.0266364128	0.6341839219	-219.3330906738
-0.0206868398	0.5291501475	-218.3386398159
0.0759569225	1.4683186931	-218.6682189813
-0.8276209960	1.3157865445	-218.2678680241
-1.7768176085	1.2719536570	-217.9562521248
-1.3648365180	0.6044553064	-217.3359961026
-2.2900034639	0.4174334778	-217.6662822784
-2.7819946751	-0.2545518047	-218.2197986993
-3.1828191545	0.3560433927	-218.9028164456
-2.6424751241	1.0938968228	-218.4983406806
-2.0630999703	0.3480983830	-218.8271401913
-1.1513660270	0.3091210609	-218.4182123431
-1.5273919577	-0.4316171528	-217.8615154793
-2.0013498049	-0.7253552821	-218.6916250327
-1.3369729988	-0.3618035816	-219.3446438844
-2.1783424106	-0.0030391293	-219.7488537070
-2.8189025269	-0.6637055294	-219.3574426121
-1.9958199245	-1.1026179106	-219.7178464847
-1.0827598290	-1.1413715622	-220.1238260611
-1.7643786823	-1.4249097745	-220.7983642891
-2.3593399099	-2.0086470643	-220.2458501136
-2.8749057791	-1.1861764706	-220.4861290288
-2.2731160208	-0.4329076939	-220.7515254058
-1.5216883008	-0.5458672413	-221.4015996494
-0.6887404778	-0.2513672049	-221.8700733977
-0.4412035938	-1.1756398474	-222.1606686028
0.0382502123	-2.0185263866	-222.4049355263
0.6424717981	-2.7036348031	-222.8118049560
0.7311442305	-3.4878067692	-222.1976294703
0.1980889228	-3.8408393421	-221.4287211263
-0.1697824493	-3.0288923818	-221.8819460011
0.7057983930	-2.5666815255	-221.7415205298
1.0370299864	-3.2732626081	-221.1161975691
0.9271364183	-2.9551187501	-220.1745458875
0.6651067869	-2.2473643682	-219.5184786600
-0.2100832139	-2.2781116870	-219.0356773915
-0.1408507762	-2.8389123327	-219.8607286053
0.0013741903	-2.7231221233	-220.8437671021
-0.7790840766	-3.3315835470	-220.9875015430
-1.2313845917	-3.1544399484	-220.1134052156
-1.1255657162	-2.9308663455	-219.1444794137
-1.1882119630	-2.0674025266	-219.6449848395
-1.7565261843	-1.7483208617	-218.8865615823
-0.9903419034	-1.2019243964	-218.5483123394
-0.4492808139	-0.3824709979	-218.7373864654
-0.3085374267	-0.4739029566	-217.7515713226
0.5277518194	0.0373259262	-217.5534165189
0.8400607995	-0.8893779557	-217.7624213423
0.1528327840	-1.1874737085	-218.4248838521
0.5705780996	-0.2882234433	-218.5546444458
1.0189510026	0.4698681480	-219.0282042405
1.4827783152	-0.3007433468	-219.4652650466
1.5813328478	-0.8230279797	-218.6182079255
1.0782492131	-1.6807742513	-218.5124809655
