0.9086683627	-1.3768761275	-66.7094661478
0.2599193769	-0.6214574912	-66.8014848272
0.5035935539	-0.0203837362	-66.0403453942
-0.3190831263	-0.4379386498	-65.6545332975
-0.4963016408	0.1112640741	-66.4712155896
-0.5147427906	-0.2544508985	-67.4017597760
-0.6161608802	0.7242059840	-67.5804916353
0.0570459272	0.5142253356	-68.2895055434
0.3859770812	-0.3938861582	-68.0303958933
1.2098708826	-0.5038811994	-67.4744281829
1.1417804892	0.4214720515	-67.8473692767
0.3920334432	0.3620258530	-67.1883203282
0.4627392145	1.2815062254	-67.5750457329
1.3993237597	1.2358697097	-67.2275882561
0.9551297863	2.1280881623	-67.1461146598
1.4346044655	1.7997674884	-66.3322906204
1.2094475002	1.8015922638	-65.3579698257
1.0027172130	1.3452590890	-64.4925088953
0.6365823156	1.5804701737	-63.5921639711
0.9361315387	2.4852932167	-63.8947619285
0.7055713664	2.4337168748	-62.9230717064
-0.0849575321	2.0884217160	-62.4172700515
-0.8179414615	1.4374978637	-62.2197031069
-0.4422722633	1.3557203209	-63.1428418218
-0.4429579001	0.4081188776	-63.4622960980
-0.4993639919	-0.5573319891	-63.7167032064
-0.6092937761	-1.1189651839	-64.5367541786
0.2881669396	-1.3718717054	-64.1753644234
0.3923179041	-1.3414546344	-63.1812681613
0.0256124595	-0.5196553072	-62.7451798874
0.2431644292	-0.5025469697	-61.7692810990
-0.4890084423	0.0878234219	-61.4295964116
0.4227908673	0.4086763976	-61.1733243160
1.2732123850	0.0853917967	-61.5883789017
0.9640798809	-0.0388421706	-62.5312484666
0.7508237850	0.4919811841	-63.3514608803
0.4712828255	-0.3320685276	-63.8442071887
0.3432824640	-0.4846374801	-64.8241758730
0.7937176739	-0.9057833387	-65.6114142660
0.3298469872	-1.6867197461	-65.1931292990
1.3031899372	-1.5660218989	-64.9981022973
1.9644504003	-1.6669343445	-64.2547643672
2.3969284342	-1.1091597278	-64.9631782485
2.5498196275	-0.6224512475	-65.8232591390
1.8614969149	-1.3430389567	-65.9067168934
1.6549491398	-0.5351531165	-66.4586756653
1.5333916725	-0.1418324288	-65.5473455282
1.6500539142	0.8283139140	-65.7599625426
1.2411551412	0.4201153180	-66.5761584135
1.9985577161	0.3238454171	-67.2219706506
2.6551499969	-0.4222599273	-67.1114564341
2.7782131675	0.3493273034	-66.4873501918
2.7179669279	0.4042572425	-65.4906791867
3.0131072918	-0.1967724184	-64.7479440305
2.0584357311	0.1008082344	-64.7548698027
1.9826457459	1.0977188410	-64.7754882556
1.9274971024	2.0295960000	-64.4169306065
2.4597389090	1.5480143996	-63.7206563635
1.6503980218	0.9627062457	-63.6718537683
1.2241396349	0.2946425811	-64.2817674734
1.3477488069	-0.6717728719	-64.5070715898
2.1777833120	-0.6558465575	-63.9495869955
1.3733477130	-0.8913747480	-63.4042340469
1.7602241635	0.0162648268	-63.2413935907
2.4686701959	0.3617150934	-63.8568351659
2.5079716389	0.7076610385	-62.9194042086
2.2318331646	0.0915601905	-62.1817272549
2.2670513506	1.0345212970	-61.8506924668
1.9142550144	1.5420666280	-61.0646056509
1.1245682136	1.1481512913	-61.5349517620
0.1618627042	1.3822164822	-61.6706410713
0.8267730351	2.0938452415	-61.8975303854
1.8208682857	2.0469972879	-61.9954073589
2.5184780912	1.7746273386	-62.6580951965
2.1044476586	2.5432433391	-63.1457510635
1.5257475406	1.7378589484	-63.0174461271
1.5542044870	0.8670041279	-62.5267302380
0.6444071722	1.2727095926	-62.6143197463
-0.0000673586	0.5449509241	-62.3797565361
-0.9072050174	0.1562263299	-62.5409845048
-1.4155520310	0.7782269528	-63.1365502350
-1.3843606034	1.3293498653	-63.9703911252
-0.9210550037	2.2144267706	-63.9258176675
-0.0757049868	2.6184485042	-63.5763183289
0.0094734942	2.3967758188	-64.5477120941
0.1640701144	1.5776004743	-65.1000268955
0.3106289167	2.0908877782	-65.9456371255
0.6636702670	1.1588608497	-66.0274149317
0.7634751929	0.5820055306	-65.2166887648
0.1405295666	0.4973198047	-64.4390210501
-0.2475375791	1.3696330668	-64.1415761589
-0.8627880305	1.6488289267	-64.8788119108
-0.8232935483	1.7809963992	-65.8692521892
-1.1922738198	0.9574668116	-66.3001263907
-0.2631495096	1.1578480255	-66.6108921954
-0.2381758391	0.7997329812	-65.6775487801
-0.8750385937	0.3038156634	-65.0872337408
-1.2088438430	0.1968742037	-64.1506775067
-1.9912649199	0.4685032505	-64.7110656930
-1.7501027156	1.2919137817	-65.2247152704
