-1.1302331019	0.1971048863	30.7968544184
-1.2737661625	0.8054591648	30.0162755740
-0.6598267713	1.0954798428	29.2821322430
-0.4269623065	0.5950102022	28.4482831680
-1.1565457380	1.2771453640	28.3992970743
-0.5062670882	1.9105195309	27.9798035196
-0.7487492418	1.1483375668	27.3795693496
0.1802320848	0.8158416986	27.5421737547
1.1317704568	1.0815345865	27.6970350340
1.3300468033	1.7204917226	28.4402848364
0.7321665386	2.1520189343	27.7647676607
1.2022764544	2.8599497736	28.2918640407
1.4645685444	2.9707509420	29.2504703001
2.1807731248	2.3310111284	28.9715725231
2.0552295870	2.3941848546	29.9616472175
1.1671065728	2.7529441996	30.2489262525
0.4357476388	2.8096332086	29.5692936562
0.1773376565	2.2973515177	28.7502748834
0.3015843908	1.3628116286	28.4168113252
0.9600223009	0.6362114455	28.6130552867
1.4136466565	0.0235864606	27.9658184120
1.2800844491	-0.9344804757	28.2193314930
0.6414337677	-1.2222374962	27.5056640605
-0.1506276140	-0.8164810474	27.0495933730
0.5694809677	-0.1403597653	27.2054896285
0.3953820036	-0.3049550258	28.1763644664
0.7283925279	-0.3416762973	29.1185722667
0.6788468000	0.0438209247	30.0399501005
0.2634894260	0.5107815144	30.8206075539
0.6010069719	0.0642636246	31.6492834136
1.3034559455	0.6313925139	32.0793186011
0.8961803185	1.1949708139	31.3606350384
0.1187839154	1.8195527526	31.4351483550
-0.2004030310	0.9014684690	31.6701822707
-0.9449360611	1.2504311758	31.1010640085
-0.4323147899	1.3863770428	30.2532797473
-0.5027491983	2.1174011552	29.5745730793
-0.1242207744	2.4490596742	30.4387020391
0.5615833149	1.7212786692	30.4359525312
1.5240167514	1.4645682079	30.5243924511
1.2291802540	0.9415692126	29.7246778203
1.2304954929	1.9212901765	29.5243153913
0.3209201125	1.5125164279	29.4496384206
0.1854272956	0.5306147891	29.3173097834
-0.4865131692	0.1059555388	29.9240721199
-1.4413983456	-0.1849481068	29.8643279253
-1.2902206603	0.1725873344	28.9427457446
-1.3858153598	0.3132229249	27.9573101637
-0.5289134603	0.1206264025	27.4791619501
-0.5980598020	-0.5744730202	28.1947425367
-0.3149761654	-0.5038492207	29.1512340074
-0.7039753508	-0.9189182558	29.9736677919
-0.2583249716	-1.7680325769	29.6901177801
-0.5018175591	-1.8496386950	30.6565813341
-1.0061147229	-1.0599788638	31.0060405185
-0.2395977619	-1.2245692310	31.6268156465
-0.4698548101	-0.2533715170	31.5655237877
-0.0345509573	-0.5407172130	30.7123280267
0.4027818730	-1.0411725469	29.9651436757
1.2276039904	-1.5471186117	30.2175066172
1.6134988163	-1.5282114278	31.1398556302
0.8555269108	-1.1340047653	31.6595475559
0.4609305408	-1.6384620173	30.8915523830
0.5341456069	-2.2681341088	30.1181491173
-0.3271940900	-2.7758687531	30.1008442747
0.1773545114	-3.3611379054	29.4661075355
1.0029479596	-3.3112119756	30.0281598995
0.8565911909	-4.1435585493	30.5627428000
-0.0437708245	-3.7085305225	30.5726854868
-0.5567875835	-3.0230251579	31.0893054633
0.0003189272	-2.3269977562	31.5422714575
0.9921926095	-2.3237247797	31.6694559144
0.6641636822	-2.9966290282	31.0064348776
1.4547663629	-2.4947477995	30.6556320360
1.8675460317	-2.2080790971	29.7910893823
1.2101200258	-2.6059575529	29.1511801847
0.2335265428	-2.4249509874	29.0349829718
-0.7597375017	-2.4669769561	29.1429660998
-1.2857692623	-1.8913351045	29.7690068695
-1.5899149369	-1.0725259747	29.2821321242
-0.8364482842	-1.4887383667	28.7731574215
-0.4452634336	-1.5824404953	27.8576278896
-0.9422149722	-2.4356813839	28.0158023322
0.0546988305	-2.4808597475	27.9516011997
0.8219741753	-1.9207453202	28.2639477598
0.2320137812	-1.2744063406	28.7478823182
1.0712191169	-1.5609190374	29.2100996687
1.9628772849	-1.6739773991	28.7717350737
1.8554258331	-0.9457598924	29.4486054073
2.1227255914	-0.9906583398	30.4111722718
1.2477929329	-0.6364253478	30.7413416686
1.3842559178	0.3481830211	30.8505397163
1.7874313204	0.0189547082	29.9966906004
1.7232993080	0.0481252649	28.9991756062
2.0035740695	0.9317750395	28.6241967616
2.5897588661	0.5132464503	29.3178978530
2.2579572456	1.4067710643	29.6204229739
2.4411450145	0.8425882555	30.4254943991
2.3771237154	-0.0221690539	30.9235868293
1.7603783827	-0.3705410569	31.6294636898
