-1.8498895058	-2.3777090862	108.1422743229
-1.2080704384	-3.0163334051	107.7177425056
-0.7156751165	-2.5265206376	108.4372077930
0.0981022776	-2.2713587278	107.9150404324
0.4980484693	-2.1901981821	107.0021023131
-0.4194675867	-2.5671940561	106.8754595166
-0.7480449056	-2.9858603293	106.0288453794
-1.5359015523	-2.5100901846	106.4199012239
-0.9857600062	-1.6750807354	106.4300746668
-1.7380440333	-1.3002006007	105.8882872297
-2.3220541101	-0.8776325287	106.5813734110
-3.0043362464	-1.4605428725	107.0226291390
-2.8901358344	-0.6316977995	107.5703280625
-2.9310366924	-0.7585947270	108.5614003553
-2.8159538899	-1.6352562581	108.0942595751
-2.0136883837	-1.1178222754	107.7965480854
-1.8788941144	-1.7278453685	107.0157137041
-1.0234955696	-1.9719690907	107.4725473038
-1.1339787850	-1.0055042512	107.2407301924
-0.9821432122	-0.5445445315	108.1150654231
-0.3731215624	-1.3273441907	108.2428047028
-1.2752249300	-1.6106505689	108.5682997262
-1.5741881775	-0.7725786713	109.0246509846
-2.3758542898	-0.3551187611	109.4525045434
-2.1874895292	0.5943470875	109.2014401709
-2.2158278330	1.0596871079	108.3167619209
-1.4650337077	0.6447417035	107.8028275936
-1.3205243537	0.2625001586	108.7155205583
-2.0796489982	-0.1129731673	108.1837785574
-2.4423551747	0.4165855637	107.4169592958
-1.7295844866	-0.2234962632	107.1301611069
-1.2644167942	-0.4025042345	106.2632267587
-0.5363086324	0.0631191210	105.7601826299
-0.5190642184	-0.9292601019	105.6381739900
-0.0089225900	-1.5521437998	105.0450707799
-0.0496594317	-2.1549166753	105.8419430221
0.3211446149	-1.3844480400	106.3604817776
-0.1758955524	-1.4070624679	107.2279145760
-0.1515975287	-0.5253258894	106.7567986536
0.4852071979	-0.2322665873	106.0436394949
0.3130734245	-0.4260094596	105.0778063502
-0.5339062963	-0.1094522670	104.6507034395
-0.0860326594	0.7791714871	104.7494811138
0.4692796290	0.6877604209	105.5760839684
1.0151708438	0.7354181682	106.4125835325
1.4660557139	0.7636761666	107.3047182305
1.4598655653	-0.0814047607	107.8393208010
0.5900350633	0.2257468308	108.2253943661
-0.3478234337	0.5551487560	108.3345539341
-0.5022287438	0.2918964491	109.2868444482
-1.3287424262	0.0034111770	109.7702194377
-0.8708206146	0.8468171529	110.0512425225
0.0775975836	0.5977113637	110.2473272669
0.8881222674	1.0797277778	109.9145962743
1.2820201830	1.6767341543	109.2157201633
0.4631783017	2.2377179227	109.0940847039
-0.5220134825	2.4036288759	109.0508330683
-0.1981390002	1.7558007547	108.3613230647
0.1526641133	2.0838381109	107.4842092360
-0.0052536461	2.7660039962	108.1981501904
-0.9309377692	3.1271331191	108.0854796050
-1.7195561308	2.5518200322	107.8684636338
-0.8261922566	2.3017516171	107.4951450351
-0.7818943279	2.0046788679	106.5413182819
-1.4204201703	1.4258441854	106.0341347264
-1.2313175073	0.6524046553	106.6391400786
-2.1231937592	0.3458183624	106.3066320391
-2.4044836325	-0.3690032892	105.6663930106
-1.5290081279	-0.0846876829	105.2756152261
-1.1578746911	0.7876133248	104.9572586271
-0.5465012762	1.2974979085	105.5624365008
0.1554458048	1.4914520096	106.2477481832
-0.0868035799	0.5922083934	106.6119955639
0.5255127451	0.1097827435	107.2383614398
0.8096320859	-0.8486305674	107.2651965948
0.7142256290	-1.3464785195	108.1271971891
1.0408631368	-0.6444580702	108.7600283098
1.6181136374	-0.4624056410	109.5560426140
0.9858805224	-0.0769078228	110.2281086230
0.5162746244	0.1647124781	109.3789384806
-0.0309590908	-0.4997116896	109.8879333589
-0.6599959362	-1.0588692773	109.3478820287
0.0093294699	-0.5135542294	108.8432683158
-0.0263704710	-0.5227989490	107.8439485225
-0.6291190524	0.1733281721	107.4539470111
-0.5007666923	1.1647385491	107.4790694358
0.4502207324	1.1609357920	107.7882756082
0.9148391365	1.9411647937	108.2070505399
1.5739218150	1.1906182847	108.2549040728
1.3867766963	0.5275124836	108.9796574109
0.5530224829	1.0643158995	108.8504443918
-0.1892228619	1.4586479427	109.3922691678
-1.1157257755	1.1700897620	109.1507603120
-1.2683468075	1.5537646694	108.2399911941
-1.5727759804	1.5708466016	107.2876093976
-1.7309270166	2.4153701127	106.7759764346
-2.4240951252	1.7139793735	106.6099372704
-2.7630510504	1.4146585043	107.5018542498
-3.3832429044	1.3850890985	108.2857469175
-3.0524406201	0.4421594772	108.3238727342
