-1.0915116511	-0.3114869750	56.6249455269
-0.7786065815	-0.9774029995	57.3021798037
-0.1703835175	-0.6938510790	56.5607871865
0.7518558844	-0.3079130746	56.5837293372
0.6323405221	0.4476331812	57.2278302093
-0.3396407556	0.5078772594	57.0006231523
-1.3109463348	0.5933839813	57.2225557373
-0.6521659329	0.9015773500	57.9088685155
-0.5507825911	-0.0920494073	57.9581360010
0.2693107731	-0.4931282713	57.5499906606
0.7811088787	-1.2443954381	57.1332649197
1.3744506791	-0.5178842390	57.4798583205
2.1046530806	-0.0262696936	57.9543260134
1.6912365272	0.5268794700	57.2310606706
1.3652990235	0.7725358196	58.1439778090
1.2279569212	1.7625453448	58.1120671981
0.4441137145	1.4069890823	57.6029802001
-0.4398595113	1.8071725386	57.3612271498
0.0701979322	2.3849892444	57.9983843194
-0.5777930523	1.7655501677	58.4415580036
0.3040683811	1.5073639939	58.8360961031
-0.3019300715	0.7138099435	58.8912127465
0.4207784815	0.3775646419	58.2873655435
1.1249679577	-0.2673967356	58.5842527328
1.8414739675	0.3177042183	58.9640895552
0.9320293505	0.6560516257	59.2058156823
0.1911832996	0.5997478186	59.8751265295
0.4222131309	-0.3193076774	59.5558113057
0.0787894583	-0.5369541261	58.6421974898
-0.7123150897	-1.0722874407	58.3462720999
-0.1258191169	-1.6977551093	57.8316725766
-0.8367930739	-2.1007256212	58.4079804796
-1.3808685537	-1.7586522732	59.1741186504
-0.6656677871	-2.3534422216	59.5411510479
-0.3751960888	-2.3026843164	60.4966874562
0.0894387685	-2.3563083046	61.3805646633
0.6895660554	-1.7494533506	61.9016925787
0.1187010580	-1.2096896013	61.2830099060
-0.4919081719	-0.4350117187	61.4474195972
-0.9342739303	-1.3249830332	61.3366784798
-1.0991800870	-1.5368284029	60.3733885449
-0.1794768932	-1.1554155482	60.2802742620
-0.6344512258	-1.1088748515	59.3909867268
-1.4083918528	-0.6869644571	59.8632234523
-0.5391884709	-0.2199768385	60.0257289751
-0.8310630060	0.7322359090	59.9357282011
-0.4171349148	0.3948628987	60.7812120786
-1.4162038405	0.3815926419	60.7401611087
-1.7544292521	-0.4228147448	61.2285588229
-1.6150900280	0.3630856945	61.8310080574
-1.0537355375	1.1426011234	61.5530929046
-0.3740977550	1.2826294456	62.2731516200
-0.0239006172	0.5308575642	61.7144021206
-0.6144022336	0.1253512592	62.4121646000
-1.3345150433	-0.5529241769	62.5583835253
-1.2911434215	-1.5269227063	62.3360194834
-0.3521549263	-1.8049488304	62.1335297795
-0.3607566310	-0.9673473614	62.6797438308
0.2848546412	-0.4731935136	62.0975084317
1.0777229028	0.0424601914	61.7727605661
1.1075314252	-0.8702983259	61.3653500348
1.7176242565	-0.3645600065	60.7554193096
1.3329106635	0.3589666168	60.1822660345
1.8936905542	1.1046651833	59.8224611401
2.3979881468	0.2544742446	59.9736540826
2.5336034001	-0.3865196923	59.2181838475
1.5969892361	-0.4603936813	59.5606696741
2.1196398310	-1.1912543548	59.9996218716
1.6613763259	-1.5925698539	60.7926795177
0.7183171918	-1.9056430557	60.6803200947
0.2758907941	-1.9550373014	59.7848765783
0.0273524760	-1.6043538679	58.8819647144
0.1433848042	-2.5064335564	58.4662860710
1.0011788897	-2.2276720359	58.8981209024
1.4130938046	-1.9361284932	59.7614449815
2.0444352381	-1.7237901309	59.0155760826
1.7937655581	-1.0097843115	58.3618480035
0.8283480309	-1.2563448046	58.2771312916
0.9024111472	-1.1818361732	59.2715975397
0.9404310033	-0.9754405957	60.2493272345
0.4817764707	-0.1857511479	60.6567908472
0.6056205723	0.7679458724	60.9308795774
-0.0902803106	1.3308635698	60.4849584778
0.2832255750	2.1916941091	60.1393226347
0.9160684054	1.4335303438	59.9821677532
0.9648792177	1.7761526283	60.9203721418
0.5113255100	1.4343958128	61.7434707467
-0.0960946555	2.0780602499	61.2779207117
-0.9615387121	1.9455225548	60.7947640660
-1.6279292428	1.4629029621	60.2264314264
-2.2287253489	0.6733179967	60.1015329822
-1.6973983105	0.3384341618	59.3233656509
-0.9221583344	-0.1761054343	58.9569615251
-1.6514562528	-0.8017910676	58.6801185471
-1.6392913864	-0.4466609249	57.7453808311
-1.5381697141	0.4215765363	58.2311154482
-1.5789250465	1.4147535210	58.1218520963
-1.2960827670	1.2658398916	59.0693883625
-0.4866686945	1.6641531088	59.5008920593
-1.0040240876	2.5110922017	59.6235198301
