-1.0741781997	-1.4231151799	-20.8589275376
-1.0159968673	-0.4338295018	-20.9928259305
-0.6374712533	0.4819433557	-21.1272819939
-1.6260904828	0.6304724640	-21.1511801769
-1.1630725006	1.1088601442	-21.8973434134
-0.3182714264	0.6139040250	-22.1006402042
0.3632461564	0.4219491877	-21.3944623762
0.2361190732	-0.4916408953	-21.7807160041
0.1186817127	-0.4979838502	-20.7876559690
1.0289119039	-0.0855011505	-20.7510633261
1.0166972872	-1.0079571571	-20.3651543741
0.8188582080	-1.6452733438	-19.6203807327
0.0370206465	-2.1997892467	-19.3353506628
-0.9010960536	-1.8714029055	-19.4453482444
-0.1740252098	-1.2950301342	-19.8183930362
0.3654035191	-0.4816061140	-19.6007740809
0.9961673225	0.2928669163	-19.6490291291
0.0601276601	0.4905841104	-19.3579317889
0.1202150473	0.5557664491	-20.3539944218
-0.5146817563	-0.1542778272	-20.0494567815
-0.9520782745	0.7330055720	-20.1957867356
-0.3526697647	1.4119403460	-19.7718091289
0.6332554054	1.3626925434	-19.6120398802
0.4155619032	2.3230682913	-19.7860742505
0.3251631894	1.7334742715	-20.5886992964
1.1111068196	1.7025802259	-21.2062251405
1.1466910507	0.9094812961	-20.5981726345
1.8912533216	1.0030660687	-19.9372120342
1.9567436118	0.4044974115	-19.1388220390
1.8573924595	-0.1704874831	-19.9509314648
1.3811035338	-0.7481999336	-19.2880610523
0.7956666715	-1.0624627576	-18.5407307653
0.5988543533	-0.0869008031	-18.6384230595
0.9459074228	0.8496394202	-18.6878859461
1.6123046470	1.5418396672	-18.9649663634
1.4672820598	2.0233572215	-19.8293212061
1.1097686320	2.6971250566	-20.4760213324
0.1565231637	2.9776712491	-20.5883463563
-0.3972849705	2.4595251905	-21.2401294586
-0.0764938778	1.5412185175	-21.4720905100
-0.8298451552	1.6013896179	-20.8172307604
-1.4525098234	2.3514955751	-20.5944533737
-1.6336432434	1.9820912792	-21.5058979141
-2.3957296244	2.5662543379	-21.2266527373
-3.1125411859	1.8953202178	-21.0368407466
-2.2192281008	1.5919942689	-20.7052007300
-2.4537936039	2.1270126503	-19.8935762132
-2.8691088244	1.2193881586	-19.8324938954
-1.9245091342	0.8965425935	-19.8916730000
-1.7480811185	0.0101241940	-20.3196164265
-1.4217045968	0.0690872501	-19.3762173995
-1.0425938650	0.9522776153	-19.1000836786
-1.2658462719	0.4823233282	-18.2460922672
-1.4642452954	0.6193697223	-17.2755995504
-2.1531518638	-0.0898932464	-17.4251113602
-2.2290803224	-0.2228816332	-18.4133162773
-2.4861611009	0.2292761781	-19.2674022139
-2.9102052813	0.1704120243	-20.1711286905
-2.7229767609	0.6582914565	-21.0237242222
-2.4524830531	1.2365782335	-21.7934108842
-2.2319626306	0.3306673755	-22.1549302622
-1.2928068564	0.0262876189	-21.9957467343
-1.9732272801	-0.6261519250	-21.6620542284
-2.1469357584	-1.0348010063	-20.7660456944
-2.2649258475	-0.7426800367	-19.8169705246
-1.2746738166	-0.8818579928	-19.8114558273
-1.4401221166	-0.8332215657	-18.8264373716
-2.0366872677	-1.3443954271	-18.2077199045
-1.8950309680	-1.8633213772	-19.0507201127
-1.1395067836	-2.1254904797	-18.4503447564
-1.0204026643	-1.4253246090	-17.7463689313
-1.1496167795	-0.4343328239	-17.7111695816
-0.4519481255	0.1298997593	-17.2696947339
-0.6736968841	-0.0928938834	-16.3203842047
0.0294800408	0.5447922159	-16.0059026457
0.0095289113	1.0936813240	-16.8415596922
-0.3254270446	2.0160357648	-17.0340870753
-0.2482857121	2.2954536311	-17.9911528363
-1.0515971900	1.9030501461	-18.4391597274
-0.3749730213	2.2409076018	-19.0934013295
0.0321603898	1.4260216582	-18.6808443218
0.6931133554	2.1674108441	-18.7969617294
0.4215038597	3.1202633208	-18.9322408456
-0.5427339129	3.2027637415	-19.1841122382
-1.3873737629	2.6973938187	-19.3607043249
-0.6635261446	2.5174127516	-20.0267759734
-1.2795789736	1.7639238522	-19.7971384538
-2.0091339117	1.5864876139	-19.1366341210
-2.0299470919	1.3654027395	-18.1616016652
-1.4398488558	1.7019359358	-17.4277559870
-0.6700665931	1.1354046518	-17.7218266797
-0.2468165600	0.4466667488	-18.3104687700
-0.4110604551	-0.3189172380	-18.9324857328
-0.3021545595	-1.2818747543	-18.6858030870
-0.0482788125	-0.6548200762	-17.9493592427
-0.1314073546	-1.0942759553	-17.0549498422
0.4713333081	-0.3065138719	-16.9279278224
0.6080208326	0.3884272897	-17.6338834177
0.4777282124	1.3737828288	-17.7438756659
0.8369523336	2.3069921518	-17.7527294999
