1.7396931892	-2.7631444284	191.0958652544
1.2399830311	-2.2603475835	190.3905390245
0.2951587856	-1.9468140671	190.4854277972
1.0037653959	-1.4637676372	190.9997650584
1.9618881799	-1.7333359924	191.0963757861
2.2094506912	-1.7269094537	190.1275251771
2.7094023689	-1.0381474532	190.6525539635
3.0343106157	-1.3719504297	191.5374326016
3.1730371929	-0.5184163875	192.0396622059
2.7950352210	0.1323578991	191.3811735293
3.4102162966	-0.2031385328	190.6677351027
2.4807640322	0.0094955742	190.3662301695
2.8481381846	-0.6248384671	189.6860415513
1.9945010235	-1.0143973828	189.3402852086
1.2466834533	-1.2841114307	189.9469343774
0.9050956091	-1.2318010854	189.0085414040
0.1593646693	-0.6404605186	188.7016184503
0.5173724836	0.1554390276	188.2133825265
1.2603226373	-0.2194695116	188.7678810895
1.5575910774	-0.1039945357	187.8200957740
1.7215647462	0.6965415386	188.3965111014
0.9166812533	0.9460001491	188.9349653376
0.4110021419	1.2542996069	189.7407196927
0.9949326054	0.8290050948	190.4322034538
1.7020764929	0.8090951010	189.7254141538
2.3106811167	0.1872581889	189.2325457467
2.4964351832	-0.4668146185	188.4992762264
1.8239796529	-1.1732146040	188.2783630755
2.6396825122	-1.6623954701	188.5871201415
1.8920616103	-2.2853411481	188.3568992273
1.7925072875	-2.1364145906	187.3730751489
1.2705537010	-1.4090321327	186.9275650891
0.3312148622	-1.4053984370	187.2705364322
0.2340903307	-2.3601014222	187.5517997172
0.7901906869	-1.8450752260	188.2041036426
0.8582404889	-0.8671891104	188.0063462932
0.7094354682	-0.3424106508	187.1682146602
-0.1598508622	-0.5195071769	187.6297101599
-0.6820853681	0.0595788685	188.2557536670
-1.3134482738	0.0980348716	189.0302870861
-1.1379059136	0.5235149685	189.9180660940
-0.6674921062	1.3649436145	190.1839771384
-0.8399617071	0.7466826062	190.9507936499
-0.0852393549	0.4926194850	190.3459415179
0.6442818267	-0.1252341545	190.6392940800
0.2800426583	-0.8906784546	190.1087991680
-0.6122511578	-1.3380061457	190.1697063309
-0.8178481006	-1.2117622135	191.1401662047
0.1269765382	-0.8864789112	191.1788595539
0.9679822677	-0.6669252859	191.6733345973
1.3262353560	-1.0142702949	192.5399407185
0.4766597994	-1.4938124265	192.3202574973
-0.1901958239	-2.1878106168	192.5916798424
-0.9404131876	-1.5611295829	192.3808605147
-0.2619893877	-0.8720803429	192.1260031180
-0.2444591929	-0.4319744495	193.0237778642
0.5158898593	-0.1266519208	192.4505000326
0.4230991985	0.3351499763	191.5683838831
-0.5164330801	-0.0064968240	191.5447923312
-1.3100556166	-0.5336639083	191.8485325735
-1.8155365783	-1.2526426090	191.3715015208
-1.8026470290	-1.3832668003	190.3801533579
-1.4926345291	-0.5543634494	189.9145231560
-1.5206787661	-0.0799328696	190.7943692481
-0.6168345850	-0.4181793518	190.5323482304
-0.4639281332	-0.3938985582	189.5444058940
-0.2563337515	0.5211722569	189.1986458965
0.5219185286	0.0604435927	189.6253219873
1.4635536622	-0.2426944755	189.7717138821
1.5663378909	-0.5355836255	190.7223196617
1.6080869983	0.3711415988	191.1419699682
1.8368991459	0.0519152075	192.0616109374
2.0678206338	-0.7966138086	191.5855082433
2.2332412566	-1.4703951032	192.3056851552
1.4148596440	-1.9243316710	191.9532747005
0.6746593269	-2.3806415908	191.4594278137
-0.2417769707	-1.9860403357	191.5260188195
-1.0690787001	-2.4764786603	191.7999569481
-1.2326661766	-3.0368189273	190.9880099530
-1.1025674122	-2.0681192389	190.7765975002
-1.4678697882	-2.5192029557	189.9623016973
-0.5144250898	-2.3583288967	189.7072276999
0.2666126675	-2.9729377845	189.8178438687
0.5627526275	-2.0760278640	189.4894329697
-0.1605170677	-1.5078171671	189.0969822696
-0.4342529825	-1.4642165114	188.1361661416
-1.1189360465	-0.9109388451	188.6106057331
-1.2802060302	-1.5004562038	189.4020988007
-0.9646001374	-2.2140822718	188.7766943272
-0.8068359556	-3.1694169546	189.0265865174
0.0410460104	-2.6879151550	188.8046581759
0.4981309986	-3.5666769716	188.9419570587
1.1804416214	-2.8536757446	189.1034546263
1.7003034891	-2.0416196075	189.3686120678
2.2726663596	-2.7520421982	189.7781245672
2.2669733865	-3.7117890921	189.4973159319
1.4084652824	-3.4227097125	189.9208687001
0.8374943374	-3.2772539804	190.7288506368
-0.0894569856	-2.9506714722	190.9135263262
-0.6636192024	-3.3118955709	190.1787781385
