1.6945335270	1.6664033794	207.1853731805
1.2385932460	2.4859099320	206.8382025159
1.8179105478	2.6754826031	207.6309532121
1.0845455261	2.1436004035	208.0543644433
1.9000256413	1.6672733484	208.3831572630
2.5553450626	0.9527561379	208.1381641775
1.8681724598	0.5562959047	207.5293841699
1.7455315566	-0.2239457909	206.9160473087
1.2031538296	-0.1846948021	206.0768299584
1.5817510186	0.7314018961	206.2088565010
0.9532666819	1.4912638789	206.3750407526
0.5695254616	1.7166510353	207.2705536255
-0.1690322313	1.2231761978	206.8111898058
-0.7645444334	0.8528843413	206.0982738513
-1.5555477962	1.2689617808	206.5468195506
-1.2909987563	0.7605548679	207.3662926841
-2.2765148071	0.6461163153	207.2411450464
-2.4271209536	-0.1978636792	206.7263484288
-1.6354386332	0.2245079371	206.2849400903
-1.4020863387	-0.5785538809	206.8332451359
-0.5052760073	-1.0152590352	206.7623943235
0.1240668627	-1.5801099951	207.2961273515
0.9080870302	-1.7956437497	207.8782420975
1.8627285133	-1.7664560997	208.1745657718
1.5967651966	-1.8576675581	209.1342240360
2.5841322196	-1.7014306387	209.1078348939
2.1343594814	-0.8179480139	208.9768275067
1.1726597930	-0.8133976769	208.7027599897
0.2587867913	-1.1946331201	208.5631330810
-0.0368407685	-2.1074625213	208.8448187749
-0.3371219179	-2.0765518974	209.7981685347
-0.5470393480	-1.1585767865	209.4616326997
-1.0276254185	-0.8560713694	210.2847532872
-0.0426828227	-0.6875061241	210.3231439242
0.8226310882	-1.1260343748	210.5658882526
1.4987058871	-1.0243546999	209.8361046476
0.5693074533	-1.2623834459	209.5540392877
0.4756930674	-0.2678589470	209.5075918134
-0.5035230288	-0.0688930639	209.5469417090
-0.9206884473	0.2470938624	210.3990715559
-0.9279476386	0.9094759030	209.6499405016
-0.0561260943	0.8816325726	210.1389721405
0.6734177404	0.3109383491	210.5158990519
1.5914375923	0.0001162495	210.7621289725
1.6737526977	0.0242017264	209.7658137045
2.5661022419	0.3670382997	210.0593701301
2.4717942133	-0.6133316270	210.2325197839
3.0704521633	-0.4253120512	209.4538945224
2.4561361172	0.2044717796	208.9785124424
1.5188979884	0.4852348864	208.7717353454
1.9667068771	1.0512541798	209.4638981577
1.6576504921	0.9940018851	210.4132170323
0.7554389393	1.4204663491	210.3488557487
0.8611531381	0.8343079901	209.5455856283
1.0827889670	1.5602510098	208.8945216595
0.7045126705	2.4839403840	208.9553902351
0.1550609640	1.8641597091	209.5157247220
-0.6204159071	1.6751807462	208.9132941668
-0.0514486322	0.8637891488	209.0471594567
0.5066823397	0.1987430824	208.5509704324
1.0223462996	-0.2050913519	207.7953194349
1.9363050599	-0.5001820129	208.0738887912
2.8825750434	-0.1835397523	208.0082321298
2.7870316796	-1.1615755851	208.1934816246
2.5867925020	-1.3896752124	207.2406569651
1.6109809358	-1.1865813395	207.3215560761
0.9862740700	-1.1396611581	206.5421076633
0.4664581826	-0.3202119363	206.7835500293
0.2774046164	-0.6604103519	205.8623965203
-0.6175383961	-0.2363245714	206.0010625043
-0.5452126568	0.1141806003	206.9348264531
-0.1551632481	0.5428452904	207.7497546967
-0.8723568384	0.8489541345	208.3757984090
-1.4195521399	0.2670671530	208.9774501709
-1.3698860584	-0.7222749543	208.8405725791
-1.1261127076	-1.6837303697	208.7133796641
-0.7157094970	-1.2056000782	207.9368742688
0.0008028501	-0.5510427868	207.6957004545
-0.4340246384	-0.3463042038	208.5726309921
-1.1185261909	-0.2172599222	207.8551317252
-2.0695314202	-0.0335897506	208.1038370166
-2.4052174616	0.6874899111	208.7099384959
-1.9580829395	1.2888409155	208.0477846704
-1.5933252572	1.4791115315	208.9592389621
-1.4790147409	2.3066737570	208.4096264907
-0.9199361479	2.8241949396	207.7618588221
-0.2748495339	2.5846221145	208.4874400525
0.2190513165	2.6917735970	207.6245492658
0.0371684384	2.3621639969	206.6981173308
-0.8296568351	2.0107641844	206.3443771479
-0.1219308963	2.2171219232	205.6686993554
0.0440934315	1.2354288484	205.5753471756
-0.3583585192	0.3951890389	205.2119885513
0.6390223859	0.4004981773	205.2841213673
0.3120185435	0.4704371693	206.2265528101
0.8610499411	0.6107762646	207.0504881612
1.0252012938	1.0919339613	207.9116162611
0.1521208636	1.4522234923	208.2401311258
-0.6180443960	1.6777318214	207.6434809214
-1.5090780307	2.0152758530	207.3399630661
