-0.2975140166	1.3846906512	-86.7770301752
-0.2929309976	0.3875060336	-86.7021847721
-0.1999705041	-0.5284041440	-86.3117146796
-0.4664123454	-1.3292954765	-86.8479812353
-1.4183116969	-1.2495468139	-87.1438321699
-1.5428222060	-0.6011723807	-87.8949032234
-0.7622412071	-0.3518395749	-87.3217309491
-0.4284002654	-0.6725345858	-88.2081309354
0.0149070926	-0.5632318172	-89.0978114910
-0.7037904922	-1.1511932222	-89.4689922662
-0.0279174460	-1.5875727763	-88.8750490786
0.8479247486	-1.1489654602	-88.6737431608
1.1719556087	-0.9637396272	-87.7460064565
1.4949175848	-0.3446535895	-88.4618472488
2.3302774945	-0.6579906731	-88.0101906390
2.1970085242	0.2753724359	-87.6769149451
2.2636341028	0.2896730663	-88.6745905057
2.1750614718	-0.5007854716	-89.2806682143
1.8098964885	-1.3899729145	-89.5563496000
1.7328396176	-2.0680929285	-90.2872500618
0.7860583385	-1.9704937858	-90.5939740696
0.8579251409	-2.7431370215	-89.9632145329
0.8719994206	-2.2797958440	-89.0771463256
0.6376897544	-1.4875578442	-89.6405803785
-0.1383117852	-1.4385818206	-90.2694070317
-0.9620726141	-2.0045287038	-90.3029066163
-0.2692458732	-2.6953750328	-90.5096007302
-0.1333055541	-2.3646633732	-89.5757110001
-1.0462386330	-2.1392543259	-89.2354993678
-1.4002968710	-1.4687391897	-88.5835390805
-0.6803280935	-1.6775874098	-87.9217027107
0.2381242562	-1.4268101471	-87.6158333829
0.3092045580	-0.4739165627	-87.3209750991
0.4903470362	-0.1666045835	-88.2551842567
0.0659051658	0.5402088385	-87.6892656361
0.6826034815	0.9430062424	-87.0129244212
1.6487050317	1.0813046698	-87.2309183195
1.5244131713	0.4621408717	-86.4555553564
0.5892717355	0.4179551878	-86.1040470059
0.9333815852	-0.4434181258	-86.4777105257
1.8570549037	-0.5835039338	-86.8343666166
1.2261398315	-0.0155727703	-87.3629499736
1.2462120651	0.6584313050	-88.1014048551
1.3343841032	0.5615963138	-89.0927921034
1.4516606036	1.5261325858	-88.8563264560
0.5670233910	1.9866778919	-88.9292306607
-0.2980060499	2.4883186551	-88.9202522935
-1.1038910306	2.0868504156	-89.3554219737
-1.4978358577	1.3767192597	-88.7718800174
-1.5207036006	0.7038645593	-89.5113011548
-1.4108473052	0.2468966740	-90.3939743368
-0.8936379366	1.0963815373	-90.2897153509
-0.1736449438	0.4464580915	-90.5330455892
-0.6066989285	0.0010404952	-89.7494210546
-0.9037988794	-0.7286928786	-90.3652301340
-0.6226496003	-1.1869622207	-91.2084052598
0.3755241336	-1.2274819739	-91.1636018377
0.0876738522	-2.1645351456	-91.3612721914
-0.0079250780	-1.6340668279	-92.2035691749
-0.3435160155	-0.6950880871	-92.1280864152
0.4821568319	-0.1731664268	-92.3422408678
0.9476391568	-0.9750647609	-91.9676941192
1.5737618957	-1.3575757358	-91.2882416411
2.2077544901	-1.0424136317	-90.5820361197
1.2341068002	-0.9376134637	-90.3794846431
1.0485071888	-0.4800442365	-89.5098967024
0.3266613811	-0.4467006683	-90.2011469004
0.3749360471	0.3969425148	-89.6664173088
-0.3705501261	1.0085866694	-89.4015743485
-0.4022411650	0.3414117999	-88.6573476549
-0.4585158729	1.2891484486	-88.3432960636
0.4007065368	0.9237166565	-88.7013413902
0.4835254211	1.5137635959	-87.8982314092
-0.1851155293	2.1988574815	-87.6091541749
-1.0474196451	2.0644444082	-88.0973802882
-1.7048207081	1.5152303619	-87.5814464032
-0.9445053234	0.8716519735	-87.4935409214
-1.3286669893	0.4120757867	-88.2942965289
-1.1938312957	-0.3505607215	-88.9269140215
-1.8161166108	-0.4026304697	-89.7079708236
-1.8051295602	-1.3986053408	-89.6190138630
-2.3905723433	-0.9670224283	-88.9327246110
-2.2056325587	-0.0483623661	-88.5836387102
-2.4747126435	0.9068059663	-88.7071270286
-2.3597198325	1.4883288758	-89.5124889095
-2.1189745302	1.0220918277	-90.3637613185
-2.6164972385	0.4220071037	-89.7373672901
-2.3885150888	0.0017801924	-90.6156801514
-1.7414942007	-0.6159839796	-91.0625933400
-0.8849715903	-0.1411808687	-91.2649075108
-0.2324585371	0.5054464131	-91.6600022765
-0.3845677183	1.3551932061	-91.1552318488
0.5300531243	1.7179598865	-90.9767128026
0.1175878977	1.7545371188	-90.0664740741
0.9372424969	1.2770478582	-89.7499770852
0.8755017348	0.7622042523	-90.6050350597
0.7820577545	0.7399826469	-91.6004115828
0.5342155636	-0.1804920537	-91.2982517346
1.4845821555	0.0704142235	-91.1142697215
1.6629490251	0.0833057597	-90.1303901211
