2.1169667200	-2.9028945056	-91.9988425117
2.8057279070	-2.2562504378	-92.3266526349
2.9924998570	-1.2795775626	-92.2206982414
2.1018520346	-0.8276217782	-92.2705221867
2.2862274213	-1.1039743280	-93.2137268225
1.3427290186	-0.9022722568	-92.9508066093
1.4333199395	-1.5841747776	-93.6766180428
0.6457347136	-1.8392594544	-94.2375470220
0.5253019520	-0.9639511660	-93.7692187715
0.5665265820	-0.1018919267	-94.2743468719
0.7034441849	-0.0588184334	-95.2639923863
1.4669270572	0.3206803076	-94.7414269748
2.2876181640	0.6853342021	-94.3015478501
2.2549113501	1.1986146316	-93.4439503542
1.5134087427	1.7970973330	-93.7472527436
1.4328199027	1.4269243102	-94.6727133706
0.5849343090	0.9258974553	-94.4993290841
-0.2023256318	0.4890515430	-94.9345157503
-0.5070728978	-0.0704513408	-95.7052852533
-1.3680496939	0.3815841183	-95.4720838376
-1.1389279180	0.6383799187	-94.5331700350
-1.3802023422	0.1399459661	-93.7004934789
-0.9918002697	0.8804044843	-93.1519818447
-0.1290844121	0.5425255076	-92.7757383782
0.1091935506	0.6621365014	-91.8119350670
-0.6279874429	1.3322912864	-91.8982875243
-1.2953142711	0.5940591570	-91.9967163182
-1.9017851013	0.5310897466	-92.7893246613
-1.3502087070	-0.2968345561	-92.6878119517
-1.4625288818	-0.5819229687	-91.7359144912
-2.1363045560	-0.6650794162	-91.0016724698
-2.4896428664	-0.8576507258	-91.9171331894
-1.9041062184	-1.2557829600	-92.6232759214
-0.9088474366	-1.2445964589	-92.5266590515
-0.4138865834	-0.4417077821	-92.1944188876
-0.5724778359	0.0996107745	-91.3686931251
-0.8158130312	-0.7155037687	-90.8429781223
-1.0960292115	-1.5328932050	-91.3463203536
-2.0376658596	-1.7771170864	-91.5779992664
-1.3682742647	-2.1792709029	-92.2026489287
-1.0132998705	-2.6655215478	-91.4041794617
-0.1130249354	-2.2666394341	-91.2298289507
0.7539511436	-1.7875221997	-91.0927189430
-0.0380231669	-1.4349810440	-90.5942298006
0.0235066920	-0.5172295279	-90.2018699771
0.6029213182	0.2159891342	-89.8459639720
1.2006302762	-0.4124202400	-90.3438049707
1.4678845093	-0.9684890729	-91.1308009224
1.0111314979	-1.2041993189	-91.9885988977
0.3416466581	-0.9157406010	-92.6731291142
-0.0083980567	-1.4090311349	-91.8768043395
0.2959111511	-0.6002992265	-91.3734668719
0.8636531677	-0.1784773332	-92.0803864522
1.7076860752	0.0117642101	-91.5789718471
2.6905609994	0.1078531912	-91.7362098549
2.4774447037	-0.1792069100	-90.8023051795
2.6348036416	-1.0785311133	-91.2102930983
2.0872460127	-1.7851908086	-91.6584144189
1.6314264990	-1.9102157782	-92.5396620163
1.4910389065	-2.6900298813	-93.1497286426
0.7485473839	-2.9474374624	-93.7681521836
0.3876078653	-3.0842149750	-92.8456476709
0.7901428833	-2.4623656051	-92.1738821461
0.6386448313	-1.9809100143	-93.0371601165
-0.2181708984	-2.2330637751	-92.5873987505
-0.7493473039	-2.8496496223	-93.1684955749
-0.1027659284	-2.3697159245	-93.7614510290
-0.3490042819	-1.4840388206	-93.3678233612
-1.2608883840	-1.8910444297	-93.3147779232
-1.0717926897	-2.2897156944	-94.2121652649
-0.3707627852	-1.8232221131	-94.7515545600
-0.7794332083	-0.9650424550	-95.0622250604
-1.4548951980	-0.3376619696	-94.6747398001
-1.5345812802	-1.2946832493	-94.3958842844
-1.1477544916	-0.8977183840	-93.5635478552
-0.3144544913	-0.4196470211	-93.2859530400
0.6205590253	-0.0650984047	-93.2792446641
0.8572471404	0.7110033537	-92.6947407747
1.3274982808	0.6481868687	-93.5750350177
0.6442130389	1.3641874295	-93.4319809188
-0.2874291465	1.4961720778	-93.7705409446
-0.3321408727	0.4994571205	-93.8380698673
-0.4475874680	-0.3760238350	-94.3073301151
0.2057405602	-0.9436981080	-94.8082376988
1.1750905872	-0.8510231566	-94.5807033530
2.0845685046	-1.0896329499	-94.2402400153
1.7059992696	-0.2956508792	-93.7645533477
2.4755174689	0.1803531383	-93.3388046939
1.6955800917	0.1133883210	-92.7165399585
2.1223391979	0.9713171805	-92.4304722439
1.3770309138	1.6179462779	-92.5929110692
0.4110123844	1.6203907776	-92.3344498046
0.4818772680	1.5367201143	-91.3404792877
1.2127660282	0.9423595102	-91.6759447740
1.4078147319	0.7087648054	-90.7233748201
0.4734712065	0.3817425278	-90.8650032299
-0.3340537361	0.9714641078	-90.8764891001
-0.5530444122	0.3829834241	-90.0982002279
-1.4333759955	0.0026559079	-90.3816914693
-1.5432907475	0.7814954921	-90.9992087965
