1.9015631535	-0.2782235001	-131.9732369362
1.4269001183	0.5896932478	-131.8268965053
0.7460898025	0.6468361118	-132.5571238719
0.7760774671	-0.2498278106	-132.1154287845
0.1907655108	-0.7553984260	-131.4815453041
0.3007376996	-0.4262601154	-130.5436891903
-0.5598889143	-0.1727864628	-130.9853598129
-0.2746902243	0.4637123513	-130.2687490631
-0.2604440145	0.4803448548	-129.2689888891
-0.5511502861	1.3776858052	-129.6010567776
-0.9261146581	2.1366230410	-129.0686884917
-1.3923291580	2.8441968225	-128.5376674151
-2.0662410445	2.3837438473	-129.1154440388
-1.6889480426	1.8575154942	-129.8775029021
-1.7077427426	1.3098683182	-129.0410046475
-1.2865621552	0.5908983124	-129.5938961771
-1.1150689878	-0.0942929250	-128.8860098433
-0.9008478233	-1.0662343033	-128.9831656456
-0.7961862793	-0.6872097285	-128.0637167167
0.0953931706	-0.5131220544	-128.4817831780
-0.0301693797	-0.5796718675	-129.4716342619
-0.8913264156	-0.3353300492	-129.9173983649
-1.7424179672	-0.4617966466	-130.4269563797
-2.1641708772	-0.0714961164	-129.6085494033
-2.2869792780	0.8358780956	-130.0105321591
-2.3410024309	0.9941210515	-130.9964533861
-2.6811834274	0.0538483410	-130.9836424693
-2.5514727101	-0.5621493460	-131.7606379515
-2.5196424654	-1.2096030528	-130.9991981751
-1.5399987216	-1.3040512872	-131.1763355972
-1.1937063253	-0.8385992244	-131.9908513758
-0.5293897765	-0.0919278449	-132.0249889499
0.0009931818	-0.5887644884	-132.7119003468
-0.4586781689	0.1948993453	-133.1297199790
-0.9152800795	0.8264020716	-132.5030470166
-1.4230382706	1.1356205746	-131.6989540265
-0.6932763324	1.8030313530	-131.5505951157
-0.4445779924	0.8415846690	-131.4332519886
0.4031990538	1.3090768143	-131.6837019318
0.0227317732	1.5476676730	-130.7902149142
-0.2644818976	2.2752902770	-130.1672593352
-0.9166690032	2.5738624920	-130.8640423801
-1.3511903381	2.6676582952	-131.7598066107
-1.2428341545	1.9838656100	-132.4813927118
-0.2876320562	1.6913120482	-132.4366560953
-0.3586103277	2.6230315284	-132.0804807237
0.1427814085	2.5433411165	-131.2189380578
-0.1112444109	3.2252796811	-130.5330585661
0.8745666701	3.2038195578	-130.6995397231
0.5997261605	2.7541075133	-129.8497034028
0.0919361452	2.4108022188	-129.0595826683
-0.2488440858	2.2309727916	-128.1367987222
0.2110363650	3.1113234213	-128.2529569747
0.3668460374	3.6768140681	-129.0628604717
-0.4469497980	3.2793868589	-129.4868745654
-1.2993461118	2.9631983502	-129.9033422727
-2.0333480698	2.7758978300	-130.5561513111
-1.8106613209	1.9314055917	-131.0432277645
-1.0269366895	1.4661639509	-130.6317354588
-1.3400224058	0.5196295094	-130.7095164678
-1.7112600030	-0.1055299816	-131.3960718241
-1.6842992671	0.0103789981	-132.3889656891
-2.3437432440	0.6776662464	-132.0427556810
-2.3102543752	1.6762282725	-132.0846170662
-2.9209717202	2.0851642463	-131.4065347011
-2.7266248622	1.8144655026	-130.4636924614
-2.7383928362	1.7024479561	-129.4700559162
-2.8857425995	0.8953882375	-128.8982669184
-2.1078246413	0.3878211302	-128.5278357077
-2.3605974547	1.2360208260	-128.0623647840
-1.5674619494	1.8434994885	-128.1060196227
-0.9332751160	1.2594166417	-127.5994090342
-0.6880740665	1.2144308876	-128.5678370012
0.2728520790	1.2739639604	-128.8381641291
0.1256507808	1.3079361293	-127.8496411554
-0.1183374132	1.2815670666	-126.8802215179
0.3692618113	0.4592732292	-127.1736151802
0.2340034432	-0.5008877118	-127.4181476755
-0.5913255941	-0.0073941519	-127.1437463516
-1.3414356799	0.2809678689	-127.7388784413
-0.4066067454	0.3152488835	-128.0923182174
0.5874628794	0.3682159690	-128.1872922608
0.7687490415	0.2286808545	-129.1607732721
0.9000918902	0.4686943978	-130.1226165832
1.8165783954	0.3171757334	-129.7523537305
1.4719844286	1.0400044377	-129.1533765504
1.2487695754	1.3223757664	-128.2204019730
0.8781554604	2.2467325269	-128.1297942635
1.1254372074	2.9179521856	-128.8285903048
1.0463126879	1.9876178514	-129.1866647901
0.4952962734	1.4560031739	-129.8299118233
1.4727504603	1.5280695834	-130.0283803225
0.9319184691	2.1011869851	-130.6440402946
1.2367202211	1.8444415449	-131.5611976807
1.0835309725	1.0598930393	-130.9603510310
1.9530490167	0.5984615890	-130.7842278144
2.2706111941	-0.3363692030	-130.6253390049
1.4213034313	-0.5966168785	-130.1660488227
1.1788171618	-0.2592104686	-131.0756406672
0.4128704602	0.3442150390	-131.2974588518
