-3.3405469511	1.6363690086	15.5996309546
-2.8877568904	1.1967932338	14.8239027167
-2.2615222143	0.6166750725	15.3447607102
-2.2551066891	-0.3820404614	15.2945001555
-1.3694631506	0.0510206609	15.1268887387
-0.7866637437	-0.3655363290	15.8246172858
-0.4593764159	-0.2846972492	14.8831566928
-0.3044612956	0.5217161220	15.4538569470
-0.9659234010	0.9002022741	14.8063879395
-1.8417832729	0.7620494079	14.3440209096
-2.3688545084	1.4918172642	13.9085501428
-3.2870662826	1.1083979135	13.8091683583
-2.9693874212	0.2600443120	14.2326967609
-2.3124011456	0.4403411337	13.5006707438
-1.6209710463	-0.2429557610	13.2660864916
-1.1057455791	0.0450754033	14.0732920208
-1.9762221995	-0.4050735297	14.2723809240
-1.3302953089	-1.0144094236	14.7322594083
-0.9179650004	-1.0230102833	13.8212655873
-0.7019667763	-0.6875413777	12.9043111825
-0.4776431265	0.2358587281	13.2157773039
-0.1612567472	0.5305537318	14.1174726592
0.1124669256	1.3101121049	13.5541218859
0.5780374049	0.5614882252	13.0820981413
0.4128831547	-0.4115573153	12.9211433345
0.0363113784	-0.5439020296	13.8380285912
0.8941242770	-0.0326248116	13.8904941729
1.0671611116	-0.7503797700	14.5649465978
1.3368238975	-0.3887172222	15.4574051030
2.2920094793	-0.1326027515	15.3089939101
1.9941892185	-0.0463073149	16.2597074263
1.4753462963	0.6269892156	15.7329496034
1.5348263739	0.4413118749	14.7521407303
0.7733288102	0.9586557802	14.3616580239
0.5415334801	0.1614750488	14.9191289258
0.2612814380	-0.4383147866	15.6686027054
0.4875956334	0.4447489147	16.0796749430
0.5405961299	1.1532468637	15.3759551098
0.9896871730	1.9710553688	15.0160850166
0.1614353134	2.4494569599	14.7243132313
-0.1462538172	1.5006577107	14.6528472693
-0.3514358610	1.8603870968	15.5630643301
-0.6411443706	1.2170603947	16.2717248509
-0.2941194076	0.4516460811	16.8136792804
-0.1478753462	-0.5266224839	16.6666987063
-1.0274796650	-0.3016152502	17.0858263564
-1.5160458242	0.1172391231	17.8512439692
-1.9425286045	0.2711929076	16.9599467851
-1.7602638452	-0.4193003268	16.2599477487
-1.4758567063	0.5134510989	16.0383910808
-1.3917461259	1.4069569136	15.5972870461
-1.2667089373	2.3932132194	15.4892861171
-1.1780036168	2.7532011068	16.4180164801
-0.3756462074	2.2006062527	16.6435414561
-0.2011909876	1.9824226780	17.6037296169
0.7616315905	2.0554892558	17.3436643206
1.4890015372	1.3951022476	17.5302707512
1.0891251387	0.6305474396	18.0357950449
0.3674430448	1.0547622269	17.4887879429
0.3252662311	1.4876694020	16.5883366705
0.5496123109	2.2997236299	16.0496004015
1.2636081658	1.6011848442	16.0970712772
2.0558795496	1.2127142955	16.5675993712
1.2448476879	0.6767171052	16.8019801114
2.0615587786	0.4334838457	17.3252587903
1.4610227332	-0.3527892090	17.4706243348
0.7494225162	-0.9748881228	17.1441001050
1.0301166119	-0.3109230976	16.4510191068
0.5261096367	0.0407891338	17.2398634991
-0.1546408942	-0.5427807478	17.6826105014
-0.3798303995	0.3608883581	18.0468519512
-0.7421621766	1.1105894494	17.4930794736
-1.5046247188	1.2737703864	16.8669621895
-1.2585886286	2.1097058736	17.3575517365
-1.1675723188	1.6901626696	18.2607125922
-1.8711120635	1.1389976320	17.8121048247
-1.7333497896	0.7070873743	18.7034381435
-1.4022383343	-0.1751662943	19.0380926944
-0.4417900867	-0.3749610235	18.8441307653
0.4701166237	-0.2825880359	18.4442640592
0.3425676627	0.4695393631	19.0908208148
-0.0139499288	1.2479242480	18.5740886037
-0.7575611267	0.7348885116	19.0028504485
-1.3843498222	0.7594848608	19.7816514184
-1.3839810332	1.6209178794	19.2737803537
-2.3041841311	1.5621309844	18.8867785973
-2.1352389715	2.1382730953	18.0870800284
-2.5277287584	1.8733902157	17.2062912755
-2.9111067301	1.3995054345	17.9990425258
-2.8540499381	0.6868304940	18.6982127137
-2.6705668380	0.2931435424	17.7974660589
-2.9189409764	0.8920871376	17.0361666059
-3.5388420367	0.6857101676	16.2791123003
-2.6657832195	0.2187138765	16.1388170196
-2.4447171619	1.1934122210	16.1718765937
-1.9209813361	2.0378715573	16.2840782607
-2.4482584763	2.6225322847	15.6675146783
-2.1113166550	1.9122447457	15.0494840796
-1.3417060620	1.7736490482	14.4261938039
-0.9359361905	1.1438159742	13.7638788408
