-2.1729948394	-0.1602610271	-156.8585255392
-1.4126341087	0.2904058956	-156.3908174208
-1.3092774663	0.5257535395	-155.4244174566
-0.9179089880	1.4365593200	-155.2930266487
-0.1196752762	1.5769562096	-154.7072693144
-0.1929841062	0.5931113975	-154.8705947596
0.7178751186	0.9515141028	-154.6659414591
0.8860235460	1.8867627217	-154.3544352358
0.9347449476	2.2293660611	-155.2926511901
1.5134231935	1.4138397778	-155.2856964074
1.7300899750	0.4940115854	-154.9586312729
1.5512794409	0.5278003780	-155.9419344359
1.2358809652	0.6097366029	-156.8873498242
1.3514174159	-0.3830187731	-156.9203360646
0.5248953447	-0.0738494816	-157.3907354853
-0.2948246334	-0.4061932499	-157.8572189011
0.4521218302	-1.0357784327	-158.0709792297
0.6123355342	-1.2588274718	-157.1094280375
0.2235030306	-1.9309398032	-156.4792897208
0.0166152482	-1.5613261677	-155.5734292426
0.0462064566	-0.5706610898	-155.4403613511
0.7572633467	-0.9294900516	-156.0450429823
1.4295131136	-0.4979869888	-155.4434739025
0.7778656864	-0.0470183761	-154.8335698601
0.4682466717	0.2274427344	-153.9231813911
-0.0176966873	-0.5522193820	-154.3181320666
-0.8284617735	-0.1934097863	-154.7806422276
-1.0573624515	-0.4965005754	-155.7057046326
-1.0772948538	-1.1794149027	-156.4359311187
-0.6206397874	-1.2573194454	-157.3221574061
-1.2678172462	-0.5032071545	-157.4338533751
-1.1238277961	0.4669570818	-157.6289133475
-0.6933213417	1.3238793395	-157.3454553486
0.0051774296	1.9089553598	-157.7575057301
-0.8978594918	2.3370399937	-157.7218986407
-1.7877199991	1.9452658050	-157.4881011583
-2.1813210793	2.3339664226	-156.6550405245
-1.1887512823	2.3011794510	-156.5378645353
-0.2296240916	2.1160463269	-156.7518756528
0.6526698623	2.4979612584	-157.0270090096
0.5541256666	3.0566594503	-157.8505048334
-0.2738182236	2.8125773293	-158.3554135707
-0.5875173739	1.9069386543	-158.6407404597
-1.3153387865	1.3726242132	-158.2108752840
-2.3010109429	1.2075180270	-158.2453766947
-2.2272057030	2.0932564886	-158.7036562647
-1.4199260601	1.9340093855	-159.2719343113
-0.5218707404	2.0116289147	-159.7049145089
0.4361357326	1.7288824814	-159.6571855648
0.4276434332	0.9772427274	-160.3167047541
-0.2889448697	0.4776938813	-160.8034820692
-0.9506782275	0.9630468562	-160.2320440122
-1.7458827170	0.8677584176	-159.6332369204
-1.7681504743	0.4657609689	-158.7178669415
-2.0460929574	0.0434369176	-157.8550863369
-1.9748971467	-0.9358143188	-158.0448181806
-1.2261560245	-0.4556848981	-158.5018329191
-0.7941092758	-1.3380873214	-158.3155493438
-0.2365407879	-1.4918961766	-159.1313067939
0.6498633090	-1.0724443262	-159.3271330489
1.1163556645	-0.9674664154	-160.2054066513
0.9130124088	-0.0533867862	-159.8545363736
1.5084113267	-0.4432629005	-159.1520431395
1.4014323801	-0.4338019140	-158.1578268679
1.9945671140	0.1967423720	-157.6572221428
2.0614326654	0.6549735728	-158.5435365140
2.0812885832	0.3831235547	-159.5056712811
2.4415349290	1.2850752330	-159.2675416098
1.6143321271	1.6954105946	-159.6514171307
1.4348927655	0.8603732781	-160.1715269226
1.7462875133	-0.0611857625	-160.4033937933
1.0908353263	0.2642603486	-161.0849121418
0.3640779175	-0.3942853868	-160.8896144637
-0.0164674361	-0.5169856305	-159.9730284699
-0.8285942283	-0.0212410796	-159.6653152695
-0.2656175947	-0.4427964096	-158.9544366486
0.5212443037	0.0352515167	-158.5641565785
1.1399021732	0.7077709865	-158.1579792733
1.4695788743	1.5717220221	-158.5386390701
0.7170477743	2.2302056961	-158.5288311867
0.2668678213	1.3502868126	-158.6807547479
0.9672500296	0.8560451405	-159.1957207000
0.0284615807	0.5771168179	-159.3978969576
-0.8323583924	1.0268135168	-159.1596494959
-0.5148251522	0.4436437752	-158.4119291645
0.1565005295	0.8014143230	-157.7628359013
0.3009388188	1.1868636008	-156.8514817249
0.9384075479	1.5754722791	-157.5167763323
1.8839360180	1.2527222111	-157.5593005106
1.9365867737	1.4577945705	-156.5819708706
1.0100769226	1.7118275614	-156.3043979335
0.1366213192	1.7528010548	-155.8192211804
0.6164146920	0.8867472472	-155.6786896116
0.5743277625	0.0318396448	-156.1957598986
-0.1189848155	-0.5548041327	-156.6142891657
-0.3955718207	0.3590955734	-156.9114203754
-0.3989903669	0.3567088448	-155.9114290669
-0.7194481167	1.2221485406	-156.2965536747
-1.6988562780	1.3475208374	-156.1383087985
-2.0960106704	0.9422494149	-156.9617305997
