3.0549875933	-1.3312059057	97.2570870026
2.2564609318	-1.3075191529	96.6555937703
2.2584972845	-1.9848213063	97.3912959154
1.6249352335	-2.7379841897	97.2142512917
1.0311656534	-3.1786426474	97.8874955337
1.9131545696	-3.6017296053	97.6799070518
1.5951374946	-3.6543291284	98.6265318086
2.0728742351	-3.3988859001	99.4670770863
1.1860461885	-3.7962602870	99.7029363929
1.4970574931	-3.3553441352	100.5448775521
0.5099721754	-3.2046009682	100.5990907708
0.2955565760	-2.2723354300	100.8904786856
0.6928748780	-1.4077451720	101.1980853382
1.3030298454	-0.6429060123	101.4048024772
0.5362520510	-0.0220873650	101.5680079343
0.1271331735	0.6216383789	100.9212940017
-0.5682190128	-0.0497922079	101.1775483754
0.1202651787	-0.5503441870	100.6527272304
-0.5184405913	-1.3030843810	100.4932369810
-0.6877397003	-1.7488983834	99.6142673075
-0.1682201078	-2.6004853385	99.6842605275
0.5504225041	-3.1026826071	99.2032712347
1.2685865377	-2.7375682943	99.7956663389
2.1611226337	-2.3776225707	100.0673617443
1.5704432170	-1.8736286825	99.4372125657
1.1653681233	-1.8556392151	100.3513189859
0.2923138087	-1.6548835743	99.9069392649
0.4436515830	-1.9731595439	98.9710988484
0.8169638388	-1.2679559525	98.3683336749
1.3992267899	-0.4718505634	98.2034517016
1.0615550389	0.4658187438	98.2856347836
1.4906847018	0.0626251791	99.0938938273
1.5441538044	0.6786206435	99.8798268034
0.6297172392	0.3119885381	100.0512522028
0.3799981468	1.2793847278	100.0090030951
-0.6050670171	1.4512381068	99.9983711160
-0.8158936529	1.0662893231	99.0998353273
-1.1532831823	0.7258666164	98.2221789673
-0.6249961538	1.2041769783	97.5206577537
0.3430753691	1.4399533413	97.6057872630
0.5057854053	0.4870120056	97.3499977894
-0.0738472910	0.5409720790	96.5369084660
0.4610170101	0.8636894939	95.7560284179
0.9783077996	0.2664662672	96.3690004047
1.1778819380	-0.4247900647	97.0635037142
1.6395737025	0.4331786893	97.2887376633
2.6072534383	0.6713778872	97.3715450974
2.8629449555	-0.0634977453	96.7433893422
2.2314285974	-0.4704303019	97.4033840268
2.2481625558	0.1413553876	98.1942305636
2.0146187323	1.0586838596	98.5166677776
1.2058444108	1.2083980640	99.0854117920
0.3589515068	1.5516388876	98.6792613937
0.2772690725	0.6656237177	99.1356659277
-0.0821062701	0.5047458814	98.2164446894
-0.5557536362	0.0526496114	97.4606225309
0.1408569011	-0.5128576981	97.9021372444
0.4886909596	-0.3458971075	98.8247073658
0.9480998467	-1.0602793749	99.3525344687
1.2135624961	-0.7468250667	100.2642778418
2.0468285284	-1.2993592115	100.2449455314
2.9856605525	-1.3142472423	99.9008920803
2.5161685861	-1.7479153860	99.1317957049
1.9737862726	-0.9180972122	99.2630329879
2.1543375694	-0.2356493665	99.9713169473
2.5212682815	0.3874292842	99.2805674649
3.0609235058	-0.4476979541	99.1741027537
2.5313132778	-0.8276833010	98.4157333566
3.1500679051	-0.3139812190	97.8213825494
3.6771671988	-1.0410501972	98.2613109930
3.6226328622	-1.6676947183	99.0387057770
3.0181953116	-1.9213399886	98.2835108854
2.3876190485	-2.6611619028	98.5181107824
1.3992644597	-2.6157773813	98.6633535173
1.8308134669	-1.7652958783	98.3626099928
1.5092250568	-1.3066336765	97.5342321327
1.3496031241	-1.8736905091	96.7261681579
0.8077805995	-1.8698249229	95.8856841253
0.9376374933	-0.8923233346	96.0519003456
0.0932022602	-0.5271429814	95.6600171400
-0.6363815214	-0.3814351250	96.3282062796
0.2371391285	-0.4742746763	96.8060582358
0.4886049231	-1.3796160253	97.1482891461
0.8864894857	-2.1158250126	97.6957233447
0.5821357804	-2.6735776861	96.9235311554
-0.2742108240	-2.1571904169	96.9273627539
-0.2165935936	-1.3637721625	96.3214190862
-0.6626118671	-1.1769254414	97.1967224637
-0.8794505899	-0.8644181047	98.1215576559
-0.1925142037	-1.1221306666	98.8010446953
-0.1287400166	-1.7844755699	98.0545649018
0.1456552071	-2.7423068730	98.1398084128
-0.5624202679	-2.4420815770	98.7789436828
-1.0894667673	-2.2393282898	97.9536479225
-1.5364712344	-1.5964629331	98.5756697384
-1.1869408584	-0.8457039445	99.1361957925
-0.5771517395	-0.0807151861	98.9289533500
-0.0569064464	-0.5211017092	99.6606667811
-0.3949741746	0.3528341246	100.0098749848
-0.9943307963	-0.4353363698	100.1497281644
