-0.4907573427	1.8345308468	248.8757750392
-1.1036686569	1.0675895421	248.6856678166
-1.3086339674	0.5897499462	249.5398683447
-0.5930693111	0.0173084156	249.9402155898
-1.1017254965	-0.7313759070	250.3653516506
-0.4718774473	-1.2832162782	250.9119444054
0.5079436080	-1.4410727861	251.0345495545
0.8544509831	-0.9196762883	251.8143433293
0.5270181668	-0.1404727254	252.3487865520
0.4942001172	-0.0355353094	251.3548493737
-0.0101395643	0.4980254195	250.6759131218
0.4487947168	0.3586119882	249.7984490367
0.2137659390	-0.4509250485	249.2604794652
0.3965119247	-1.3902150243	248.9700689866
0.3478543104	-0.7693636996	248.1876521736
0.5035587396	0.1725362615	247.8900272517
0.7578971800	1.1036621617	248.1514015345
0.1654405500	1.8942209394	247.9964436033
-0.3461701292	1.0350047791	247.9949934732
-0.5228572572	0.0744947840	248.2099404623
-0.2441716643	0.5402090606	249.0498479292
-0.3845140090	1.1078929002	249.8610440119
0.5146594655	1.4510103922	250.1326272392
0.5644582073	1.1907041413	249.1683862211
1.3515866315	0.9509940371	249.7366888780
1.5078893094	1.9370221372	249.7942914715
1.1592922730	2.8715600536	249.7227443613
0.4138677071	2.2735274324	249.4282970814
-0.4004263662	2.2030046042	250.0044495724
0.2511727633	2.3635131608	250.7458371753
1.2505427276	2.3287998995	250.7532306766
0.7836726839	1.5414555647	251.1558735218
0.6885309325	2.3044677625	251.7952172739
0.1764421516	2.2010351353	252.6478993789
-0.1288201200	1.2633685856	252.8140209822
0.5929090810	0.6300350484	253.0932978897
0.3428785313	1.0285893891	253.9757032170
0.7120145830	1.7083397924	253.3419225258
1.7079877715	1.6213014217	253.3634104271
1.4879078345	2.3202351972	252.6829279521
2.3940907739	2.7191698039	252.8232264195
2.5751929605	2.0470978972	252.1052282647
2.8138323955	1.4024554448	251.3789450358
2.3779461497	2.2207323203	251.0042102816
1.7799006440	2.7016419207	251.6453557638
1.6812781171	1.7108000133	251.7375832636
1.7718748634	1.2406591075	250.8596540192
1.0671558904	0.5464244128	250.7133346504
1.2256983382	0.6743150299	251.6923690126
0.7911932532	1.3604442636	252.2758345264
0.1377311169	0.8856001657	251.6863344679
-0.2504419095	1.7965128084	251.8261910332
-0.3852842715	1.4936757796	250.8827360680
-1.2188593718	1.5585850411	250.3341566847
-2.0981342436	1.0848518762	250.2846330718
-1.8090282036	1.2685973124	251.2241304439
-1.6801262875	1.7833776452	252.0717066971
-1.1279824460	1.1462143082	252.6094427479
-2.0483469476	0.7617699162	252.6810785891
-1.3228447865	0.0844353795	252.8029988077
-1.5772143853	0.1528971416	251.8383179825
-1.7120249653	-0.1664266805	250.9003103044
-1.3222650160	-0.8982309471	251.4593717476
-1.3224749627	-1.2351735655	252.4008969081
-1.1504676914	-1.0219688323	253.3626438812
-0.2304192489	-1.3477478833	253.5803107673
-0.2550979091	-1.3826735642	252.5812256055
-0.2078209025	-0.7202586377	251.8335817398
-0.6477935857	-0.1225839735	251.1633511573
-1.1119992468	0.6129067147	250.6698265359
-0.8670716836	0.9036283425	251.5947543298
-0.4576452695	0.3213643280	252.2971350164
-0.3011272031	-0.4391581821	252.9272997619
-0.4913582408	0.3654045095	253.4898751147
-0.2419042282	-0.4250103124	254.0493544307
0.6818099125	-0.1637431940	253.7691907657
1.3832409799	0.5347778504	253.9108340085
2.3184731696	0.7381824574	253.6210628625
2.7185592228	0.5183931717	252.7313304195
3.1604620150	0.3150206313	251.8576247872
2.2167955701	0.6445389198	251.8274364078
1.6695115529	0.9158954013	252.6191723893
1.6066187366	-0.0578797015	252.8378194631
1.8114844578	-0.9079252291	252.3525848424
2.7626775580	-0.6193909703	252.2431331740
2.6790886869	-0.4626212915	251.2590416292
1.7363959251	-0.2348400180	251.5028572325
1.1593944515	-0.6191730386	250.7821926582
1.7533563984	-1.2666556412	251.2596604423
2.2137251770	-0.9147315617	250.4446696264
2.1667554459	0.0836262272	250.4774655067
1.5008472810	-0.0876556818	249.7513602639
1.0575593485	0.1479959011	248.8865110629
1.2033921712	-0.8406427177	248.9229317897
0.8677007305	-1.0018590617	249.8510053574
0.1784362457	-0.5802344500	250.4401973098
-0.1989015878	-1.3265046604	249.8918389120
-0.7526110691	-0.8679303816	249.1967738494
-1.3579614356	-0.1731847030	248.8083419045
-1.8371281340	-0.3163945689	249.6743039184
