-1.0915116511	-0.3114869750	56.6249455269
-0.7812365017	-0.9830102338	57.2978391623
-0.0827086652	-0.7969031144	56.6068811305
0.6609501765	-0.1431860022	56.4667902157
0.6580909822	0.4683576612	57.2579957344
-0.3222291597	0.4187277453	57.0669216889
-1.2839864494	0.6254819619	57.2465758277
-0.6264154728	0.9223018300	57.9390340406
-0.5546314167	-0.0745372026	57.9049900631
0.3161210321	-0.5003162492	57.6590177547
0.8100300420	-1.2480764507	57.2152739424
1.3542278376	-0.4877963737	57.5699892700
2.1024375329	0.0086136282	58.0101703258
1.7169869873	0.5476039499	57.2612261957
1.3910494836	0.7932602996	58.1741433341
1.1611321039	1.7613210540	58.2741252033
0.4541700237	1.4107521069	57.6598727874
-0.4141090512	1.8278970185	57.3913926749
0.1054758054	2.3962086742	58.0294000721
-0.5520425921	1.7862746477	58.4717235287
0.3346347067	1.5232650576	58.8520251500
-0.2824045855	0.7388237589	58.9145900036
0.4403039676	0.4025784574	58.3107428006
1.1074092767	-0.2412088538	58.6855873078
1.8609994535	0.3427180338	58.9874668123
0.9474926799	0.6755433646	59.2214169646
0.2066466290	0.6192395575	59.8907278118
0.4488829847	-0.2961984888	59.5693328348
0.1054593121	-0.5138449375	58.6557190189
-0.6856452359	-1.0491782521	58.3597936290
-0.0991492631	-1.6746459207	57.8451941058
-0.7782489632	-2.0895091593	58.4507616830
-1.3541986999	-1.7355430846	59.1876401796
-0.5388289331	-2.1933615983	59.5420048956
-0.3720812639	-2.2840695614	60.5238232496
0.1213640153	-2.3365806510	61.3920135178
0.7040530316	-1.7250851931	61.9273141952
0.1453709118	-1.1865804127	61.2965314351
-0.4652383181	-0.4119025301	61.4609411264
-0.9076040765	-1.3018738447	61.3502000090
-1.0725102332	-1.5137192143	60.3869100740
-0.1139141625	-1.2606839340	60.2562704163
-0.6077813720	-1.0857656629	59.4045082560
-1.3817219990	-0.6638552685	59.8767449815
-0.5125186171	-0.1968676499	60.0392505043
-0.8113836097	0.7532589025	59.9501480309
-0.4004803919	0.4940792593	60.8242100757
-1.3968682111	0.4196605390	60.7833057028
-1.5313918455	-0.4366254281	61.2819816841
-1.6375398422	0.4037704335	61.8134583050
-1.0319580951	1.1663280211	61.5859134234
-0.3444484267	1.3170510893	62.2962746079
-0.0021231748	0.5545844619	61.7472226394
-0.6082054189	0.1410590351	62.4266790654
-1.3618281203	-0.5139222719	62.4819267923
-1.2693659791	-1.5031958085	62.3688400021
-0.3304805979	-1.7791615570	62.1630800776
-0.3547346377	-0.9347135361	62.6981681840
0.3387098176	-0.4602633581	62.1559211776
1.0450915801	0.0967567814	61.7191679638
1.1293088675	-0.8465714282	61.3981705535
1.7433782218	-0.3226181817	60.8079232972
1.3546881058	0.3826935145	60.2150865533
1.9773967880	1.1616839231	60.1415485331
2.4096584483	0.2692767007	60.0120911793
2.5553808425	-0.3627927945	59.2510043663
1.6187666784	-0.4366667836	59.5934901928
2.1379684788	-1.1725728707	60.0280839358
1.7184204993	-1.6681148257	60.7886216822
0.7454427302	-1.8866290206	60.7140173427
0.4416050737	-1.9600318566	59.7641254003
0.1028118726	-1.5843665847	58.9015161201
0.1761114146	-2.5180389255	58.5509692086
1.0400594302	-2.1727451141	58.9175289039
1.4639898260	-1.9208670702	59.7874946908
2.1138051425	-1.7102044427	59.0571787921
1.8592575871	-1.0029984062	58.3975840953
0.8938400598	-1.2495588993	58.3128673834
0.9350124681	-1.1755595034	59.3092753933
1.0059230323	-0.9686546905	60.2850633263
0.5632237660	-0.1917222849	60.7327165369
0.6977718170	0.7727307725	60.9601525100
0.0018709341	1.3356484700	60.5142314104
0.3641378859	2.2004186248	60.1664739735
0.9606844946	1.4091293512	60.0323343855
1.0916799200	1.6474362183	60.9946493212
0.6070306822	1.5194757688	61.8599476742
-0.1174523599	2.0616027353	61.4342451090
-0.8433783587	1.8711835713	60.7733578371
-1.5912957248	1.4159843171	60.2902292285
-2.2530045526	0.7192119706	60.0133723623
-1.6480693071	0.3130290189	59.3284864168
-0.8661225564	-0.1901843516	58.9606065684
-1.6836905438	-0.7189232281	58.7325324871
-1.6062465593	-0.4625153074	57.7690713267
-1.4600196895	0.4026881851	58.2486968254
-1.5697914676	1.3796250881	58.0655454009
-1.2681760878	1.2564149560	59.0109804468
-0.7360090254	1.7847166251	59.6725660905
-0.1919194457	2.4941364550	59.2245816775
