0.6043628646	-1.3269256484	221.7537300593
1.0065197037	-0.4146109169	221.6765827487
1.3623583385	0.3659642611	222.1904711192
0.4479770581	0.1110442690	222.5049908671
-0.1898605780	-0.5549480741	222.1181868486
-0.0200810701	-0.6467278350	221.1369878911
0.5408686946	0.0396620590	220.6741658141
0.5044096819	1.0157126442	220.4596990439
-0.2798965457	1.2572447676	221.0311235575
-0.2731550061	0.4092935622	221.5611549762
0.6797772277	0.7117914623	221.5407790532
1.0895624254	1.5273742519	221.9493140029
0.0991514705	1.6496856225	222.0135484880
0.5264525044	2.5506064315	221.9376833292
0.6619174765	2.2374453029	222.8776723445
1.5707409167	1.8363736494	222.9924829858
2.0527635138	0.9667604913	222.8855850377
1.9257001571	1.3024337249	223.8189544093
2.0937025831	0.3169061920	223.7963564683
1.3782886168	0.6959162554	224.3833268498
0.8156572439	1.3782911028	223.9166251186
-0.0501722026	1.2317802291	224.3950328249
0.6605575786	1.0063072194	225.0613849090
1.4200729896	1.6468905905	224.9482951872
0.8665828432	1.8064696701	225.7657199086
0.5179084876	2.1222578587	224.8832778348
1.1644565775	2.2973478012	224.1407691954
0.2198974124	2.2675006785	223.8137873412
-0.0608916677	1.4817627622	223.2626309032
0.7804611090	1.1590744499	222.8290438205
1.2313850540	0.3498370607	223.2056104730
1.2760408370	-0.4955404127	223.7379100019
2.0137599356	-0.8322383574	224.3230638497
2.5144638596	-0.8777170689	223.4586407662
2.5424229601	-0.1222929617	222.8040013945
1.6584533800	-0.5517291054	222.6191166196
0.7343562322	-0.9097812466	222.7526947826
0.2967358100	-0.5858624976	223.5914826044
0.6607330876	-0.9782568557	224.4361912226
0.5045538744	-1.8496403723	224.9012705925
0.1194760482	-2.6046433787	224.3705300456
-0.8651920284	-2.4913328206	224.5031554448
-0.3138984287	-2.3754563388	225.3293806005
-0.5310627136	-1.4035259510	225.2388764875
-0.3810790386	-1.6211379678	224.2744336911
-0.6707045520	-2.0212318368	223.4049269586
-0.5112626747	-1.0652070984	223.1587664677
-0.5730884462	-0.0741402333	223.0405969160
-0.3141455030	0.7588575311	222.5516559413
-1.0842245861	1.0836515598	223.1007343007
-0.9485005058	1.7056683459	222.3295831535
-0.4835539919	2.4292339468	222.8397572027
-0.9447699442	2.0412438162	223.6377192970
-0.9991169611	1.8259918503	224.6127644205
-1.2522578445	0.9758432504	224.1510642460
-0.5373238094	0.2766598207	224.1476208307
0.2162208919	0.5189391371	223.5364979984
0.5410428661	0.0896646803	224.3792400264
1.3443048194	-0.2710720279	224.8532012715
2.1563650902	-0.3167558144	225.4349839699
1.6188957066	0.5250414815	225.4850236973
1.0349606726	0.8284317822	226.2380005903
0.0590856108	0.6600199086	226.3769441204
-0.5854117461	0.0447218960	226.8308510632
-0.1875793731	-0.5815361737	227.5013212215
0.4955070260	0.0349516461	227.1097401449
1.1521235660	-0.2545094983	226.4132726544
0.8501824859	-1.1684362955	226.6845094393
0.1071075542	-0.5960998677	226.3377088347
-0.7574285105	-1.0436508865	226.5663471480
-0.9652430861	-1.8753529915	226.0514833692
-1.4249590628	-1.1555734768	225.5313115985
-1.4236985790	-1.5599478124	224.6167188980
-1.0907416498	-0.6805310992	224.2764749740
-0.2673280313	-0.4757486402	224.8056764076
-0.6983263591	-0.2759580434	225.6856333150
-1.6802213812	-0.1460043300	225.8234527544
-1.2679711265	0.2435361671	224.9998582374
-1.6449134931	1.1578474952	225.1480110216
-1.0875022167	0.7800955996	225.8873324499
-0.4061285406	1.4391306753	225.5688945711
-0.2458241194	0.5314383801	225.1810838057
0.5434053483	0.0811960345	225.5986944828
0.5041173321	-0.8981794324	225.4005022866
0.1977744444	-1.6146588576	226.0272488609
1.1411750405	-1.9299097660	225.9242334252
1.5778527008	-1.0364958315	225.8187622795
2.0547159994	-1.5649071620	225.1163501068
1.4476547015	-1.7986112493	224.3568377763
2.3444092943	-2.0129789985	223.9696974031
2.3105135041	-2.1547732588	222.9803817492
1.6706637453	-1.4309989637	223.2387285235
1.1370630324	-1.9648171943	222.5827495788
1.2882504013	-2.3837178901	223.4781068184
0.3546196554	-2.6069750913	223.1979464136
0.4392057359	-1.6476392117	223.4672415401
0.0295703275	-1.8306293250	222.5735338414
-0.7433896228	-1.4806946870	222.0443092537
-1.2821085593	-0.7910127299	222.5281694664
-1.1262793489	0.1382568670	222.1932436933
