-0.0571462284	-1.7083613148	-191.8886634854
-0.2158170645	-1.5464598885	-192.8626303708
-0.6330435033	-2.4187241488	-192.6075281190
-1.6327475185	-2.3945315678	-192.6100973837
-1.9544890095	-1.8869891508	-193.4093990214
-0.9771752231	-1.9469682781	-193.6125252558
-0.2484294126	-2.0836546581	-194.2835292626
0.7148077176	-1.8150299075	-194.2796595790
0.0596827434	-1.2109886058	-193.8258475320
-0.3487440540	-0.3651069471	-194.1688807237
-0.5002552708	-0.5075024737	-193.1907356091
-0.3765113965	-0.7186942736	-192.2211555571
-1.2162937132	-1.0531729653	-192.6488115700
-1.4607481042	-0.9871183388	-193.6162198793
-2.3517185899	-0.7740580335	-193.2152499304
-2.8781510968	-0.9929717186	-192.3936991930
-2.0435990309	-1.4579607446	-192.0982198282
-1.1296548678	-1.8027120358	-191.8840875935
-1.5416666362	-1.2700028625	-191.1448533685
-1.1261186960	-0.9366377256	-190.2985746940
-0.9630634376	-0.0731397800	-189.8213071792
-0.2931375742	-0.4346215358	-189.1728241203
-0.4413740921	-1.3383050430	-189.5745479726
-0.0170879596	-2.1601135318	-189.9548269300
-0.6012318655	-2.0278242343	-190.7556236826
-0.5586639823	-1.1370814778	-191.2081337013
0.2702436430	-0.5994471354	-191.3626052603
0.5121330616	-1.4064652474	-190.8238926505
1.0353627147	-1.8007999478	-191.5793599722
0.4579229947	-2.6024474501	-191.4246840144
0.7456836610	-2.4211194335	-192.3650636980
0.3352553191	-2.3261035127	-193.2719928854
0.9848324691	-1.5705387586	-193.1873085984
1.6297883867	-1.3548866784	-192.4541469214
0.6838450391	-1.1006877787	-192.2527167783
0.5414768815	-0.2510162646	-192.7604466531
-0.0069212475	0.5718236806	-192.9094228820
0.3790232067	0.3955709645	-193.8149513788
-0.0219353686	1.3090973659	-193.8835205763
0.7996359136	1.3462285236	-193.3146252386
1.1676426942	0.5607336233	-192.8170624074
1.0427679909	1.3207090367	-192.1792194176
1.6393420152	0.6816162699	-191.6937713061
2.2781223710	-0.0579637021	-191.4816837724
1.9540170070	-1.0038448634	-191.4654190339
1.6029443487	-1.1091059740	-190.5350061755
0.9570560786	-0.3957328582	-190.2631107171
-0.0254702815	-0.5803753660	-190.2865435177
-0.6165438660	0.0553883199	-190.7829672815
-1.6017268711	-0.0583741121	-190.9113127359
-1.3590007938	-0.4435115733	-191.8016796194
-2.3180204736	-0.5243261984	-191.5301096465
-2.1838504884	-0.0643104958	-192.4078248443
-2.7214929663	0.1884259112	-193.2122282721
-2.4345852036	0.0758792564	-194.1635521844
-1.6132452860	0.0540741034	-193.5935300137
-0.7261425869	0.5105157302	-193.6621583071
-1.0250242290	1.4643134207	-193.6315032969
-1.8250153569	1.0419322918	-194.0576586410
-1.3236237639	0.5791900428	-194.7887373518
-1.4722735822	-0.3731403275	-194.5223352171
-0.9806383095	-1.2409643888	-194.5942807329
-0.0431966551	-1.1684794256	-194.9347936911
-0.6215653632	-0.9825366266	-195.7290952163
-0.6940998995	-0.0804636391	-195.3036506649
-0.3105726501	0.5719784921	-194.6500253026
0.6458309835	0.8197523189	-194.8046222643
0.2876298549	0.3892864660	-195.6331095008
0.4517255605	-0.2362048096	-194.8703295433
0.8847484431	-0.6017254369	-194.0463842453
1.4278765041	0.2360435044	-194.1025546140
2.1957537476	0.5179011990	-193.5272974725
2.3688990645	0.3478546533	-192.5571918744
2.4325352953	-0.6349705872	-192.7304113216
1.5768932988	-0.4425637605	-193.2108864895
1.4701715294	-0.2932917991	-192.2278664767
1.2127109752	-0.1479713035	-191.2725675620
0.4081969066	0.2983122843	-190.8806644198
0.3982499453	0.3953436394	-189.8854328015
-0.1925967579	1.0101618420	-190.4078299216
-0.1151796541	1.7607124224	-191.0640923831
0.6438635601	1.7467964744	-190.4132008827
0.8301181168	1.1527829404	-191.1957973058
1.3024692873	0.6575649262	-190.4666584369
2.2998754783	0.6764732202	-190.5361088984
1.8975679732	1.5074703149	-190.9202865916
1.2991428608	2.0635730357	-191.4970336322
1.4596074342	2.4602562509	-192.4008552670
0.5061833706	2.2961932475	-192.1477428693
-0.4726841227	2.1466492465	-192.0082616080
-1.3494389932	1.7705335293	-191.7085319557
-0.8530556283	1.0448529396	-191.2320959822
-0.4586520208	0.3121693345	-191.7867314743
0.5238275560	0.3785511993	-191.9608789094
0.0692420918	1.2668161590	-191.8950198390
-0.1211215092	1.6099974410	-192.8147960656
-0.8872570486	1.1214114688	-192.3972794994
-1.6163379166	0.6380156353	-191.9127492567
-1.1615707345	0.1254510419	-192.6410790911
-1.7722510055	0.8561072464	-192.9463840490
