0.5105960558	-1.3609763040	181.6363228455
0.4960234426	-2.3538364308	181.5179319354
-0.4032731318	-1.9359471658	181.3889581647
-1.3128700897	-1.5412437258	181.5187370864
-1.1024833544	-0.6157663590	181.2037306340
-1.8904281604	-0.5503124289	180.5914735264
-2.2018232804	-1.4852524979	180.7615327709
-2.3805701458	-0.9095412855	181.5594088001
-2.0029433184	-1.4243636058	182.3290554448
-1.1185594813	-1.8700001509	182.4678837501
-0.3766804033	-2.0276394397	183.1196239501
0.4644317736	-1.8641293080	182.6040710986
1.1284414521	-1.1234658006	182.5015590717
1.5404119241	-1.3795291155	181.6270809937
1.9188340995	-0.5438550221	182.0251330843
1.7725970368	-0.5684061625	181.0361882107
0.8790180181	-0.7919999980	180.6469295124
0.5713288398	0.1591566254	180.6218606604
1.2417306352	0.6759357874	181.1543085269
2.1608308897	0.4227414080	181.4562146850
2.2093147708	0.4530256566	182.4545794367
1.7846731875	1.2654339094	182.0549892011
0.7879878321	1.2125914086	181.9931347549
0.7125303212	2.1449951674	182.3465882802
0.3350411808	2.7326561150	181.6309371364
-0.0953603124	2.8335695492	182.5279159730
-0.6954430749	2.6457097743	181.7503496524
-0.2423102252	1.7591698298	181.8437174587
0.3298983219	1.4431876668	181.0869264364
-0.0082333278	0.5638202010	181.4221574724
-0.9835710326	0.3890132701	181.2874025154
-1.0296550717	1.3845068279	181.2045240647
-0.4440857081	0.8988082472	180.5555206679
-0.5605089087	-0.0729053771	180.3500498167
0.0882233907	-0.5816824923	179.7841061351
-0.1146634240	-1.2539027157	180.4961152023
-0.0014935259	-0.5351513828	181.1821101700
0.8537800925	-0.3942294598	181.6807563865
1.1404117339	0.2682804132	182.3727989939
0.4261270565	-0.3580730940	182.6850147587
-0.4752079959	-0.2096891904	183.0919267153
-0.5351722807	-0.1186134356	182.0978897485
-0.2968334883	-1.0676351289	182.3041721899
-1.2512208811	-0.7752593405	182.3646792384
-1.0702711849	-1.1846960507	183.2588932999
-0.5092235037	-0.9894945658	184.0633321600
0.1714909708	-1.0602847747	183.3342117649
1.1376003537	-0.9601431612	183.5721283835
1.6317100124	-0.1522123732	183.2510310664
1.2507672602	0.0765461043	184.1468838325
0.3795323755	-0.4142777601	184.1533421530
0.3748201367	0.4764837851	184.6077887003
0.6536204441	-0.1670552332	185.3206196203
-0.1985174507	-0.6273387548	185.0716214517
-0.3998822264	0.3044312125	185.3737091131
-0.5871147048	1.0632464598	185.9975227227
0.1956667733	1.6761490328	186.1052427006
0.5642663981	0.7977706867	185.8009635560
1.3005026553	0.7685310294	185.1248709470
1.9194973994	0.9705342486	184.3658978208
2.4697271198	0.5702556398	183.6330784091
1.8274143519	1.2946849957	183.3828057246
0.8955705265	1.1467632940	183.0514656346
0.3428954352	0.5008094587	183.5780526512
-0.4697775910	0.2665580958	184.1116150670
-1.1994993174	-0.2592829215	184.5486475905
-1.4735607618	-0.1879231338	183.5895865364
-2.1735678586	-0.8312957735	183.2796482991
-1.9889359257	-0.9316385630	184.2573202143
-2.2201225032	0.0032810942	184.5265376002
-1.6815065696	0.6234605112	185.0968623910
-1.4401127756	0.7553835281	184.1354439837
-1.2318039760	1.6537147341	183.7486514185
-1.2176456674	1.9530517232	182.7946090142
-1.9174940349	1.2692611924	183.0011102794
-2.2687604174	0.3915372662	183.3270130837
-2.4759089161	1.0769915694	184.0250402305
-1.9030865925	1.5379796131	184.7028046506
-2.0440877487	2.2654795160	184.0313416470
-1.3095385075	2.8749681444	183.7330783003
-1.0753465681	2.3799924633	184.5698298827
-0.5094530768	2.0189030728	185.3110309409
-0.7184286634	1.1814785759	184.8060067670
-0.1570566288	1.3466232739	183.9950883570
-0.6952359583	0.8524853259	183.3123067684
-1.3453360579	0.3390373731	182.7521808359
-2.1399611544	-0.1662845216	182.4156979409
-1.9976980748	0.0575164667	181.4515017296
-1.9859821316	0.8929960127	180.9021050924
-1.7924787642	1.0408614829	181.8719979987
-0.8292469958	0.9622072179	182.1288988881
0.0274301670	0.6226793645	182.5172609299
-0.1157790476	1.5726384807	182.7948736068
-0.2582572413	2.3329010000	183.4286723651
0.7275907336	2.1657225322	183.4411274915
0.4375983194	2.2821662361	184.3910460477
0.3338909892	1.4491242420	184.9344481324
0.8890558197	1.3142303512	184.1137194018
1.3651202640	1.9468381013	184.7245958864
1.1843594724	1.7358109837	185.6852170874
