2.7407853177	4.0591803006	223.2509313345
1.9826044575	4.6369842639	222.9487652161
1.0854664519	4.6208331274	223.3902202418
0.9113773103	3.9393721011	224.1010675112
1.7808848259	3.5644921290	224.4226599346
1.6419275212	3.6141461582	223.4336071833
1.1565549697	2.8623297064	223.8799092214
1.0172687159	2.9176160750	222.8912016019
0.6189001858	2.0735275174	222.5322907200
0.8866831432	1.1422853892	222.7794351845
-0.0929149847	1.2989849903	222.9052634115
-0.4022570192	0.3483089888	222.9281248612
0.5590838330	0.2165523800	223.1699180826
0.2208424691	-0.5003555889	222.5602987392
0.3582504783	0.3897959487	222.1258458890
-0.0844914691	0.5668578936	221.2468529222
-0.5600250005	0.9693867329	222.0290539156
-1.3466662388	1.1455375554	222.6208025531
-0.8022044514	1.9747095854	222.4941727505
-0.2793045300	2.0783937806	221.6481081786
0.4333405978	1.3768693744	221.6487633553
0.3921696586	1.9281317888	220.8154478663
0.4697428051	2.5810240022	220.0619797750
0.4028045022	2.0628691391	219.2093164173
-0.4213258055	2.0460658270	219.7754673554
-1.0959587003	1.5153608700	219.2624150133
-1.2589856743	0.6783595669	219.7847664509
-1.4597268342	1.4332450936	220.4091468064
-1.0651769587	1.4744389878	221.3270974907
-0.4381137639	1.2872375479	220.5709577083
-0.0483997250	1.0934345320	219.6706447855
-0.2918277746	0.9722386990	218.7083276056
0.3942285960	0.3418306456	219.0715249935
-0.5283181217	0.0606566659	219.3358141281
-0.5122598150	0.1514722173	220.3315523800
-1.1358044230	0.4726478945	221.0443204392
-1.3160030374	0.2028725818	221.9902325599
-0.4638331061	-0.2547777246	221.7365346979
0.3492636995	-0.4046558535	221.1740312480
1.0589898087	-0.3597844516	221.8770784777
1.0777531780	0.5166591574	221.3959396867
1.5565229445	1.1702046817	220.8097163859
2.5012180733	0.9748594801	220.5462939767
2.2080747468	1.7610108420	220.0022048055
1.5234492188	2.4537362213	219.7754462658
1.0130732394	1.6155379101	219.9676439522
0.6270796869	0.8355160706	220.4601628933
0.5254370475	-0.0833457699	220.0788996092
1.3823004801	0.3840818762	219.8614221309
1.8240217667	0.1511229178	220.7278010485
2.0615802393	-0.1535019637	221.6501728030
2.0518060847	-0.5133287441	222.5831407307
2.4761868705	0.2679706586	223.0408220521
1.5592665191	0.5187918822	223.3512182231
1.5732306080	0.4375125293	222.3546246896
2.0028411665	1.2722830718	222.6989979018
1.4850931666	1.4384908677	221.8597649322
2.3237419241	0.9383626701	221.6440335077
2.9532374289	1.5008902232	222.1800355239
3.2881077106	1.2025202517	221.2862585637
2.9776316467	1.9616858672	220.7141814868
2.2011200615	1.9272117463	221.3433406821
1.8064978559	2.4172970253	222.1205727801
2.7585933049	2.6478620790	221.9196896994
3.3243686329	2.8827659702	221.1292983785
3.1556924193	3.3431132613	220.2577315672
2.5377399083	2.8621221806	219.6358133455
2.2616616443	2.7742066187	220.5929192154
1.9455830619	3.7225477909	220.6201836734
1.9045721335	3.2914331322	221.5215483359
2.7542443535	3.7341201957	221.2350430440
2.8549042938	3.6954798424	222.2292133008
2.2166960164	3.1029853345	222.7207826781
2.3129195707	2.8324307241	223.6786664029
2.5527865431	2.0423853637	223.1144925254
1.5591758717	2.0427375119	223.2273539878
0.6277373244	1.8835575397	223.5545908577
-0.2211350601	2.3628944070	223.3317639237
-0.0799292722	2.8372251011	222.4628155259
-0.4764165868	3.6400841023	222.9080292202
0.2110251376	3.2911336981	223.5449416874
0.6005778969	3.8289365646	222.7972674773
0.8218710282	3.4691112228	221.8908707246
1.6108020770	3.8610958722	222.3640893156
2.1949587333	4.4904300138	221.8515470840
1.3189730875	4.3300107368	221.3966681949
1.1217779045	4.8325737371	222.2384190432
0.2858456380	4.3994291561	221.9013685755
-0.4814515896	3.7783823848	221.7415065336
-0.1735294391	4.1407435775	220.8618029953
0.5045122476	3.7192143188	220.2596630157
1.0400357537	3.1290633280	220.8637626618
1.4013997872	2.2011087201	220.7725690160
0.8805032579	2.4120104999	221.5997251349
0.1150207863	2.9843321160	221.3056425724
-0.4360148125	3.2009514264	220.4997667487
-0.9124945683	2.4245581096	220.9122960931
-1.0588790183	2.8364307069	221.8117028734
-1.6812872173	2.0570070867	221.8831651293
-2.0004919037	1.1251509797	221.7106758133
