1.1410703086	-2.2134809427	49.3971688184
0.7685674504	-1.4313264476	49.8966445100
0.2656692723	-2.2448793416	50.1885779116
-0.2890071072	-1.6236460482	49.6350408223
-0.9780742678	-0.9053555158	49.7311925730
-0.5984584439	-0.3887301109	48.9637357225
-0.1543132889	0.4963077198	48.8242971354
-0.3434561253	0.3652467477	47.8511332186
-0.5399064775	-0.0678856447	46.9714721533
0.2931768893	0.4555387157	46.7925893903
-0.1697795770	0.4936139409	45.9070265255
-0.1388751897	0.4836045554	44.9075542992
0.4586873379	-0.2689829805	45.1841967155
0.9896188034	0.4346406906	45.6564524813
0.9345823696	-0.3140191833	46.3171183455
-0.0316753030	-0.5165375564	46.1579567331
0.5383999178	-1.2773733596	45.8478871874
0.3585302866	-2.1518880019	46.2982992834
-0.6089913446	-2.3136424016	46.4925604668
-1.5841345859	-2.2807535584	46.2734395346
-1.9121892420	-1.3554238893	46.0833207663
-2.0339756404	-0.5096772300	45.5638203703
-1.0546000525	-0.3207349468	45.4922363536
-0.3421185550	-0.9989354079	45.3121967738
-0.8820769332	-1.2491705055	46.1158306120
-1.0462290356	-1.4596064073	47.0795581764
-0.0754531935	-1.3571062588	46.8625605174
0.9219731516	-1.3905014266	46.9260069414
1.7276221831	-1.6077997121	47.4771068354
1.2812808224	-1.7191756770	48.3650115511
0.6504717999	-2.2255766188	47.7771016402
-0.0243082629	-2.7702614524	47.2791153964
-0.4202038407	-1.9388217176	47.6689546695
-0.3185013049	-2.6848196151	48.3270912290
-0.5883621887	-2.6621751294	49.2897242488
-1.2252926207	-1.8931877222	49.2351532642
-1.7125766670	-2.6393079033	49.6888700630
-2.2121547320	-2.2056627461	48.9389543113
-2.3287023460	-2.7396441740	48.1015293963
-1.4139595165	-2.9030534174	48.4710466152
-1.4153963649	-1.9473925162	48.1765806961
-1.5752586399	-2.5682545188	47.4091340029
-2.4226045057	-2.5027687446	46.8821457705
-2.0702690588	-1.5911098735	47.0936589749
-3.0079941359	-1.3436857052	46.8498291964
-2.4630615996	-0.5633705113	47.1566788812
-2.4821132303	0.4067907439	47.3983898125
-1.5068542239	0.4259394033	47.1781553938
-1.5782513739	-0.3055858436	46.5000895709
-1.4591659973	-0.6815771021	47.4190287673
-0.5698241947	-0.6845390341	47.8762621707
-0.5662918822	-1.3682689365	48.6059887930
0.2454372124	-1.9362713772	48.7418898755
0.5077298758	-0.9921996660	48.9417177084
0.5540576611	-0.0543621406	49.2856864748
0.0235537819	-0.5728782953	49.9562881684
-0.6764748857	-0.3310334968	50.6282040545
-0.5168466252	-1.2969700270	50.8318837986
-1.0774521901	-1.9067701346	50.2716470368
-1.6091770004	-1.2367212950	50.7896270351
-2.0929217660	-0.6031371083	50.1858372704
-2.6501390178	-0.2135235187	49.4525500245
-1.6780610898	-0.0310887091	49.3049626199
-1.2139965159	0.7526946973	48.8922549229
-1.3613730783	0.0966656375	48.1520481804
-1.4752771301	-0.8147439383	48.5474700464
-2.0064771657	-1.1784844528	49.3126624146
-2.9356248799	-1.1513957938	48.9439474435
-2.3579356521	-1.2607842684	48.1350535582
-2.4993673847	-0.2790583743	48.2623772941
-2.2517439754	0.6453582114	48.5524404309
-2.2148510867	0.9062747349	49.5170965782
-1.3135000383	1.1777609328	49.8545303226
-0.7080084014	0.3822792325	49.8787943299
0.2460529044	0.4117576377	50.1769520873
1.1024247309	0.7372782893	49.7761234453
1.2632115263	0.4799555939	48.8232684527
0.5457699548	0.0290697129	48.2922510200
1.1795120377	-0.7083993587	48.0587765227
0.3320564959	-1.2182645287	47.9109367003
0.3700845745	-0.4112218572	47.3216693658
1.1388175373	0.2187481653	47.4320659358
0.4860102783	0.9327045354	47.6852634561
-0.2734453572	1.3628187843	47.1971765064
-1.0441293601	1.2087577576	47.8154898313
-0.2776331493	1.5189991357	48.3778365625
0.4633604086	1.4502451999	49.0458196787
-0.3919038765	1.3162180512	49.5463790918
-0.6872442266	1.9183389336	50.2881502968
0.2418086064	1.5585513250	50.3742532013
0.7527960188	1.0656954274	51.0785151757
-0.0612814824	0.5291854638	51.3008547382
-0.8422622061	0.9009986560	50.7990339940
-1.5937452815	0.3049145627	50.5162674097
-1.6802571772	-0.2344792594	51.3538651631
-1.1715646897	-0.9848482608	51.7759768959
-0.3568466460	-0.4139241625	51.6745856575
0.3403586321	-0.4979753600	50.9626585570
1.0300745386	-0.3650766467	50.2508791668
1.3991929765	-0.6360605072	49.3618801083
