0.2426702146	1.9710292950	-180.3558849173
0.5317417208	1.0552751740	-180.0769009495
1.2018618234	1.5033037214	-180.6686859348
1.4925503667	0.8057477853	-181.3236026369
1.0942572627	1.6582449117	-181.6621454742
0.1615793286	1.6802087721	-182.0221863887
-0.7515697381	1.3696480685	-182.2862144768
-0.3963158398	1.6103452074	-183.1894639192
-0.7367188101	0.8752636240	-183.7757922261
-1.4503403115	1.1704560956	-183.1404924878
-1.7977406951	0.8513922379	-182.2587265164
-1.7915227567	0.0297989782	-182.8287667367
-1.2230571254	-0.6661642213	-183.2674945009
-0.7909882633	0.1365540547	-182.8564472191
0.0498633469	0.6266430625	-183.0861891046
1.0337162714	0.8012871593	-183.1253408926
1.2029601356	0.4203014792	-184.0342998718
0.2108003114	0.4922589887	-184.1364810842
0.5802774470	-0.2280792158	-183.5494550904
-0.3680579161	-0.4520935806	-183.7741273038
-0.1370229201	-0.6871890454	-182.8300123992
-0.2530499704	-0.4995324095	-181.8546546646
0.0101286370	-0.7407174536	-180.9205418260
-0.4726443634	-1.4699646383	-180.4356410386
-1.3696732205	-1.1528195662	-180.1278127867
-1.4507109746	-1.9846486762	-180.6768967641
-1.8437026376	-1.1869238893	-181.1342726678
-1.2199491110	-0.4186737109	-180.9903171142
-1.4149738974	0.1383241634	-180.1830261501
-1.1661893795	-0.0456406579	-179.2320985986
-1.1606223768	0.9522626788	-179.2965806832
-0.3291309953	1.4799558395	-179.4702528189
0.5118747795	1.9930546451	-179.2986751328
1.3300486582	1.4790558482	-179.5563507836
0.6716802710	0.9505593970	-179.0204006293
0.1301207651	1.4961348315	-178.3808220596
0.1642770226	0.7950333418	-177.6685790877
-0.5410547641	0.0861641695	-177.6651780256
0.1984111499	-0.5562889914	-177.4640708447
0.0825628078	-1.3446774858	-178.0682419658
-0.6599063473	-1.8683665869	-178.4859611050
-0.0639546896	-2.4901202761	-177.9777643205
0.7782019751	-1.9872051542	-177.7832173279
0.7344320962	-1.9795399938	-178.7822295616
0.6689814198	-0.9847945478	-178.8609550762
-0.1925836458	-0.5182575803	-178.6608328745
-0.1942185878	0.4813695930	-178.6335777597
0.6459257377	0.0563657710	-178.2966367210
1.4745146900	0.1409018639	-178.8500750618
1.4033084622	-0.5152021306	-179.6013787431
1.3349735258	-1.4954890290	-179.7867646470
1.1250928760	-1.0640933925	-180.6641744245
0.5125431442	-1.7910282039	-180.9745751430
0.9764329992	-2.5246978381	-180.4780521624
0.3449127325	-1.9941525186	-179.9126285896
-0.5346528630	-2.3496133189	-179.5963818781
-0.5199422226	-2.4771184295	-180.5881106938
-0.5970484841	-2.3679951324	-181.5791438569
-0.8524780194	-1.4131595029	-181.4273391363
0.0352281085	-1.4749461035	-181.8835849545
0.2761320144	-1.8747182229	-182.7679760222
0.3301047287	-1.2781133181	-183.5686941584
-0.6306923742	-1.5028850245	-183.4063777793
-0.8264103238	-1.5917078099	-182.4297483732
-1.6097415151	-2.0163864251	-181.9758317304
-1.9561627121	-1.2466123318	-182.5119662280
-1.2378019219	-0.6557289941	-182.1447950738
-2.0627102546	-0.2695665522	-181.7319938976
-2.2782129098	-0.2420293572	-180.7558789922
-1.7810762572	0.5565103760	-181.0952746951
-1.0495144096	0.2822252504	-181.7194420869
-0.1280299656	0.4945538845	-182.0446850278
0.7772542515	0.8856854883	-182.2104455622
0.5500573256	-0.0525531715	-182.4713857357
0.9520906281	-0.9085289648	-182.7964621343
1.2676334493	-1.6675357019	-183.3659720122
1.4364480487	-0.8241361015	-183.8760492075
1.5785001879	-0.2241875259	-183.0887227845
2.1569257940	0.5157944449	-183.4320163922
1.9311029659	0.6724320406	-182.4705234313
2.6005111920	-0.0338130130	-182.2400661658
1.6568756406	-0.2116659749	-181.9609241408
1.0021306733	-0.9222200493	-181.7031996074
1.1492065106	-1.8875571591	-181.9188218755
1.9565049292	-1.4817741790	-182.3473185923
2.0370029951	-1.0689381132	-181.4400774754
2.2786839707	-0.9055504841	-180.4835761484
1.6119114333	-0.2359903099	-180.8108429454
1.3810286050	0.4036814961	-180.0776900963
0.5071901791	0.0373495062	-180.3973888273
0.6306519534	0.0599113100	-181.3894816432
0.3478081000	0.9881030497	-181.1476977542
-0.5177928783	1.4878799929	-181.1167469324
-1.0341622146	1.0250192291	-180.3962452864
-0.5058574420	0.2357233217	-180.7091446916
-0.4783728793	-0.5076258907	-180.0408060445
-0.3052804866	-1.2030428984	-179.3433576887
0.4701183655	-0.9005607251	-179.8976691128
0.5019216360	-0.0702500523	-179.3412765007
-0.2727962428	0.4688284693	-179.6717406527
