0.6320078539	-0.0371743215	14.1740575663
0.7426326433	0.9349537590	13.9673472592
0.3189150928	1.8373224763	13.8886444293
-0.5620255324	1.4939337827	14.2142635627
-0.9358202604	0.6853674157	14.6686839973
-0.5081470277	-0.1929254471	14.8824531558
0.1898162136	0.5201766451	14.9482765559
1.0715943680	0.1006944663	15.1639197521
0.3561677462	-0.4727021953	15.5631452740
0.4141312074	-1.0389538653	14.7409535181
-0.3326287365	-1.7039375714	14.7530471911
-1.0462839436	-1.1017988006	14.3951014606
-1.9276142009	-0.8174506108	14.0177381283
-1.7729779084	-0.0001887209	14.5728693024
-2.0392390918	0.3670332163	13.6816605552
-1.2007181251	-0.1670534246	13.5737993085
-0.2934544131	-0.4518155245	13.8832877628
-0.2862907264	0.5336879256	13.7137836882
-1.1371251502	0.8482919652	13.2929451423
-1.7000517347	0.6617471702	12.4877652246
-1.0676129638	0.5723017762	11.7183363959
-1.3315749654	0.8705661353	10.8010782894
-0.5691428967	1.4559345816	11.0768338386
-0.5179633539	1.5122767941	12.0739327351
-0.1875397860	2.1252354683	12.7916387540
0.5789955848	1.8934591431	12.1927203452
0.6195077746	0.9011687975	12.3098469111
0.0662691110	1.1974499100	13.0883997246
-0.3816764877	0.5118460600	12.5145599372
-0.2973479496	-0.4276118530	12.8466857075
-0.7946737401	-1.1779413414	13.2822000207
-0.6257959019	-2.0779975532	13.6839201861
0.3254519585	-2.2204402165	13.4103555762
0.2817367447	-1.2821973083	13.7535599253
0.7771034544	-0.7693357857	13.0524287809
0.5154254356	0.1918066100	13.1403486854
1.3922581469	0.1539567254	12.6610452507
2.2574012370	-0.3231535895	12.8156194439
3.0922217216	0.0715095143	12.4318020487
2.8510577946	0.7137847890	11.7042565643
2.2196257159	0.4805511834	10.9647326531
2.2091532706	-0.1099853039	11.7716756405
1.6089617277	-0.8289571431	12.1221747222
1.9284510166	-1.4721102031	12.8180775428
1.0015955314	-1.7885981333	12.6161510724
0.3376027439	-2.2448139588	12.0237148321
1.0817317193	-2.8992414314	12.1578668024
1.0868418510	-2.8325057186	11.1601092010
0.1405884737	-2.5396481785	11.0228539382
-0.6898740935	-2.3978139199	11.5615699743
-0.6484342673	-2.3568049218	12.5598690291
-1.5828410129	-2.0796499516	12.7836304116
-1.8584312862	-1.1390477563	12.9819168493
-2.5011721582	-0.3827156975	12.8600727351
-2.7161907792	-0.7447509123	11.9530460012
-2.1200153864	0.0347951544	11.7609969684
-1.3492799477	-0.4146873621	12.2125856650
-0.5017930981	-0.4729503707	11.6849764710
-0.1744576062	-1.3731970420	11.3979095686
-1.1250106148	-1.1014477774	11.2475722309
-1.4742843721	-0.1913216729	11.0246859001
-2.1622881193	-0.9168731511	11.0397157469
-2.7153049993	-1.6364988954	11.4596099223
-1.8462375839	-1.4990595149	11.9348280240
-0.8914293320	-1.3878386575	12.2104566201
-0.0189558255	-1.4147146978	12.6983783956
0.6124163310	-1.1071337978	11.9865053804
0.4734254357	-0.1219586066	12.0870607071
0.0317494671	0.5685525523	11.5142460093
0.3825851645	1.4740950789	11.2756940316
1.1867379186	1.1300963154	10.7909227466
0.3517107252	0.6574990968	10.5091755990
-0.5138384474	0.2103840968	10.7348142628
-0.4378674196	-0.7567271807	10.4920712301
0.3407824573	-0.3953218791	11.0049947889
0.5174169451	-0.4880807168	10.0250988476
0.5218037184	0.0418681322	9.1770805850
-0.3118232168	-0.4851080396	9.3424959628
-0.3869334235	0.4549977784	9.6750008617
-1.2261387038	-0.0296592185	9.9216627616
-1.4651425376	-0.9638350276	10.1866018587
-2.0657640166	-1.7543839069	10.3061272048
-1.6189832685	-2.1113050763	11.1264894674
-0.8261613466	-1.8962900315	10.5562246774
-0.1645267834	-1.5788172069	9.8769230431
0.5409653420	-2.0606704567	9.3572132137
1.0940179710	-2.1258561853	10.1878055387
0.6759287456	-1.3891191286	10.7192374806
1.1491483040	-1.8446359650	11.4732717380
1.9988567945	-2.0707285167	11.9495884805
2.1253775414	-1.5152310075	11.1277521113
1.5715033522	-0.6940703018	10.9902076530
1.2840577835	0.0768537498	10.4218317635
1.1653201296	0.2890194765	11.3918251006
1.7869080379	0.8674075890	11.9201201541
2.3186295306	0.8337333069	12.7663697018
1.5810778131	1.1964195999	13.3359977531
1.8305130794	0.3069472858	13.7189090358
1.4616637394	-0.6016963403	13.9146561305
1.2993901958	-1.5491218844	13.6388806140
