-3.0894425988	0.5968921127	-69.6941152433
-2.8963451102	0.0109688351	-70.4811395584
-2.2525922334	-0.4642223227	-71.0809525269
-2.1161344529	-1.3535121442	-70.6444403420
-2.0736146845	-1.2831114151	-69.6478281774
-1.1998686906	-0.9441058407	-69.2990543846
-0.3122381391	-0.5285569642	-69.1004816388
0.5105281896	-0.0077204117	-69.3280444955
0.7078794892	-0.9176839483	-69.6927619567
1.1797790086	-1.6261174292	-70.2175789216
0.4180233476	-2.2556561717	-70.0645779917
0.9259758133	-2.0973308593	-69.2178682492
-0.0220305597	-2.3456598089	-69.0188289325
-0.5648716762	-1.6289780081	-68.5810039462
0.3490269280	-1.2266302468	-68.6349077515
0.5974675904	-0.3072473642	-68.3299284859
1.2926161389	-0.0335772316	-67.6651930843
1.1771396366	0.9593239798	-67.6366911219
0.2904620899	0.6205476365	-67.9513870344
-0.6319186059	0.6908084275	-67.5715485513
-0.9275648560	1.6458290540	-67.5945463316
0.0717721532	1.6520183971	-67.5586682881
0.5945838559	1.7553980680	-68.4048246372
1.5610690916	1.5300451792	-68.5277976619
2.0674405128	0.6777266642	-68.3968735134
1.1262253723	0.5010824979	-68.6848160383
0.2613248817	0.9189190770	-68.9629522182
-0.4793836493	1.4211099705	-68.5166841612
-0.7456749866	2.3759183549	-68.3846619179
-0.9338383572	2.1400953421	-69.3380674206
-0.0040614834	2.4920409239	-69.2301356250
0.4889013819	1.7419741767	-69.6710295897
1.1052114612	0.9560261867	-69.6215559281
2.0614992148	1.1995627662	-69.4596804607
1.4580682504	1.9044342817	-69.8325439985
0.9016156292	1.6790307512	-70.6322650304
1.1930654889	1.0309506563	-71.3358623370
0.2875892651	1.2399023364	-71.7052564404
0.3423836846	0.4096448760	-71.1505762433
1.1576878495	-0.0694375138	-71.4757826123
0.5347308089	0.2823866666	-72.1744558347
-0.0176323780	0.5352052939	-72.9687968518
-0.9037493306	0.1428593986	-72.7220957276
-0.1786675715	-0.5149090991	-72.5181421888
0.5595769040	-0.9901086087	-72.0394141654
1.2751471968	-1.2921037702	-71.4095268115
0.5832474193	-1.9785971721	-71.1859166438
-0.3326546511	-2.3512856085	-71.0368303373
-0.4969030081	-1.4712906481	-71.4825111051
-0.2025446684	-0.5189145214	-71.4029317036
0.5880491300	-0.6733728643	-70.8103913537
-0.0056979678	-1.4311794685	-70.5398483173
-0.3555130761	-1.4342271592	-69.6030345143
-1.0887875228	-1.6190472828	-70.2573663168
-1.1657519226	-0.8295558246	-70.8662831573
-1.5310254914	-0.2700401651	-70.1222956260
-2.0504905092	0.5089066239	-69.7710151182
-2.3526089454	1.2364662136	-70.3869546396
-1.9759687083	1.5184052274	-71.2693675386
-1.1417674633	0.9848281714	-71.4086650912
-0.3995707602	0.4635538805	-71.8298742644
-1.2280718048	-0.0191933094	-71.5460765021
-1.7368992645	0.4402295783	-70.8180481877
-1.2307222478	1.1588529462	-70.3412198298
-0.3490014388	1.2894726345	-70.7945485315
-0.2765048845	2.1907487589	-70.3674120226
-1.0312481817	2.2956058297	-71.0149979628
-1.7429079488	2.1109433489	-70.3371778214
-2.1099880841	1.9939151673	-69.4143795883
-2.2762587826	1.1678666929	-68.8758649899
-1.5789489512	1.7504222609	-68.4582670860
-1.4989795634	0.8004165044	-68.1564493270
-1.3831537763	-0.0251544076	-67.6041658344
-1.2862990532	-0.8795521631	-68.1146789468
-2.1674029007	-0.8713069989	-68.5875299035
-2.4513510614	-0.3121713807	-69.3664655892
-2.3415977019	0.2206759665	-68.5274018820
-1.4585341496	0.0371399904	-68.9592737475
-0.5593106744	0.3405369556	-68.6440794851
-0.3687716248	-0.4038645688	-68.0041097663
-0.5426066759	-0.8210825458	-67.1120836822
-0.6048743896	0.0985185534	-66.7241963916
0.2018239879	0.6584297430	-66.9132392113
0.5466982894	-0.2671419298	-66.7571021090
0.4485476827	-0.8892633705	-67.5338461926
-0.1009881706	-1.7247266517	-67.5372302254
0.7267211563	-2.0808245182	-67.9709254866
1.6027160231	-2.3159976809	-68.3920271097
1.3259476532	-1.3566194735	-68.3373213101
1.5342862820	-0.5904449782	-68.9452453667
2.2788078021	-0.7436572301	-69.5950251079
1.8344821223	0.1419830478	-69.7299917279
1.5529880974	-0.6343388310	-70.2939823790
1.0195340420	0.2074158350	-70.3769031425
0.2250456286	0.7335338318	-70.0736078829
-0.4578316045	1.3388097245	-69.6645604796
-1.3120274134	1.0004872120	-69.2697346982
-0.7366135187	0.3251683467	-69.7310841101
-0.5810980122	0.2634715615	-70.7169889909
-0.3540972764	-0.5506478648	-70.1824983682
