-0.9467992401	-0.8286532027	55.7322009558
-0.8070062682	-0.4224007333	56.6352053058
-0.2314337718	-1.2055008086	56.8707272229
0.3288523987	-0.4946104113	56.4456222357
0.2863167675	0.4122707430	56.0263880624
0.7195391847	0.4473811569	56.9269909693
-0.2800497339	0.4255211429	56.9084401328
-1.2128375376	0.6804532134	57.1632274022
-0.6906815635	1.0602782160	57.9268281526
-0.5898059916	0.0700748075	57.8302811243
0.2117447626	-0.4691619559	57.5719400680
0.7721470157	-1.2086260872	57.1989224902
1.7683178512	-1.1228079152	57.2156230268
1.3728009083	-0.2274034721	57.4201156457
2.0481439503	0.2691833599	57.9653800714
1.2913483051	0.9170489506	58.0521586848
0.9087616100	1.4042383446	57.2671275292
0.3135686945	1.4114496189	58.0706780198
0.9091502916	1.8103150125	58.7679505339
0.0493205591	2.3208680576	58.7626195647
-0.8064756348	1.9882822460	59.1588512552
-0.0257076805	1.3639122790	59.1351121325
-0.2843610784	0.4601907622	58.7939584430
0.4385414503	0.3669602182	58.1093271555
1.0375235328	-0.3538330510	58.4581502166
1.6808072913	0.2228967474	58.9617063164
0.8448593496	0.7668748919	59.0343617848
0.2480468246	0.4867516626	59.7862565823
0.4590641515	-0.4456046205	59.4926864048
0.0073011327	-0.5419431067	58.6057652860
-0.5954640909	-1.0846887190	58.0208710344
-0.1826384441	-1.9465147201	57.7262001517
-0.8333883685	-2.0399131665	58.4797260412
-1.4058370147	-1.8414723756	59.2752911233
-0.5659599319	-2.2306397874	59.6536496985
-0.1432268060	-2.3612062016	60.5504490717
-0.2720044521	-2.2753622284	61.5384000473
0.6736163933	-1.9509691653	61.5145178901
0.0846021180	-1.3176812382	61.0125133235
-0.3674162276	-0.4914725303	60.6762714666
-1.3232857033	-0.7059858651	60.8770140247
-0.8493228199	-1.4928348029	60.4817572293
-0.0314648927	-1.2969060213	59.9407208872
-0.6159763616	-1.1379455175	59.1450589609
-1.3180063110	-0.8188989026	59.7817403629
-0.5687342849	-0.1618010891	59.6991940459
-0.8289652137	0.8016210364	59.7632071049
-0.4965297482	0.5785216828	60.6795658445
-1.4234873416	0.3160346521	60.4115170080
-2.2132730154	-0.2743741431	60.5778180722
-1.8426483775	0.1468800688	61.4055754441
-1.2077182907	0.9152747808	61.3253672693
-0.6602644882	1.0184139988	62.1558229489
0.1214649716	0.4990349740	61.8106498323
-0.7174319940	0.0215302310	61.5494198542
-0.8171273934	-0.1015266450	62.5367991292
-1.4704501866	-0.7028633104	62.0768387584
-0.7332680236	-1.1647752060	61.5836857809
0.0128059435	-1.2656250105	62.2418673308
0.2845106919	-0.5089165010	61.6472508482
1.0610112994	-0.9455320573	61.1929231443
1.2270048645	0.0152139038	61.4152142474
1.8184734811	-0.2304636532	60.6472250459
1.2959080815	0.2592675758	59.9493076250
2.0026061771	0.9148647914	59.6832811363
2.5888983192	0.1219596965	59.8493023232
2.5943233822	-0.4447242613	59.0253849362
1.8085842170	-0.5595581398	59.6331901226
2.3573011603	-1.2706286933	60.0728358710
1.7253693711	-1.6498073419	60.7487691268
0.8153917432	-1.9480713306	60.4607078316
0.5779090024	-2.1089673060	59.5027337020
0.2620920794	-1.6849647159	58.6539219003
0.6811482529	-2.5110349286	58.2770931233
1.5495385330	-2.4465739114	58.7687668959
1.6920265916	-2.0622637675	59.6809088072
2.2303684254	-1.6098725146	58.9699023204
1.9659716115	-0.8362902029	58.3939989154
1.3652705572	-1.6170956061	58.2222398819
1.1561604565	-1.2674977927	59.1355056344
1.0449921515	-1.0107543051	60.0955704184
0.6243802941	-0.2204233610	60.5410619045
0.6807311362	0.7489169579	60.7802353328
0.7710169023	1.4162359420	60.0409560528
-0.1594300677	1.7612404550	60.1644077513
0.5484575855	2.4264634130	59.9269767367
0.5957136601	2.1673601947	60.8916696338
-0.0284637523	1.4415596221	61.1808340969
-0.9161054084	1.8513037709	60.9705913253
-1.5089228277	1.5347428974	60.2300802041
-1.9717272266	1.4807606063	59.3452649688
-2.2924767940	0.7321077910	59.9254706885
-1.7890668920	0.1027849696	59.3334138863
-1.1121352148	-0.2644246767	58.6955106177
-1.7040344712	-1.0699761372	58.6682688341
-1.4650589746	-1.5661018769	57.8335533362
-1.4471481739	-0.5947917183	57.5964124940
-1.6638714098	0.2787269347	58.0322980316
-1.3109781876	0.8705510535	58.7570121726
-1.4652655775	1.7480233441	58.3028780729
