1.3428639547	-0.2247138752	-221.0602576456
0.5428493238	-0.5022781214	-221.5921736911
1.3147557751	-1.0717372768	-221.8747983553
0.7717112669	-1.9087771471	-221.9416333582
0.1027530630	-1.2115560929	-222.1992721035
0.0894305369	-1.2618800139	-223.1979161909
1.0124251172	-1.3730553243	-222.8295128046
1.0328070905	-1.9760065149	-223.6270304764
1.1507222594	-2.4189165683	-222.7382522715
0.6525257957	-3.0358430612	-223.3475157497
0.0093514723	-2.3201256326	-223.6196836246
-0.4104038872	-3.0728012604	-223.1124510965
-1.1320340195	-2.3988344460	-223.2706240566
-2.0650176869	-2.6711773716	-223.0353140328
-2.8550277944	-2.1595249577	-222.6975332792
-3.2036828021	-2.0312959397	-221.7690953413
-3.0785139782	-2.9237158555	-221.3355985601
-2.2918743371	-3.0074083425	-221.9473122535
-1.3973126884	-3.1199238248	-222.3798625084
-1.2712143164	-3.7300501167	-221.5976572229
-1.2150691236	-3.4125609631	-220.6510589160
-1.0980670696	-3.1012646971	-219.7079761231
-1.0700559674	-2.6784785044	-218.8021796706
-0.6907528874	-2.1371151021	-219.5525494729
0.1365260410	-2.2191894122	-220.1083132558
-0.6127445156	-2.4697946950	-220.7213308944
-0.2675567387	-1.8827637974	-221.4536150768
0.5038153623	-1.4210990921	-221.0156073351
0.6313719936	-2.4129113897	-221.0217451022
0.5439667606	-3.4089502957	-221.0380798178
1.1862954739	-4.1382114136	-220.8023001623
1.7523753270	-3.9488716323	-221.6046118518
2.7055299852	-3.7436811456	-221.3823663529
3.2558892437	-3.2045342033	-222.0198812634
3.0087264050	-2.4382559052	-222.6129479553
2.9089887480	-2.1398915912	-221.6637213565
2.4509667327	-2.4532920322	-220.8318583887
1.8049123030	-3.2158742249	-220.7989635076
1.6582867928	-2.5409599866	-220.0757818357
0.7899327839	-3.0368050452	-220.0857313691
-0.1551877041	-3.2867678952	-220.2961258479
-0.1033599989	-3.0440790145	-219.3274071085
0.3415829708	-2.2434199098	-218.9261955036
1.0404490718	-1.9068899095	-219.5573323602
1.3680750074	-1.4121539153	-220.3622531901
1.6155468912	-1.8885190751	-221.2059556858
1.9144845291	-1.9363739721	-222.1590276650
2.0697770589	-1.9876016435	-223.1455670488
2.1039732125	-2.9290454878	-222.8101358172
2.2079104666	-2.9024651532	-221.8159072052
1.2095650983	-2.9069435012	-221.7585794625
0.7685648664	-3.7781143841	-221.9744036695
-0.1864106871	-3.8481925742	-221.6861143365
-0.5221942258	-2.9066915374	-221.7148408539
0.2915436202	-2.9207291588	-222.2959033833
-0.2758195073	-2.1531719262	-222.5941565915
-0.8144082231	-1.3171999845	-222.6993854274
-1.1986009851	-2.1030041951	-222.2147126881
-1.4777041540	-2.5815985838	-221.3822171432
-1.3216096516	-1.6217616728	-221.1490914037
-0.7573038422	-0.9634593084	-221.6472850914
-0.2403747928	-0.5652064901	-220.8895390583
0.4945958713	-0.7212653152	-220.2296422740
0.1722891365	-1.3648031674	-219.5353963511
-0.5355442778	-1.3600014428	-220.2417594313
-1.2448768446	-0.7477823336	-220.5910946171
-1.0794756028	0.2382456180	-220.6108761198
-0.2130754632	0.5390663002	-220.2123065332
0.3513937637	0.5442100375	-219.3868684472
-0.5352856279	0.2879880401	-219.0019659341
-0.3706841854	-0.3855854243	-219.7225248513
0.2942103556	-0.4262881606	-218.9766974338
1.1257743291	-0.7476433356	-219.4297230506
1.0700921278	-1.3226149782	-218.6134466864
0.0919484327	-1.2321948943	-218.4262058780
-0.7332731656	-1.0228442696	-218.9507834506
-1.3946932260	-0.5958757499	-219.5674043932
-1.5581180897	0.3901713523	-219.5990812987
-1.0901287089	1.1611016013	-220.0311142726
-0.7912146164	1.2245311415	-220.9832839312
-1.7223151170	0.8836066131	-221.1129848322
-2.1228534079	0.0513423947	-220.7297024972
-2.5589470987	-0.1444019894	-221.6080568841
-2.1721968639	-0.9670583363	-221.1913306060
-2.0948743102	-1.3441531157	-220.2683892482
-1.6147771125	-1.6314597211	-219.4395577844
-1.9936541386	-2.5562030432	-219.4034747250
-1.5680180776	-2.3577182631	-220.2863324347
-2.2514821831	-3.0178444972	-220.5979574843
-2.3601220319	-2.0993789479	-220.9782447676
-2.1493569601	-1.8677979319	-221.9279543640
-1.9274207659	-1.5533347014	-222.8509154696
-1.7527576102	-0.8437686121	-222.1682671362
-1.4987634284	-0.0836460379	-221.5701863492
-0.5242728335	0.1278366950	-221.6453071464
-0.4368484564	-0.3027685726	-222.5436033569
0.5459978807	-0.3719601202	-222.7145583431
0.3523961259	0.4128547180	-222.1258444651
0.3709059986	0.4103903926	-221.1260188244
0.8509703164	0.2804616038	-220.2584608952
