-0.0798904538	0.5520989883	-193.1255358346
-0.2478789649	0.4966505448	-194.1097641263
-0.3288546565	-0.4337203836	-193.7521989253
0.6143411490	-0.2134640905	-193.5034644526
1.3537003136	-0.5667585433	-194.0766407391
1.1925248091	-0.9095879821	-195.0021084223
1.2839489428	-0.6956140004	-195.9746600985
0.9689464078	-1.6233230481	-195.7743370450
0.5780465835	-2.0013653985	-196.6135517425
-0.4193091192	-2.0027587563	-196.6862130175
-0.0980544326	-2.2120270843	-195.7626318390
-0.8368587752	-2.3344989236	-195.0999337237
-0.7977139245	-1.4160508043	-194.7063340121
0.1271082415	-1.3583214658	-195.0823277417
0.4121414803	-1.1062240882	-194.1575558969
0.4974549525	-0.1899959662	-194.5490244652
0.3661936533	-0.3973611896	-195.5184418858
-0.4020941398	-0.3509959733	-194.8800187238
-1.1349481629	0.3048630089	-194.6989828812
-1.7538884014	0.4746904286	-195.4658411659
-1.5051474122	-0.1912776090	-196.1691295087
-1.3442656425	-0.5451698189	-195.2477841012
-1.3635776867	-0.6346275081	-194.2519807236
-2.1866070244	-0.1952486753	-194.6119375970
-2.3917591646	-0.6686577811	-195.4685567760
-2.5444161740	-0.5670823730	-196.4516021839
-2.4572807062	0.4073402006	-196.2444595804
-1.8101539325	0.9361278972	-196.7936503584
-1.0060066694	0.9107579207	-196.1997618642
-0.9227146338	1.2796752609	-195.2740392098
-0.1920347050	0.6061908772	-195.1621212642
0.2159851643	1.4403862995	-195.5331169294
0.5185807022	1.2286689351	-194.6038098230
0.8316513028	0.5383662105	-195.2560896307
1.2611690848	0.4195449673	-196.1512968621
0.6671054308	-0.1252747883	-196.7431243783
0.2118835953	0.4945270017	-196.1038913834
-0.5511490440	-0.0952122542	-195.8393374167
-0.4992371649	0.1863035404	-196.7974887691
-0.1190281449	1.0966488910	-196.9609281885
-0.1708188770	0.5365790998	-197.7877531694
-1.1337498361	0.7439346382	-197.6152201330
-1.5134757497	-0.1112426588	-197.2624028700
-1.6301825334	-1.0554667268	-197.5703321413
-1.2806308936	-1.9016903377	-197.1681888193
-1.1076668478	-2.8596054270	-196.9390990539
-1.7987923239	-3.4239741016	-196.4876197349
-2.7493782905	-3.2321320335	-196.7317159063
-2.1094768904	-3.0661781518	-197.4820395080
-2.1276786129	-2.1192531669	-197.8029783967
-2.4771884102	-1.2630499636	-198.1834504408
-1.6779870078	-0.8377720384	-198.6082042576
-1.5680606965	0.1151757795	-198.3257035276
-0.7896563737	-0.4438350371	-198.0400575629
0.0117851068	-0.5054496464	-197.4451666542
0.7975833193	-1.0651143464	-197.1819241942
0.1618728541	-1.0262011323	-196.4109780442
-0.6477108272	-1.2411419655	-195.8647411896
-0.8516611443	-0.8676985789	-196.7696966057
-1.6552546688	-1.2337302006	-196.3003797625
-1.6429198988	-1.6117432900	-195.3746616857
-1.2768161948	-2.1608799758	-196.1259385842
-1.0342741204	-3.0777193931	-195.8087969360
-1.6544375471	-3.0613158742	-195.0244958147
-2.1144209509	-2.6532318733	-195.8130912220
-2.1807779191	-2.2260485265	-196.7148179771
-2.5599107723	-1.6392302213	-195.9993443185
-3.2374262487	-2.2938376510	-196.3346977025
-3.6039264725	-1.6815428728	-195.6341459981
-3.5197762045	-0.8723845597	-196.2156797949
-4.4546769485	-1.2090929311	-196.1034832197
-4.6946947329	-0.9451716387	-197.0376871667
-4.4103222987	-0.2031280976	-196.4306421092
-4.3696807607	0.1105829998	-197.3792904175
-4.2865016808	-0.4552704997	-198.1995897883
-3.6239762655	-0.7803546714	-197.5247710308
-3.4078258307	-0.0203762854	-196.9118176538
-2.7461406947	0.5712629600	-197.3723996595
-2.5756286776	-0.4064391320	-197.4949731941
-2.5690584699	-1.3265241921	-197.1033096720
-3.2747306547	-1.7380835649	-197.6800640826
-3.9824681811	-1.7011075681	-196.9745569109
-4.3538796474	-1.5409352979	-197.8891050870
-4.1888842603	-2.4980558806	-197.6509943726
-3.7968648308	-3.1888559399	-197.0434451607
-3.0970845597	-2.7364057001	-197.5962528601
-2.9957415137	-3.7201548922	-197.7444659300
-3.6262642846	-3.2189337728	-198.3371027706
-2.6527605337	-3.1300257556	-198.5477821753
-1.7522071024	-3.1130806979	-198.9821971639
-1.3182071216	-2.7532535279	-198.1562622849
-0.4501677356	-2.5274096869	-197.7141059959
0.4292783178	-2.0612883789	-197.6176406382
-0.3799562394	-1.4739602226	-197.6312446197
-1.0958035060	-1.7328852745	-198.2797201461
-1.8863710318	-2.0185266330	-198.8213953269
-2.8660536083	-2.0864509921	-198.6326936290
-3.8627682229	-2.1561386113	-198.5914187853
-3.5638246034	-1.2027809496	-198.5496829355
-3.0970434245	-0.3228258554	-198.4613972450
