0.5054748791	0.5305453076	140.2405889213
0.5438022458	0.2716769893	139.2754370127
0.0992839848	1.1536664552	139.4319556948
-0.4361251166	0.3721776652	139.7522873437
-0.6722841347	-0.0998598884	140.6016456109
-1.0870280381	-0.5216555848	139.7953727755
-1.6053006269	-1.0325623617	139.1095391302
-2.0844688594	-0.1549393539	139.0962854130
-3.0658420653	-0.1521454752	139.2883760820
-2.6307519479	0.3886206203	140.0082848398
-1.7190081178	0.6275227119	139.6741456788
-1.0643613537	1.1046538276	139.0878151297
-0.3721947760	1.7299916542	138.7274569311
0.3454138169	2.2794968903	139.1553376421
0.6355524121	2.1930829848	138.2022624968
0.7462025654	1.4698956862	137.5205318501
1.0652876785	0.5237368832	137.5750131330
1.7125808453	0.2299414097	136.8716670049
1.3530192476	0.1942603668	135.9392280950
1.1248862724	0.7194949021	135.1194207832
0.2777164060	0.5019316144	134.6346843257
-0.6689420295	0.3351920811	134.9104301044
-0.2270367635	-0.4984955867	134.5792434374
-0.1515867057	-1.1443908861	135.3389318939
0.3931042499	-0.3143073541	135.4584019439
0.0722400222	0.5413071707	135.8645668517
0.2933382223	1.4558099398	135.5257449645
0.5817206824	1.3370316419	136.4758645741
1.5755482989	1.2382782190	136.5264059451
1.8521951434	1.1717402215	137.4850712769
1.8370473454	1.2841703003	138.4786154488
0.8614452079	1.0684678131	138.5195166280
1.1764003901	1.1752405589	139.4625981801
0.7609040381	1.7308950822	140.1827445764
-0.0500989399	2.3051610039	140.2945158651
-0.7050629035	1.7632953671	139.7678244583
-0.2579106950	1.2465173749	140.4978898041
-0.6238254837	0.7991589938	141.3139638487
0.2998435999	0.4568397758	141.4861642464
0.2736108801	-0.4567247234	141.0803172922
0.1515825511	-0.4830025216	140.0881385965
0.5421453819	-1.1228857693	139.4263152783
0.2883093994	-1.8052034043	140.1118879870
-0.5841744283	-1.6919387745	140.5872227050
-1.3257553712	-1.7699365497	139.9209089259
-0.5639775265	-1.3160209415	139.4586804803
-0.2548389964	-0.4550783742	139.0546863404
-0.7638982182	-1.0714267839	138.4538757657
-0.5535383611	-1.8778311406	137.9011907342
0.0706206419	-1.8129000230	138.6797852943
0.5085465841	-1.0126493059	138.2701273162
1.1898687001	-0.5118962575	138.8040248333
0.5668556215	0.0681706915	138.2792610401
-0.2525803502	0.5310901494	138.6172407196
-1.1383221256	0.1009680104	138.7917584922
-1.6358712321	-0.5283377522	138.1947499967
-2.1845235360	-0.7352083248	137.3846973962
-2.6840399345	0.0999250303	137.1544027006
-2.5597727021	1.0884150106	137.0681170476
-2.5801095658	1.3877670200	138.0220430334
-2.6417113471	0.9271571313	138.9075054837
-2.8122572595	0.1869464853	138.2571192206
-2.6411635818	-0.7854887746	138.4155383441
-2.6687180177	-1.5650779537	137.7898535474
-1.7426294616	-1.5404701001	138.1663564555
-1.1919571702	-2.0603199450	138.8194385072
-2.1748967354	-2.1848056660	138.9548383465
-2.5105905909	-2.0044084143	139.8793741581
-2.6379368547	-1.1352530923	139.4015123001
-2.1677972722	-0.7517229805	140.1964169650
-1.7311983124	0.0533300384	140.5980025539
-1.2243325258	0.9092993063	140.4960040893
-1.6598997126	1.7137985808	140.0921945513
-1.9765974741	1.6935874415	139.1438834011
-1.3677379817	1.8223504293	138.3611253213
-1.3455761109	1.8811846465	137.3631035849
-0.3858530664	1.7633412785	137.6181420497
-0.9264768597	0.9596156611	137.8666396274
-1.8167566101	0.7336029896	138.2620131701
-1.6509228884	0.1873745812	137.4409567149
-1.5756796803	-0.2958334274	136.5686904252
-2.2414659664	0.3334172773	136.1677263720
-1.5783234095	0.9121092881	136.6424447158
-1.2897516432	0.6191636869	135.7309025004
-1.5893917039	-0.3000325512	135.4753753785
-0.6825235163	-0.1979162013	135.8842302934
-0.0188465828	-0.7095950913	136.4298653744
0.2165577640	-0.4744916112	137.3728983256
0.5160678615	0.2455182461	136.7468955245
0.0035157475	0.6449976733	137.5069655987
-0.5311175930	1.0224886340	136.7508784570
-0.6189816997	0.0435932758	136.9353880135
-0.6171216617	-0.0917975312	137.9261785411
-1.0200608663	-0.8396215833	137.3985430756
-1.5222717032	-1.6751471218	137.1756499401
-0.5957408340	-1.7672878195	136.8108888674
0.2379919287	-1.4699557142	137.2761665261
1.1690389544	-1.4202827080	137.6376689858
1.3684202190	-0.4403654128	137.6407031342
1.3178222750	-0.7844906071	136.7031436968
