0.9640656174	-1.4689104295	6.6928682300
0.0177003429	-1.6572622985	6.9553874495
0.5732655596	-1.7560524754	7.7809707529
1.1362686172	-0.9328356179	7.7078847583
1.4897704704	-0.0611273936	7.3685306489
1.1465525997	0.8323337016	7.6582352650
0.7251396857	1.3868596655	6.9406614979
1.3290244065	0.7073161089	6.5240756140
1.3961065148	0.5647296022	5.5365691184
0.9701535507	1.1963417038	4.8887803986
0.2713608904	0.4920980662	4.7633622314
0.3622476790	0.3449251703	5.7482884877
-0.5627345297	0.6423567922	5.5117671486
-1.0137144465	1.4222825111	5.9457406358
-1.5791889110	0.9581766505	5.2639456666
-1.4278369005	0.4374781147	6.1041632597
-1.3306253117	-0.1352315596	6.9181371756
-0.5005658400	-0.1629440782	7.4751230729
0.0236869427	-0.8525999015	7.9746567206
0.5550681121	-0.0224282423	7.8059882025
1.2809021547	0.1628125044	8.4684463584
1.3976621768	0.7171077991	9.2925360523
1.7481391393	1.1657605849	8.4704189216
2.2213057378	0.8171543501	7.6613533722
1.7299139919	1.6667060717	7.4695304738
1.4680186851	2.5415061674	7.8771278742
1.3243595002	2.2776781172	8.8309395949
0.6889685379	1.6559557423	9.2889129714
-0.0539002580	2.0905278793	9.7981211901
-0.3819543243	1.1691914777	9.5895072776
-1.1166452397	0.7206661089	9.0805335529
-1.5224066360	1.2956376265	9.7910020204
-2.0425306153	2.0493469982	9.3892642587
-2.1832314647	2.1784196421	8.4076617304
-2.8482232247	1.5160872358	8.7527729338
-2.1797434773	0.8627915119	9.1082156501
-1.7353190769	0.1861873294	9.6953218862
-1.6086155046	-0.7002466762	9.2501466865
-0.8250659782	-1.1670998266	9.6601445837
-1.2658324478	-0.5861128473	10.3443806901
-0.8704615534	-0.0689055942	11.1034449253
-0.1225078727	-0.5518139351	10.6480716434
0.5413786124	-0.0723736082	11.2219982135
0.8717515064	0.8601179595	11.0760077105
0.0387223275	0.6007603761	10.5873401026
-0.5754812401	0.2305113003	9.8904401102
-0.5938005762	-0.3037663903	9.0453296137
0.3895569963	-0.3327370187	8.8659735789
0.6509951211	-0.6963379915	9.7600901482
0.9817691096	0.1328810638	10.2106279677
0.3435140563	0.4687806254	9.5179505742
0.5131194166	0.8135930014	8.5947287985
-0.3451735495	0.3842996070	8.3135876136
-1.2841556856	0.0406214568	8.2995207347
-2.1991126552	-0.1045216217	8.6760671869
-1.9442217115	-0.9432278856	8.1948163066
-0.9589628514	-0.9954357225	8.3577252392
-0.8811178729	-1.1481183372	7.3725206013
-0.6842553157	-1.1076399899	6.3929254620
-0.4749700567	-0.1368523140	6.2755756913
-0.5130448593	0.7968100460	6.6317005388
0.3615707203	0.3829149255	6.8841652239
0.2433188211	-0.6097941677	6.9075135538
1.0963296526	-0.4311840159	6.4171351948
0.3584692745	-0.7800630651	5.8393415713
-0.3684174656	-0.4231249340	5.2526296850
-1.3038604318	-0.5976960202	5.5599916751
-1.7294277592	-0.9942076146	6.3734232981
-2.3367039957	-0.9393923633	7.1660208384
-2.2269086108	-0.0158883429	7.5335603573
-2.4921369185	0.0790807817	6.5740631921
-2.6004127254	1.0097892961	6.9234312084
-3.3355974467	0.8394215941	7.5795396382
-2.9135819721	1.7394367450	7.6885151739
-2.1974571554	1.0917783131	7.9487147176
-1.3757726222	1.4359901588	8.4029753620
-1.1405810691	1.8901632596	7.5436664956
-2.0238117186	2.1918990208	7.1846969285
-2.0094777831	1.8215246768	6.2559249524
-1.5441772495	1.2014717619	6.8876130052
-1.0134605889	0.8634548954	7.6648416872
-0.0484483059	1.1212466363	7.6169385342
0.6771467973	1.7536647830	7.8881562218
-0.1766416371	2.2270042482	7.6713727813
-0.2291427773	1.8339473200	6.7533586848
-0.3487887751	2.8266805605	6.7662252417
-1.3043348797	2.6106170929	6.5656056519
-1.2231826944	2.9246200681	7.5115530365
-0.9905052263	2.4768903310	8.3749181263
-0.9716323996	1.9288659168	9.2111675256
-0.2974052712	1.5255591364	8.5924903722
0.0424057849	2.4557588211	8.7312599388
-0.1713664107	3.2497117122	8.1621024430
0.7984206331	3.1539231844	8.3864629735
0.5876283957	3.1763751247	7.4091899599
0.6982637762	2.3821494537	6.8117241483
1.0198766256	1.8551046986	6.0250927217
0.1801606403	1.4105092386	5.7133044267
0.0703592875	2.3941022806	5.8564420898
-0.6513574419	3.0611655292	5.6716406157
