-0.1860484447	-2.2538426130	-51.7153420990
-0.9116953278	-1.9658898120	-52.3402579218
-1.3370340435	-1.4167701889	-53.0596706103
-1.2282327117	-0.5165426648	-53.4812778624
-1.1270189314	-1.3220284242	-54.0651857850
-0.2865588452	-1.2537343291	-53.5276332201
-0.3575901452	-0.4198517293	-52.9802810811
-0.9429330643	0.3789032037	-52.8411256855
-0.5229990398	0.3643881629	-53.7485642392
0.1799637900	0.4771655804	-54.4507924884
0.4774612542	0.9790990147	-53.6386606725
-0.3385804695	1.3358433475	-53.1838976725
-0.6735322710	1.4588816697	-54.1180651425
-1.4471054481	1.2007164366	-54.6968010512
-1.4745270199	0.9231438748	-53.7364878053
-1.4551887837	1.5781051436	-52.9810728405
-0.9768127812	1.1796905360	-52.1984987542
-0.5797586966	1.6900270366	-51.4356719652
0.3690339060	1.5167277439	-51.1715508708
1.0976486307	1.7459191074	-50.5261115616
0.9922648754	2.4507235358	-51.2276420184
1.1565568271	1.8635864857	-52.0202820621
1.0812955384	1.2832204422	-52.8311525783
0.8455745551	2.2488991793	-52.9402405925
0.3123863811	2.3735955901	-52.1034842503
0.2262416471	1.3815377901	-52.1951379808
0.1448013569	0.4878321574	-52.6363382995
0.5343830246	-0.3547378823	-52.2644487295
0.5705296115	-0.2357106517	-51.2722159228
-0.0330328084	0.5248255647	-51.5115839842
-0.4816223449	-0.2732219682	-51.9139365200
-1.2260438817	-0.8840561070	-52.1835996995
-0.7123189920	-1.2397976910	-51.4028726902
-1.0856116735	-2.1325933295	-51.1507447033
-0.2377154483	-1.9293587107	-50.6610839218
0.1392625655	-1.6387867450	-49.7816207276
-0.5966058785	-0.9943896041	-49.5736544854
0.2661496855	-0.6201233237	-49.2336874454
0.3491438949	0.3720065162	-49.1399306211
-0.5006839723	-0.0022022827	-48.7687697787
-1.4042537559	0.2316295236	-49.1277744203
-1.7357518992	1.1719881324	-49.0513894231
-2.2595819988	0.7726954279	-49.8038303595
-2.2525545134	1.5355772663	-50.4503301006
-1.9186903248	1.2231268454	-51.3396609940
-2.0310391788	1.0202979667	-52.3124087419
-2.0017754391	0.1248971526	-52.7567070828
-1.3789594993	0.1311462207	-51.9743636453
-1.0486135428	0.6644197777	-51.1955884130
-1.5268650722	0.3664008514	-50.3694769228
-1.4792028851	-0.5082998032	-49.8871626262
-2.0718225226	-1.2993529205	-50.0389418432
-1.1740086300	-1.2661119180	-50.4780605630
-1.4735061210	-0.5124466253	-51.0631160129
-2.1457976341	0.1799951985	-51.3249335870
-2.2742418527	-0.6216815284	-51.9087285067
-1.8675784778	-1.4080667743	-51.4437305019
-2.6758434377	-1.0550386563	-50.9724780192
-2.4616380467	-0.2808550945	-50.3768641651
-3.2909167407	-0.2200469489	-50.9323812370
-2.8805782845	0.6589027200	-50.6893383788
-2.9431610987	0.8054746708	-51.6765567207
-2.7352498967	1.7716888489	-51.8288823394
-1.8261209957	2.0674267391	-52.1221803818
-0.8689137083	2.2580522289	-52.3399328368
-0.3528003266	2.4055455776	-53.1836583190
-1.1525052328	2.3609405719	-53.7823923639
-1.6770109375	2.6454491929	-52.9799282773
-2.4726590444	2.0439721300	-53.0518270444
-2.2471106817	1.6754748243	-53.9536794003
-2.5505622305	0.9360592002	-53.3526954635
-2.2307132915	0.1135268150	-53.8229476633
-1.3843851041	0.0675547614	-54.3536219227
-0.7301833302	0.2226616773	-55.0938663983
-0.3525830924	-0.4369308788	-54.4439773922
0.3782994126	-0.4382315424	-53.7614753246
0.6866620673	-1.0854544094	-53.0643275399
-0.0850825448	-1.2920142669	-52.4628765620
0.2805879492	-1.2844164550	-51.5321631996
0.1980772547	-0.9157238489	-50.6062810540
-0.5118698834	-0.2366052572	-50.7927562519
-0.5747778985	0.1090948274	-49.8565222891
-0.6828144078	0.9986161667	-49.4125854697
0.2407196479	1.3056368869	-49.6424182900
-0.4548713710	2.0068619087	-49.4860961762
-0.1766613016	2.1080835530	-50.4412680644
-0.1801906161	2.7088943344	-51.2406515449
-1.0779502160	3.0561266806	-51.5116817989
-1.3804913029	2.5321070551	-50.7155208084
-1.5392434085	2.1722394557	-49.7961225922
-1.1471906252	1.5083862155	-50.4329848148
-0.2893473256	0.9968642343	-50.4824836633
0.4847307661	0.3689379050	-50.4017889729
1.2324565857	0.6858913231	-50.9852670183
0.9905775014	0.6465505241	-51.9547755588
1.5354427005	-0.1303576575	-51.6392829406
1.5534880653	-0.6993921610	-52.4613985641
1.3255735582	0.1544870092	-52.9293145183
1.2811064975	0.3378236464	-53.9113584877
1.0728623540	-0.4214802918	-54.5278744292
