0.7692553303	-1.1229603145	219.7005395223
0.3542870773	-1.4611602306	218.8558963042
0.1232316269	-0.5255016748	219.1226479599
0.6552970770	-0.0118021128	219.7957149082
0.5754147131	-0.0013371279	220.7924642709
-0.0584865198	-0.5678068977	220.2658892744
-0.2707991364	-1.4216987357	219.7907134313
-0.8172784141	-0.9855059640	219.0758034614
-0.4438651967	-0.8180803266	218.1633719708
-0.3100313017	-0.4454070987	217.2451110310
-0.4313268873	0.3254050884	216.6197024020
-0.1449424516	0.9358454725	217.3581781921
0.0498840410	1.8613477793	217.6829675361
0.1097456575	2.7223984797	218.1879509795
0.3280130212	2.7442145527	219.1635961081
1.1157626221	2.9301634786	218.5763367418
1.1516195657	2.0452123518	218.1120353497
1.5800631950	1.2527626626	218.5461546266
1.6935425245	1.1559299022	217.5573443019
1.6934753582	2.0080631317	217.0340193982
1.1050521825	2.7626676539	217.3244159913
0.6079481061	3.6105686461	217.5086751693
0.4898123976	3.8489729968	218.4726291723
-0.3997249830	3.6033425546	218.8578420153
-0.9489673247	4.3019587936	218.3992919083
-0.6778737741	4.4306323416	217.4453781780
-0.4421417912	3.5081300429	217.7510249366
-1.2036196278	3.1300533183	218.2775318166
-0.8866253447	2.4888723782	217.5786744445
-0.5866463831	1.9056798692	216.8237578133
0.0116952041	1.2251303455	216.4008633929
0.9100119909	1.1310100141	216.8300117515
0.5875085594	2.0749922476	216.7600897989
-0.0197227619	2.8256110451	217.0205538911
-0.2808162383	3.7474926613	216.7342594933
-1.1848315149	3.9478324869	216.3566084187
-0.9429082778	2.9793411293	216.4157492473
-1.9134285738	3.0912295786	216.6292236720
-1.4236399947	3.5892038451	217.3448554054
-1.9617647756	2.8139667729	217.6756562550
-1.6758857510	2.1463371315	216.9882380088
-1.5340576121	2.0654837719	216.0016542499
-1.9898847787	1.2863095014	216.4318972631
-1.7953808716	1.0719830112	217.3890975482
-1.4848604952	0.4015687017	216.7152119871
-1.2046972949	-0.5387942940	216.5222715363
-1.3582807280	-0.5105337858	217.5100030144
-1.2858607512	-0.2157730170	218.4628258920
-2.1122165108	0.1127866175	218.0054587253
-2.4089194730	-0.0291768941	217.0610998350
-2.4426341377	-0.8588704563	217.6182999015
-1.8935925506	-1.0223403868	218.4379528265
-1.8719836614	-1.0948729144	219.4350847578
-1.2174965522	-0.7137943476	220.0880975830
-1.1446251642	-0.0378816376	220.8214677277
-1.5882785487	0.2552536374	219.9745654991
-2.1194023019	-0.0803985069	219.1965904373
-2.8264112516	-0.4764129771	218.6106630659
-3.1835207653	0.3376562382	218.1526629479
-2.5708438014	0.9521396351	218.6496912095
-1.9560835326	1.1706033622	219.4075456889
-1.4723345018	2.0278016838	219.5841749976
-0.9227299320	1.2233467653	219.8095349342
-0.2226678135	1.8832288741	219.5366455191
-0.7695034101	2.1924501243	218.7586011446
-1.6675533289	1.8304623537	218.5086587568
-1.5699553735	0.8359455826	218.4710950623
-1.0295082243	0.4532121521	217.7218074005
-0.9102018166	1.4346216854	217.8721447175
-0.6744575301	1.1668595919	218.8063438893
0.0752833690	0.7829134431	219.3453002318
-0.7088744128	0.1628402638	219.3699137553
-0.3214966953	0.4202494691	220.2551702182
0.4592899910	1.0450429739	220.2574564209
1.1279284506	1.0116590199	219.5146185369
1.0924778667	1.9721677894	219.2386363638
0.3196827873	1.6612305313	218.6853680864
0.6869410327	1.0897360532	217.9515319722
-0.0498171557	0.5198966030	218.3154967683
0.8404257903	0.3923663260	218.7527650219
1.8080390329	0.1737917679	218.8790574414
2.1457032017	0.5709256316	219.7324434054
1.4462926535	0.5098240521	220.4445469667
2.2294482674	-0.0614893957	220.6900428502
1.4547819259	-0.6937980386	220.6988655253
1.6642710693	-0.4132173624	219.7621751907
2.1928210784	-0.8204797633	219.0173448579
2.0453397957	-1.3428114941	219.8572370142
1.5184620729	-1.5717104580	219.0386986036
1.0964484973	-1.6753825026	218.1380562500
1.6481688928	-0.8647571193	217.9418647791
1.1349563767	-0.6324998046	218.7681029125
0.4619119239	-0.3590843490	218.0808946812
1.2666551205	0.1764444539	217.8247750045
0.5276799367	0.1753008428	217.1510433295
0.5010470147	0.2386236418	216.1534056645
-0.1445007175	-0.5187577552	216.0552142955
-0.4468451705	0.2980150280	215.5638182715
-0.9695072639	1.0500965585	215.9653126147
-0.5509582918	1.9381080695	215.7749122095
