0.7692553303	-1.1229603145	219.7005395223
0.3542870773	-1.4611602306	218.8558963042
0.1232316269	-0.5255016748	219.1226479599
0.6609161504	-0.0392854271	219.8114796619
0.5810337864	-0.0288204422	220.8082290246
-0.0657491059	-0.6142119271	220.3193643198
-0.2651800630	-1.4491820500	219.8064781850
-0.8262334026	-1.0613136197	219.0751935407
-0.4382461233	-0.8455636409	218.1791367246
-0.3044122283	-0.4728904129	217.2608757847
-0.4257078140	0.2979217742	216.6354671558
-0.1393233783	0.9083621583	217.3739429458
0.0555031144	1.8338644650	217.6987322898
0.1145616626	2.6948643650	218.2038968770
0.3287554492	2.7398109715	219.1796534164
1.1213816955	2.9026801644	218.5921014956
1.1572386391	2.0177290375	218.1278001035
1.5856822684	1.2252793483	218.5619193804
1.6991615979	1.1284465880	217.5731090556
1.6990944315	1.9805798174	217.0497841520
1.1106712558	2.7351843397	217.3401807451
0.6135671795	3.5830853319	217.5244399230
0.4954314710	3.8214896825	218.4883939260
-0.3941059096	3.5758592404	218.8736067690
-0.9433482514	4.2744754794	218.4150566620
-0.4786791499	4.4555724700	217.5482888118
-0.4365227179	3.4806467286	217.7667896904
-1.1556098072	3.0771695789	218.3325811252
-0.8835774382	2.4925947322	217.5682051451
-0.5810273098	1.8781965550	216.8395225670
0.0173142775	1.1976470313	216.4166281466
0.9156310643	1.1035266999	216.8457765052
0.5931276327	2.0475089333	216.7758545526
0.0579352952	2.8361795393	217.0784563325
-0.2751971650	3.7200093471	216.7500242470
-0.0389772346	3.0864447844	216.0132772827
-0.9372892044	2.9518578151	216.4315140011
-1.9078095004	3.0637462644	216.6449884257
-1.4180209213	3.5617205308	217.3606201591
-1.9643342302	2.7895024782	217.6849980989
-1.6702666777	2.1188538173	217.0040027625
-1.5093443832	2.0286021211	216.0211708102
-1.9842657053	1.2588261872	216.4476620168
-1.7897617983	1.0444996970	217.4048623019
-1.4742767977	0.3907545863	216.7170494314
-1.1788000467	-0.5456064641	216.5275198219
-1.3323834798	-0.5173459559	217.5152513000
-1.2599635030	-0.2225851871	218.4680741776
-2.0723776640	0.1284935539	218.0025347608
-2.3830222247	-0.0359890641	217.0663481206
-2.4167368895	-0.8656826264	217.6235481871
-1.8676953024	-1.0291525568	218.4432011121
-1.8460864132	-1.1016850844	219.4403330434
-1.1868768841	-0.7062441389	220.0799182647
-1.1187279160	-0.0446938077	220.8267160133
-1.5623813005	0.2484414673	219.9798137847
-2.1174999392	-0.0484855241	219.2028468235
-2.8005140034	-0.4832251471	218.6159113515
-3.1576235170	0.3308440681	218.1579112335
-2.5909194815	0.9594777559	218.6905144842
-1.9301862844	1.1637911921	219.4127939745
-1.4464372536	2.0209895137	219.5894232832
-0.8968326838	1.2165345953	219.8147832198
-0.1967705653	1.8764167040	219.5418938047
-0.7436061619	2.1856379543	218.7638494302
-1.6416560807	1.8236501836	218.5139070424
-1.5440581252	0.8291334125	218.4763433479
-1.0036109761	0.4463999820	217.7270556861
-0.8843045683	1.4278095154	217.8773930031
-0.6485602819	1.1600474218	218.8115921749
0.1011806172	0.7761012730	219.3505485174
-0.6829771646	0.1560280937	219.3751620409
-0.2955994471	0.4134372990	220.2604185038
0.5063139150	1.0104912721	220.2819013560
1.1538256988	1.0048468499	219.5198668225
1.1183751149	1.9653556194	219.2438846494
0.3455800355	1.6544183613	218.6906163720
0.7128382810	1.0829238831	217.9567802578
-0.0239199074	0.5130844329	218.3207450539
0.8663230385	0.3855541560	218.7580133075
1.8339362812	0.1669795978	218.8843057270
2.1716004499	0.5641134615	219.7376916910
1.4721899017	0.5030118820	220.4497952523
2.2553455156	-0.0683015658	220.6952911358
1.4806791742	-0.7006102086	220.7041138109
1.6555971311	-0.4425643242	219.7539474939
2.2187183266	-0.8272919334	219.0225931435
2.0712370439	-1.3496236642	219.8624852998
1.5492814915	-1.5833987386	219.0421733982
1.1223457455	-1.6821946726	218.1433045356
1.6740661410	-0.8715692894	217.9471130647
1.1608536249	-0.6393119746	218.7733511981
0.4878091721	-0.3658965190	218.0861429668
1.2925523687	0.1696322838	217.8300232901
0.5535771850	0.1684886727	217.1562916151
0.5269442629	0.2318114718	216.1586539501
-0.1186034693	-0.5255699252	216.0604625811
-0.4209479222	0.2912028580	215.5690665571
-0.9436100157	1.0432843884	215.9705609003
-0.4931126039	1.8995581102	215.7178804788
