-0.1136613165	-0.5890439615	132.8630773841
-1.0960228395	-0.4395348134	132.9753843418
-1.2439488956	-0.5185303891	131.9895458251
-0.5952715056	0.1912425797	132.2642092127
-0.2768266305	-0.4606039891	131.5759585953
-0.1707532015	-1.3343366304	131.1012590070
-0.6062118524	-1.4689514862	131.9913458589
0.3492767612	-1.2321147084	132.1672715533
1.1934523627	-0.9041671004	131.7432221221
0.7529346180	-0.3865801622	131.0097046526
0.0298750158	-0.6550573636	130.3732262130
-0.4985132533	-0.0689804503	129.7589626792
-0.4461247968	-0.2561821566	128.7780391497
0.0396703570	0.6097223633	128.8972550500
0.9180469623	0.7506707467	129.3539695040
1.8151914627	0.6661996906	128.9203840037
1.0215067082	0.7022606036	128.3131244867
0.4508269005	0.4652026600	127.5269132629
-0.4750668387	0.3971698425	127.8985210125
-0.7523477474	1.1649896155	127.3209674704
-0.4092577870	1.3753674780	128.2364074925
-0.1652049813	2.3445696119	128.2693536850
-0.3166580170	1.9289133611	129.1661768890
-0.9810943696	1.1826044341	129.2055128623
-0.2222173423	1.0167969311	129.8352854637
-0.4882976634	1.7954727438	130.4034977844
-1.2980372665	1.9932037470	129.8510267665
-1.9363603850	1.9284828391	129.0839838731
-1.1432197493	2.4098303550	128.7108451577
-1.1112042185	2.1998606210	127.7336615943
-1.5852383817	1.4554315639	128.2038923793
-2.1990012673	0.7942254970	128.6352873923
-1.3960168150	0.2626455735	128.3657716147
-1.6317143930	-0.6459193382	128.7106722568
-0.9539041772	-0.7244237194	127.9796384864
-0.0004201144	-0.5362173781	127.7441676492
0.6293078369	-0.3257916267	128.4919401483
0.5422366346	-0.2283354759	129.4833638238
1.4047705306	-0.2133821012	129.9891421099
1.6671368862	-0.9332808121	130.6317226430
0.8067923662	-1.4428347027	130.6189892420
0.8144306430	-1.2272031307	129.6425443220
-0.1280937504	-1.0376439618	129.3673805721
-0.6795887631	-1.3844617653	130.1260443067
-1.1239818396	-0.8910914438	130.8737745518
-2.0218246785	-0.9138115920	131.3135040498
-2.2836195526	0.0486975428	131.3844942560
-2.9644719440	0.7634150126	131.5445534936
-2.0184503368	1.0813415227	131.6075285108
-1.2211421638	0.4874930824	131.4996224998
-1.0369055884	1.1944660307	132.1824446836
-0.3456819817	1.2988892896	131.4673882462
0.1020379239	1.1050835591	132.3403064697
0.0736194807	2.1040656116	132.3052743300
-0.8215763478	2.3321639605	131.9223963182
-0.0812534218	2.5015214492	131.2718273316
-0.9327501764	2.9134137798	130.9473308217
-1.4433637174	3.2839391579	130.1714540558
-0.6012492786	2.8066273716	129.9204227222
0.3144456492	2.4864505277	130.1633004442
0.6128185440	1.6310034122	129.7399993121
0.6667766223	1.7707495550	128.7512832046
0.5499285055	2.7216125177	129.0379993427
1.2818489591	2.4491809846	129.6625579944
1.7817798646	1.6885798180	129.2483660643
1.6770146499	1.0183809847	129.9831162080
1.3058829184	0.5974125100	130.8107917369
1.5348437690	0.2434457615	131.7175907609
1.3188555225	1.0538156856	132.2622463066
0.7797374226	1.5996684780	131.6208444018
1.1548440562	1.8776538370	130.7365259334
0.3744283418	1.2557127406	130.6721785536
0.4315666917	0.3364793154	130.2826337951
-0.4444910802	0.2911980116	130.7627091889
0.2549150949	0.4739158034	131.4536832918
0.5593627262	0.0212764963	132.2917938439
0.9069347514	-0.3979320536	133.1305178026
0.4259392033	0.4741055744	133.2210366293
-0.5729196056	0.5141705698	133.2470342465
-1.5532100850	0.6353048926	133.4031017056
-1.6664795592	0.3552096843	132.4498353732
-2.5492085947	0.7718720461	132.6670493831
-2.6297861228	-0.1779412663	132.3647880167
-1.9956142253	-0.8776833169	132.6937060417
-1.8266500791	-1.6142295049	132.0387626622
-1.3534182946	-1.9140733171	131.2104237422
-1.6918499406	-1.6275814519	130.3141054773
-1.5277705369	-0.7361272798	129.8917461416
-1.4037971668	0.0920999444	130.4382534779
-1.1760119913	1.0593759725	130.3264903385
-1.2359462925	1.7763554352	131.0210033546
-2.1234683939	1.5645116540	130.6118252370
-1.9657323975	2.5004066244	130.9268172364
-2.2567460184	2.4470069551	129.9715897515
-2.7916458117	1.6261028533	129.7715930851
-2.0169121416	0.9967101170	129.7111569710
-1.4041982916	0.2741140588	129.3910996719
-2.2831566248	-0.2026543415	129.4022415312
-2.5257130304	-0.5335564665	130.3142010554
-2.4505614959	0.4527260549	130.4611671564
