-1.2393808405	-3.1810799279	255.7957459127
-2.0148954831	-2.5745547013	255.6205198058
-2.0622943932	-2.1711687218	254.7067183531
-1.6324091404	-2.6012860015	253.9128683704
-1.1950276834	-2.7327742513	253.0232570501
-0.9972539043	-3.7048219984	252.8967315205
-1.5603003116	-3.7414827046	253.7223432548
-2.0384833511	-4.2745453080	254.4203298174
-2.4887985630	-3.4570690144	254.0612355131
-2.7296307536	-2.9254129072	254.8732340597
-2.1482018289	-3.6090156601	255.3144003342
-1.4259976615	-3.2605669141	254.7169017049
-0.8920039220	-4.1029648059	254.6446765141
0.0415668020	-4.4191313987	254.8134497014
-0.3097375886	-4.1501475210	255.7102400329
0.4528366021	-4.2197881118	256.3533813795
0.9848077433	-4.1972257568	255.5069195404
0.7809616429	-3.5988391668	254.7320774557
0.2339940673	-3.8718402917	253.9406882612
-0.5637066851	-3.2769003572	253.8420982830
-0.1229892731	-2.8575707381	253.0484164618
-0.4418756296	-2.2516869510	252.3195705741
0.2492372491	-1.6016355433	252.6354758704
0.9404734369	-1.3322604429	253.3060201181
0.9227353662	-2.3193272259	253.1466948948
0.1627430125	-1.8969689421	253.6406838647
-0.6951124926	-2.2699874417	253.9941539927
-0.7789143252	-1.5012441815	253.3601105772
-0.0913799919	-0.7828088007	253.4656906133
-0.4348712380	-0.2493022226	254.2385971374
0.1062858700	-0.5161095535	255.0360699160
-0.1464440865	-1.2705052300	254.4302525076
0.7538910259	-0.8707155540	254.2583080390
0.8021636445	-1.8498850161	254.4555310570
0.8768402576	-2.5691383379	255.1462539121
1.7712655987	-2.2376283984	255.4464279771
1.4371887966	-1.8146276613	256.2887242829
0.5114573094	-2.0288627951	256.6003723554
0.0464532264	-1.7158895273	257.4285142131
-0.3287750251	-1.3800514087	256.5645602112
0.5400701502	-0.9629483508	256.8312681049
1.5202440543	-0.7941311876	256.9349979613
1.5618599662	0.1625752789	256.6469339881
0.5640180693	0.0975735916	256.6562253460
0.8698224964	0.4484870223	257.5412922454
-0.1222916197	0.4962576778	257.6571695300
-0.5402947459	0.0011160041	258.4188178146
0.3706659756	-0.3398123446	258.6510212274
0.2814771080	-0.4947629474	257.6671331969
-0.5846930080	-0.9886351166	257.7435505426
-0.4394685247	-1.1085788908	258.7256520345
-1.3164690544	-0.6391956267	258.8283624146
-1.6072268303	0.1923987435	258.3551703615
-1.1306019051	0.1067846840	257.4802424138
-1.7671857687	-0.0597815261	256.7272373127
-2.3503611501	0.3716693972	257.4155370841
-2.0069481979	-0.5345618514	257.6621389260
-1.3577373926	-0.9682889064	257.0373140130
-1.0581104287	-0.6435176126	256.1402369320
-1.9673573518	-0.5093541396	255.7461935393
-2.3791598179	-0.9519895117	256.5427440125
-2.0620223611	-1.8950236966	256.4421937291
-2.1101673590	-1.6726460848	257.4159648813
-1.5039819818	-1.4681153733	258.1845391956
-1.0021798215	-1.8546529028	257.4107282819
-1.3404888484	-2.6154021149	256.8568260896
-1.0908808222	-1.9524127109	256.1510351266
-0.2968595964	-2.5515162656	256.0480534602
-0.4885515906	-3.4181841676	256.5086410490
-0.1350422206	-2.6890438558	257.0946321163
-0.6997159932	-2.7397133523	257.9183894427
-0.0975605098	-2.1008048150	258.3971426723
0.5267468120	-1.3214934776	258.3431592738
1.2368067102	-0.6892841435	258.0331168591
1.1709930967	-1.5886934551	257.6009925038
0.8458311351	-2.5232039500	257.4562173896
0.6483139947	-3.3695971777	256.9616413252
1.0582758039	-2.8883274500	256.1868440845
0.3159991820	-3.3168987474	255.6717207403
-0.3199167811	-3.2206455732	254.9059882712
0.2719540425	-2.8126270391	254.2108553314
-0.0528237750	-2.2203756663	254.9482545995
-1.0357668949	-2.3094129562	255.1091744053
-1.2127432483	-1.5507470293	254.4821932399
-1.6478252783	-1.4446796308	255.3763147832
-1.0719400811	-0.6736745956	255.1044554900
-0.4769224136	-1.4034455776	255.4411872664
0.4898474571	-1.4402625757	255.6941705184
1.3282857178	-1.3035220147	255.1666069659
1.9029859899	-0.8182882518	255.8255969451
0.9636784531	-0.4937370250	255.9368077923
-0.0293663820	-0.5581429256	256.0353665841
-0.4157562723	-0.3753581576	256.9394089400
-0.4740360614	0.4275270743	256.3461309523
-1.3236924328	0.3478564479	255.8248473042
-0.5658637980	0.2790809497	255.1760286152
0.3525715547	0.4085605435	255.5498086811
1.3474697238	0.4714673356	255.6286779953
1.2775974575	-0.1943122638	254.8858082951
0.5225038300	0.2967667374	254.4514409062
