-2.6871588599	-0.1968154335	109.5072267844
-2.3601237559	-0.6782264764	110.3204250680
-2.3762121402	0.3081583203	110.4840899593
-2.1725156064	1.2403738851	110.1849547675
-1.2816179655	1.6582850978	110.3628637661
-1.3399338253	0.6911266048	110.6102576018
-0.3648052722	0.9092967554	110.5711923963
-0.1704996915	1.8324234016	110.2394055125
0.5908965258	1.1921297973	110.3408939379
0.4585708146	0.4223044997	110.9652807710
0.9134733113	-0.0101662535	110.1867997076
0.2420681345	0.4699746979	109.6222824312
-0.5599166001	-0.0558641613	109.9056796429
-0.5894311565	0.2519820799	108.9547014188
-0.9347127224	0.8916852859	109.6414040099
-1.6564170439	0.1994844240	109.6404879267
-1.4283536039	-0.3400744420	110.4509589610
-0.6682407077	0.0065014837	111.0006074967
0.0346518719	-0.5001929765	111.4998096056
-0.1863047395	-1.4192969224	111.8260397582
0.3144569794	-1.7419635498	111.0228436747
0.9891263959	-1.5883960178	111.7448119507
0.9629259755	-0.7969133912	111.1341821203
1.4046904977	-0.0998717461	111.6989626547
1.5785426183	0.5207800581	110.9343929861
1.3914296805	1.4869161909	111.1120716891
0.9641671718	2.1413889268	111.7358602643
0.3038523214	2.3980651903	111.0300971355
-0.6532221762	2.1117422265	111.0751256429
-1.1334314156	2.9753932828	111.2284421104
-0.2355767152	3.1904454522	111.6126419298
0.2634879443	2.9638516246	112.4490567211
1.0046063230	2.8344747554	113.1078474120
0.7740894150	1.9097249326	112.8050277951
1.0448402091	1.6390893246	113.7288515744
0.3099470991	2.3148342182	113.7863055179
-0.0408222501	1.5239970754	113.2847703973
-0.6373706320	1.9075152968	113.9897837319
-0.5758801067	2.3536145989	113.0969151369
-1.1634495967	2.4555663140	112.2941898151
-1.8583463387	2.1419838496	111.6470541601
-2.2011669487	2.2936239871	112.5741352235
-1.6701219321	2.0020503643	113.3697331198
-2.5862202865	1.8951865638	113.7561835477
-1.8543061197	1.3882420817	114.2114954676
-1.0150190002	0.8825956969	114.4112925260
-0.5111483850	0.0800174116	114.0919455375
-0.2368002053	-0.6148874237	114.7566562613
0.5332078085	-0.1223504321	114.3510764656
0.4293296979	0.7280070897	113.8352262711
0.0715288140	1.2571995819	114.6045986346
-0.2190688252	0.4353226872	115.0945694317
0.5476090440	-0.0725248787	115.4873745931
0.8717470337	0.7741115752	115.0653067330
1.4499933338	0.7439212622	114.2500032549
1.4711628956	-0.1325947114	113.7690961977
1.0188373527	-1.0217449055	113.8384758453
1.2818184383	-1.2244775404	112.8952153154
0.5319243606	-0.8875614924	112.3258767088
-0.3151269198	-0.4101594632	112.5595248006
-0.2098824441	0.5140033392	112.9267396082
-1.0768896490	0.3409865584	112.4594455892
-1.1361933417	-0.1636336863	113.3207477898
-1.4270492565	-0.3574412649	114.2576797293
-2.1408861388	-0.6818007768	113.6370124976
-1.2588652982	-1.1425005981	113.5380432524
-1.9518930069	-1.6168095078	112.9951402655
-1.1453990316	-1.4844050639	112.4189141544
-0.3217203833	-1.6845855687	112.9494622199
-0.1334021770	-0.8676398406	113.4945639814
0.5262924568	-0.1863830227	113.1772437356
1.4301965170	-0.0746397690	112.7643625238
1.1091013115	0.8386666708	113.0149003774
2.0786653364	1.0821177237	112.9888775687
1.7467069461	1.6988801664	112.2751495278
1.2326009869	0.9058510259	111.9483470722
0.5461714621	0.2270300144	112.2091468843
0.2647551601	1.1733731718	112.3680163068
-0.3277254119	0.6607599074	111.7465708844
0.2376402195	1.4081880976	111.3976972635
-0.1760634267	2.0301584761	112.0625296795
-0.7757920854	1.3352286989	112.4592640248
-1.0793977747	1.0649705654	113.3729292406
-2.0478765354	0.8536211136	113.2410948776
-2.7290034630	1.3220174053	112.6783595737
-1.8636031526	1.1821890642	112.1971835791
-1.1404910648	1.2409237950	111.5089545911
-2.0858771587	1.1627504181	111.1925149338
-3.0012749630	0.9416043359	111.5288797212
-2.4056135599	0.3480765999	112.0700934678
-1.5994797403	0.1187392283	111.5246096138
-1.0392584452	-0.6791872571	111.7470178519
-1.7193776073	-0.5815063687	112.4735826249
-2.6261014495	-0.9739180683	112.3190998366
-2.3220704838	-0.6241890640	111.4329538016
-1.5937940200	-1.2223620740	111.0985850794
-0.6459900794	-1.1652169999	110.7848939402
0.0827178432	-0.5663567966	110.4527023983
0.7892658153	-1.1648718625	110.0751183956
0.3459103726	-0.5491713328	109.4236977870
