0.9157333778	-3.3411622263	-213.0655275003
0.6854640829	-3.4462298403	-214.0329657920
0.9640849545	-3.1310602354	-214.9401805021
0.3642517371	-2.3750799057	-215.2022756231
-0.1422749728	-2.9328610182	-214.5447720698
-0.5998887175	-2.0739130013	-214.7745501474
-1.2919421124	-1.8186745187	-214.0993350590
-1.1247583231	-1.0173782174	-214.6737685347
-1.3844245605	-0.4765840562	-213.8736965877
-0.5598681441	0.0603704460	-214.0519844975
-0.0731081787	-0.5276171372	-214.6979994649
0.2909129160	-1.4589460865	-214.7087247055
0.9880365334	-0.8132121412	-214.3972020997
1.4578876288	-1.4718417621	-213.8094547300
1.4235697021	-1.8532697164	-214.7332160604
0.7563707988	-2.3242793011	-214.1561583557
1.6428408795	-2.7543409635	-213.9852263149
1.2708473835	-2.3547460063	-213.1474049085
0.8690986083	-1.6345409412	-212.5818055928
1.6848074383	-2.0457722017	-212.1749789035
1.0415341511	-1.8557177140	-211.4333059502
1.4188522723	-0.9840703169	-211.1204771620
1.6312542332	-1.0656081420	-212.0942517715
1.7372333636	-0.0883915228	-212.2781433240
1.3949099860	0.1729998688	-211.3756527448
0.9523616616	0.9244955501	-211.8649432736
0.7097623662	1.3084562179	-212.7558528018
0.1993414377	0.8245217771	-213.4666818479
0.8836544646	0.2639129692	-213.0003842543
1.1261686115	-0.6964989202	-213.1374823621
0.4221259904	-0.2975673779	-213.7250005424
0.1206522625	-0.5700402925	-212.8112871835
-0.8025577662	-0.1993420102	-212.9126085855
-1.0821745814	-0.8453784032	-212.2023611529
-0.4770318558	-0.2136810340	-211.7178400334
-0.0199281444	0.6237727232	-211.4182947085
-0.0333627057	0.5796206960	-212.4172291964
0.6124093740	-0.0645307529	-212.0072934309
0.4844780835	-1.0252604828	-211.7610578305
-0.3878349951	-1.4903986826	-211.6103383955
-0.0410056507	-2.3494504215	-211.9868214840
0.2642534484	-2.4658427828	-212.9319509463
-0.2335505331	-3.1314739055	-213.4879423173
-0.2885156403	-2.1592989530	-213.7156585853
0.3927888789	-1.4416657953	-213.5713436419
-0.4834208053	-1.0228082692	-213.8097025356
-1.1354572449	-1.3498695479	-213.1256854295
-0.2857544592	-1.5676947974	-212.6455215651
-0.8123441031	-2.4154070595	-212.7094533075
-1.4367432482	-1.8772512355	-212.1433137341
-1.3248749298	-1.5626007445	-211.2007212729
-0.9906884752	-2.4867057278	-211.3860571665
-0.3850211146	-3.2807261271	-211.4380057355
-0.1054416999	-3.3658144117	-212.3943505136
0.5923894442	-3.6988902843	-211.7602431430
0.9062047836	-2.7662325766	-211.9382025010
1.3030495746	-3.1253453096	-211.0934822770
1.0625385870	-2.4015422565	-210.4467492523
0.2429833404	-2.4376508370	-211.0186105714
0.3115250770	-3.3653491066	-210.6516256250
0.0426254572	-3.5028738248	-209.6983261200
0.0577430614	-2.5191812535	-209.8775477236
-0.6987146128	-2.8167031277	-209.2950938442
0.1669939875	-2.8871364811	-208.7995257236
-0.5353208842	-3.5526646330	-208.5468874447
-0.5382781061	-4.3231685492	-209.1843158486
-1.0659192205	-3.6948430885	-209.7559818086
-1.8368450058	-3.1569189332	-210.0970258478
-1.4557389647	-3.3488961427	-211.0014057107
-0.7284584439	-2.9399065052	-210.4502337589
-1.3812311144	-2.2021428971	-210.2782084725
-1.6556019135	-2.2422134658	-209.3174197267
-2.4785876770	-2.1800565210	-209.8820708997
-2.1055161411	-1.3500679603	-210.2967233062
-1.1550600392	-1.0718783860	-210.1580014294
-1.6808457439	-0.2289490089	-210.0438985901
-1.4484744754	-0.4433420663	-210.9926025537
-0.9477414378	0.3765027660	-210.7148960972
-0.0517753768	0.5176905792	-210.2938131849
-0.5889112092	-0.1957637265	-209.8438486849
-0.5008465806	-0.7828116663	-209.0391006886
0.3894269316	-0.3370819243	-208.9456230410
0.5314474299	-0.2438072241	-209.9310823290
0.4592165597	-0.2363302465	-210.9284422421
-0.3757431806	-0.7699481911	-210.7939278513
-0.4769737532	-1.7389844112	-210.5687142295
0.4567325693	-1.4175158640	-210.7263545685
1.0051693229	-1.2736868947	-209.9026250286
0.0146285658	-1.1372925425	-209.8876054045
-0.6407880427	-1.8076514414	-209.5396858508
0.1818023694	-1.7795798172	-208.9717448346
0.4264337149	-1.1672010659	-208.2199817271
-0.2648714289	-0.4779547304	-208.0031022970
-0.5148189580	0.2053544227	-208.6891160242
-1.3878750179	-0.1710066646	-208.9991570672
-1.5233262334	-1.1505701300	-209.1478459554
-0.9441007336	-1.7000019315	-208.5456644911
-1.1163566701	-2.6518959395	-208.2922366122
-1.6089750055	-3.2461098673	-208.9280329504
-2.5111267752	-2.8357058183	-209.0610393444
