0.1490964869	1.3976867235	-37.7184089875
-0.1158388789	1.4665609207	-36.7566056829
-1.0012218410	1.9190420164	-36.6500323820
-1.7464857188	1.6883694178	-37.2756296204
-2.6136275183	1.3358242207	-37.6274491532
-2.2594009699	0.5718297194	-37.0881570668
-2.9098488976	-0.1714377632	-37.2445889774
-2.6645017168	0.3536582737	-38.0594993485
-1.9957701323	0.0812012939	-38.7512834637
-1.1919068364	-0.4645300689	-38.5146802491
-0.2620923159	-0.4532515219	-38.8825358618
-0.1390839656	0.4909523199	-39.1880649945
0.6191846139	1.1116095682	-38.9885321863
1.3459415710	0.4249973840	-39.0082307565
0.5154098985	0.1292185583	-38.5362858156
-0.3726660016	0.3515490338	-38.1339298098
-1.3004571254	0.3594327187	-37.7609130836
-1.7221439120	1.1608901295	-38.1849959443
-2.5213692420	1.5780685723	-38.6176632746
-2.6615152090	0.7582371798	-39.1728529681
-2.9900204908	-0.1857682879	-39.1422268863
-2.9863496823	-1.1799700120	-39.0347584865
-2.4252131977	-1.9508838420	-38.7333987143
-1.6188550551	-2.4870498546	-38.9830235383
-1.4009650561	-1.5823388627	-38.6169334271
-1.9436232799	-0.9982885185	-39.2205949610
-2.4530156287	-0.8497513345	-40.0682128820
-2.3414619026	0.1330806946	-39.9212538104
-2.7668604286	1.0043932707	-40.1658974057
-2.2401397977	1.8511935691	-40.2400231882
-1.2449545753	1.7545705371	-40.2235804772
-0.3403354768	1.5740160369	-40.6096690153
-0.3349456410	1.5445167070	-39.6101187468
-0.7615989525	0.7252073707	-39.9931320146
-0.4846766915	-0.2353566581	-39.9680161247
-1.3617422569	-0.0779279672	-39.5141745210
-1.0848934102	0.6979686106	-38.9473066205
-0.4166952713	1.3194933475	-38.5383833409
-0.8663829783	1.3222668836	-37.6452017951
-1.0817525108	2.1518650639	-38.1603549992
-1.3077678492	1.7914831074	-39.0653643430
-1.7917028734	1.1456231269	-39.6558487017
-1.7557220726	0.8413296748	-40.6077472661
-1.2851897785	-0.0408350897	-40.5881337910
-0.5189849333	-0.4035283055	-41.1185899782
-0.1796833468	0.5068463295	-40.8817515156
0.5726361736	-0.1436545786	-40.7775214439
1.3306861624	0.1843220921	-40.2137914393
0.4571978060	0.6485391821	-40.0670924800
0.4992555512	-0.2487223515	-39.6276008572
0.0459799442	-1.1396236918	-39.6565149698
-0.9354740815	-1.0257294968	-39.5023199377
-1.4962860282	-1.7092483195	-39.9695372098
-1.5448698780	-1.0296942312	-40.7015521349
-0.6126224200	-1.3614026939	-40.5570385619
0.0204271170	-2.0884139960	-40.2911384859
-0.6018519534	-2.0894325285	-39.5083436717
-0.5808514466	-2.4088616457	-38.5609662296
-0.2977546319	-1.4501121475	-38.5865707825
0.5085755034	-2.0360568793	-38.6671963620
1.1483215399	-1.7476211501	-39.3796076470
0.9691608105	-1.4267149539	-40.3096187471
1.4815218659	-0.7523796485	-39.7778687637
1.7736671589	-0.6491421774	-38.8270832188
1.4273365215	-1.3950104874	-38.2581055797
0.7111704305	-0.9214380121	-38.7707801751
0.2197818889	-0.6477070063	-37.9439738872
-0.7090180739	-0.5370490483	-37.5902996791
-1.1774490946	-0.1037667132	-36.8203394224
-1.2643778629	0.8904745663	-36.7576683178
-1.6738150516	0.5562330307	-35.9087609116
-2.1981572542	-0.1645564880	-36.3621125680
-1.4856265693	-0.6857370467	-35.8923564097
-0.5033389892	-0.5534793130	-35.7596198212
-0.7013319037	0.3549037019	-35.3913276761
-0.1821246902	0.4932600984	-36.2347026680
-0.4056138205	0.5510328928	-37.2076954289
0.5113644390	0.1690017851	-37.3226001907
0.9209256449	0.9707800842	-36.8873862460
1.1814574138	1.0714067502	-37.8475932401
1.8945738987	0.5824469809	-37.3452156700
2.3520681894	0.0000266735	-38.0171424215
1.4382256185	-0.3217498863	-37.7694498680
1.0256029236	-1.0241055420	-37.1894162099
1.0596743370	-1.1353205926	-36.1962040718
1.9634690390	-0.7664186366	-35.9792559589
2.1507046385	-0.5879602545	-36.9452246106
1.3818353889	-0.0657195022	-36.5763009415
0.6210233264	-0.1681348746	-35.9354607921
0.1043886656	-0.5480347066	-36.7027708630
-0.3028767371	-1.4469192547	-36.8644540748
0.2739446328	-1.6958527952	-37.6424702698
-0.3152405496	-2.4982272338	-37.5473068258
-1.2130253022	-2.3129865870	-37.1477214898
-0.8860297600	-1.5950997194	-37.7623045685
-1.2891367198	-1.1824054724	-36.9454886545
-1.8170603965	-0.5581748128	-37.5213642271
-2.4032691024	-0.8638341264	-38.2716519967
-1.9693081052	-1.5837775731	-37.7300254774
-2.3477786487	-1.2352677751	-36.8725285570
