2.0099235099	0.9469636124	151.5492487218
1.2207228033	0.7150287805	150.9805937486
0.4699419466	1.3562277848	150.8218740521
0.4135088221	0.6225599440	150.1447132130
0.5425149253	-0.0848930337	150.8396000452
-0.2568094509	-0.5689597815	151.1956336465
0.5036190437	-0.4270623481	151.8293635756
1.2550319901	0.1917558546	152.0583671040
0.9999269671	-0.5248439311	152.7075251544
0.4131274288	-1.3345708893	152.7046002822
0.7267748812	-1.2566828203	153.6509399275
0.0873821131	-0.5274723962	153.4071591949
-0.5687500122	-0.4864338117	154.1606885365
-1.3407029554	0.0094246273	154.5584485924
-1.1831963149	0.8246663645	155.1157389729
-1.0276269291	1.7807500870	154.8673399357
-0.9148495934	1.1003685245	154.1432113546
0.0324908720	1.4205728017	154.1393045013
0.9359665532	1.2109294038	153.7654310747
0.9521876891	1.3839236502	152.7806418255
0.8937060804	1.3440458387	151.7831501405
1.5220057865	1.8970458134	151.2359477033
1.7562923019	1.9548799036	152.2063935012
2.2222916082	2.6893281318	152.6997802124
1.6509297434	3.3902532791	153.1266871781
1.2224780909	3.3340302858	154.0285009928
1.8683796654	2.6144019963	154.2833465954
2.3847622821	2.1409320665	154.9969117422
2.6626401036	1.5209332902	154.2631642150
1.6685886396	1.5929337090	154.3448809609
1.5889730084	1.2632244812	155.2856004603
0.6849682217	1.2473666098	155.7128285884
-0.1932453826	1.2242420686	155.2351193454
-0.3151472887	0.4406536243	154.6259157052
-0.4850705287	-0.2794412704	155.2986633809
0.2249266972	-0.9555826514	155.4954799757
1.1639195473	-0.7654355161	155.2088853241
1.4857663484	0.1512200792	155.4458603361
1.5973797126	0.6568645175	156.3013521005
1.6390337039	1.6559527137	156.3107180604
0.7667283746	1.6443807148	156.7995426723
-0.1362113826	1.2455538149	156.9596579398
-0.9599391078	1.2015339932	156.3943837674
-0.3259638121	0.4990053228	156.0710746403
0.6084465600	0.5203621010	156.4266321526
0.5017707061	0.1570084964	155.5011082900
0.7025481519	0.8244128771	154.7839891856
1.5707600248	0.4813493274	154.4254985378
2.4654364948	0.5541018819	154.8662491247
2.4369409536	-0.2008868351	154.2111307833
2.1342845876	-0.2793600304	153.2612670658
3.1169198200	-0.1947856657	153.4264190468
3.1516827825	0.6189327224	154.0066379032
2.2519548857	0.7515254917	153.5908147805
2.0488041616	1.6880104450	153.3049376817
1.3081811148	2.3332895665	153.1176081379
0.6349715968	3.0719451525	153.0833025994
-0.3125560819	3.1174990840	153.3997139417
-0.4419722443	2.5746883013	154.2295379658
-0.0796956444	2.2858351466	155.1157205205
-0.0410949618	1.9691691341	156.0634718717
0.8169048624	2.4664615259	155.9348772421
0.9458024711	2.0350459629	155.0419797012
0.6118173318	2.4000029658	154.1729225611
0.2921866506	2.1076754825	153.2716008260
-0.0561315784	1.1888761292	153.0859071006
0.3834929333	0.4372980189	152.5941138179
0.1342412662	0.5764160715	151.6357194451
-0.4326484331	0.4546653422	150.8209723501
-1.3120089226	0.8691737460	151.0552967249
-0.5745820041	1.4200926906	151.4460522192
-0.2260177793	1.8207177042	152.2934025479
-0.1059658152	2.8059278261	152.4156667773
0.7590356249	2.4012498785	152.1190049034
0.9951512889	3.3541839169	151.9288310052
1.8395837056	2.9379219057	151.5916962671
2.5324076583	2.2168157615	151.5907479489
2.8377826228	1.7868402349	152.4403756189
2.9530706642	0.9018033887	152.8913949626
2.5279145146	0.2190381275	152.2971947888
1.9106306968	0.9371395527	152.6185840098
1.2654238793	0.3819461243	153.1434348645
1.2817603052	-0.3077194146	153.8673786231
0.4635723478	-0.2274648079	154.4367007327
0.3099971995	0.4365316352	153.7049060912
-0.6269506962	0.3040773460	153.3815108192
-1.3812673316	0.1999899120	152.7333038926
-1.1479018770	0.0079429666	151.7800680690
-0.4259216520	-0.2674058317	152.4148338478
-0.5700905249	0.7208844013	152.3648563376
-1.3953140655	1.2545184304	152.1798135559
-1.2552568516	2.2412614849	152.0978250134
-1.9511135300	1.9730089172	152.7640262165
-1.4300870156	1.2262462699	153.1773988328
-1.7754921820	0.5178709716	153.7929471314
-1.9101498753	1.2429333474	154.4683372830
-2.5203281744	1.5092446721	153.7221732785
-1.6604789249	2.0160369474	153.7839863662
-0.7342571628	1.9405833776	153.4146355759
-1.2530582841	2.7421312191	153.1173706195
