-0.4907573427	1.8345308468	248.8757750392
-1.1262227274	1.0960837340	249.1013401217
-1.3053407127	0.5283222913	249.9048099042
-0.5167425184	-0.0138234196	250.1949666137
-1.0333429320	-0.7284342452	250.6666183716
-0.3773571915	-1.3538330106	251.0891809024
0.6187706217	-1.3845932678	251.1715410042
0.8477008227	-0.8881957684	252.0089062087
0.5587406040	-0.0937614744	252.5431122969
0.5275815140	0.0029648636	251.5482891334
0.0123216171	0.5344363737	250.8759460123
0.5364296607	0.2960606834	250.0583349869
0.4994967835	-0.3897004635	249.3314459913
0.9187842584	-0.8649493654	248.5579238555
-0.0141243288	-0.5320805433	248.4205196522
0.5383861042	0.2961453624	248.5141896605
1.2160260699	1.0260539289	248.4245372122
0.4989744825	1.6780583848	248.1781082963
-0.2110150662	1.0002268275	248.3690512736
-0.7740116205	0.1791130785	248.4628973760
-0.2329466072	0.4609817979	249.2552348523
-0.3322602302	1.1874769756	249.9351918811
0.5617185102	1.5345295768	250.2186641085
0.6686743919	1.1979035968	249.2831196739
1.4173428601	0.9252820140	249.8874151292
1.6434043331	1.8993419877	249.8772476306
0.9861871091	2.6473254372	249.9699098113
0.3534940412	2.2426308231	249.3096661055
-0.2915514287	2.1651439243	250.0698714213
0.3063842845	2.3643026654	250.8462789681
1.2936942081	2.3997866252	251.0010691591
0.8015646980	1.5676251530	251.2566387769
0.6854267656	2.3442831368	251.8757626393
0.3037609979	2.1876423393	252.7866934283
-0.0813885396	1.3135965604	253.0828417190
0.6866654455	0.6910103544	253.2327733439
0.4206067849	1.0347327740	254.1333663082
0.8442259293	1.6668945662	253.4845841499
1.8382022563	1.7041496515	253.5876526707
1.5858976366	2.2989432890	252.8243945835
2.5405189553	2.5571871139	252.9727464117
2.5890679942	1.7343625586	252.4065284836
2.8583067682	1.4587536621	251.4837336967
2.3254924466	2.2447952450	251.1702890783
1.7858254319	2.7534122435	251.8411603491
1.6720859228	1.7599317087	251.8488902272
1.8793431039	1.2477762504	251.0153788311
1.1094877896	0.6308364681	250.8519527009
1.2554476498	0.7153246437	251.8376288482
0.8339163104	1.4048104391	252.4266285662
0.1828431832	0.9216853489	251.8412279083
-0.2844434464	1.7951643417	251.9778941256
-0.4034902309	1.5106593304	251.0266398159
-1.2244132683	1.6392481188	250.4702673775
-1.6390156327	1.6495864832	251.3802113306
-2.0988750631	0.7622247105	251.3467690114
-1.9060399256	1.0199231130	252.2935562859
-1.1085868757	1.1053803971	252.8908549430
-1.4659729141	0.7417374962	253.7511101727
-1.3593321052	0.0417614210	253.0449506779
-1.6025395279	0.0107532665	252.0754721356
-2.0332076024	-0.4235241056	251.2843159097
-1.3795373123	-1.0562109381	251.6995538220
-1.3159078180	-0.9193629893	252.6881001924
-0.7854174412	-1.6206630198	253.1642915692
-0.6505383610	-1.8038381590	252.1905079679
0.1377813737	-1.4027737721	252.6570906010
-0.3983840830	-0.7539475864	252.1171358030
-0.6413043584	-0.0696856304	251.4295492155
-1.0425526591	0.6770400794	250.8990772412
-0.9128497332	0.9080723811	251.8633392525
-0.4643088779	0.2689529219	252.4881091446
-0.3303651437	-0.4548379085	253.1650034567
-0.3520245974	0.3986640313	253.6856427817
-0.2591979851	-0.4157979011	254.2583861629
0.6039734418	-0.1707486382	253.8169272787
1.3448411608	0.4794024823	253.9855052828
2.3065096468	0.5551398246	253.7219572264
2.9819770548	0.9022377702	253.0713676500
3.2868505970	0.7177239326	252.1370193386
2.2970520526	0.5804716162	252.1752376988
1.6874288533	0.9511848393	252.8759025696
1.5285103877	-0.0170914115	253.0687393488
2.4906895138	-0.2825195051	253.0074265728
2.6819552911	-0.5205625531	252.0551908301
1.8978856812	-1.0756563389	252.3328700256
1.6525535305	-0.2045916249	251.9073604488
1.2860297352	-0.4225676082	251.0028457844
1.6139567418	-1.3431958926	250.7909320277
2.3737504714	-0.7370197402	250.5558491471
2.0997883419	0.1466665867	250.9353794189
1.6201811392	-0.1050890499	250.0947867527
1.3787083824	0.1974354999	249.1727402221
1.5912762121	-0.7688431418	249.3180691742
0.9853255666	-0.8989982765	250.1028516002
0.2838647956	-0.4972139466	250.6915129111
-0.1841859803	-1.1201196753	250.0646820533
-0.6096837910	-0.6359581202	249.3001304189
-1.4927115859	-0.1999849495	249.1263797131
-1.7854427329	-0.6310928908	249.9798751252
