-1.4765467895	0.6018164400	149.0191963670
-0.6370808036	0.3013699768	149.4719974064
0.1212369048	0.5429809895	148.8665402472
-0.6063663489	0.0705456059	148.3691487379
-1.4629629812	0.3041800076	147.9090865944
-1.7695710477	1.2238622663	147.6637785503
-2.3314243489	1.0605941851	146.8528134453
-2.6632927060	0.5382089346	147.6382923079
-2.3317604184	0.0681318849	148.4562861402
-2.4911026557	-0.5058542559	147.6530738634
-2.4550960613	-1.1584205976	146.8961982495
-2.4098430090	-1.3943421968	145.9254803913
-3.0219576044	-0.6232643966	146.1008507087
-2.3533815862	-0.1124618832	146.6413013541
-1.4647494571	0.3109517791	146.8175222659
-1.3459864056	1.2388383685	146.4640794632
-0.8076725370	1.0386952783	147.2827130334
-0.6165928730	1.1244093737	148.2605379952
0.1754886715	1.4802427034	147.7645647415
0.1392473200	0.5318106543	147.4496628318
0.7399249254	0.4555945950	146.6538126407
0.3369875851	0.8669642551	145.8362452107
-0.0045936204	1.4147271413	146.5999716675
-0.6312398942	1.9747415232	146.0580322433
-0.9183615145	1.1893985949	145.5095820084
-1.4908401084	0.3816845340	145.6505297126
-1.7536349552	-0.5568826838	145.8742045796
-0.8561447517	-0.5112145504	146.3128681821
-0.3708692040	0.3372513252	146.5240867911
-0.6438355008	-0.1878680803	147.3301506911
0.1973922157	-0.5095895268	146.8956035248
-0.1046258643	-1.3351425681	146.4188989462
0.7976240468	-1.1158841763	146.0475892972
0.0586133412	-0.5482196468	145.6847943705
-0.4481157314	0.2630383072	145.3930990172
-0.9413141085	-0.5695147460	145.1408872520
-0.3206927149	-0.4648527756	144.3637933337
-0.1089917171	0.5080714692	144.4565354570
-1.0819933020	0.3037174637	144.5638078027
-2.0294706015	0.0174631071	144.4211711657
-2.6060263349	-0.1156597435	145.2273112236
-3.3205012822	0.1282939470	144.5715581095
-3.6480179784	-0.5756551269	145.2017870481
-3.5325125660	-1.5144445972	145.5263372448
-4.1103802239	-1.7688899640	144.7508847799
-3.9168361286	-0.9624575342	144.1921295390
-3.3104426430	-1.1587961542	143.4215855188
-2.5277553261	-0.5688910879	143.6201115291
-2.8329376802	-0.9150113418	144.5072780865
-1.9212386168	-0.9325272537	144.9177631784
-1.5488089080	-0.9533040180	143.9899353722
-2.2572650975	-1.6554955571	143.9191055065
-1.3393185821	-2.0507364789	143.9531467832
-0.8160117626	-1.4898178261	144.5946452147
-0.0904351105	-1.5958855037	145.2745629815
-0.9848688566	-1.5289958477	145.7167326862
-0.5788546934	-2.2586388272	146.2669813770
0.3232372664	-2.3519396207	146.6883186031
-0.3271223511	-2.6357990485	147.3929150785
-0.6918397665	-1.7094009812	147.2992783984
-0.1824590689	-1.0454175222	147.8466879992
0.4302116110	-0.3029697497	148.1176233111
1.1120176223	-0.5535565783	147.4303483994
0.6275685476	-1.4186021065	147.2999439201
0.8014735173	-2.3319436356	147.6681345131
0.2791783129	-2.9037026592	148.3008266487
-0.0218276536	-1.9520057775	148.3613944086
0.6749202052	-1.2434618499	148.4732332382
0.2706480279	-1.4902787617	149.3539405782
0.0074832337	-0.5460426925	149.1560453116
-0.7107024469	-1.1809990802	148.8713705606
-1.4415482326	-0.5290479057	149.0734203161
-1.2680289146	-0.7543648625	148.1147111239
-1.5665559015	-0.6608036724	147.1649069642
-1.7997526500	-1.5358967141	147.5889723422
-1.4825078853	-1.5542979318	146.6408071907
-1.6356292428	-2.3663948689	146.0777331152
-2.2514412410	-2.2229131171	146.8524514961
-3.0668358061	-2.5163094079	147.3515009123
-2.2893216016	-3.1248003562	147.5102788317
-1.4694821988	-3.6724495149	147.6774426813
-1.5511208170	-3.9184167740	146.7116087187
-2.1691330558	-3.2450691525	146.3058207772
-2.2519349499	-2.9942355356	145.3413383549
-2.8760594480	-2.4600912002	145.9115650115
-3.2325514367	-1.8007869316	146.5735554520
-3.4612704748	-0.9457819290	147.0390165644
-2.9979804698	-1.4043149902	147.7973765073
-2.3692291254	-1.0306573601	148.4793235158
-2.4184698229	-2.0191603943	148.3363651123
-1.4741795608	-1.9044923499	148.6448568310
-1.4276449463	-2.5083569222	147.8491294229
-1.2625602062	-2.8681202321	146.9308062829
-0.9636286985	-3.2024779594	146.0370250659
-0.9137767272	-2.6065251941	145.2355544910
-1.7028441327	-2.0167475020	145.0636972727
-2.6788623182	-1.8138296373	144.9848756908
-3.2440170149	-2.0171479834	144.1853371870
-3.1780264376	-2.8182835653	144.7801707966
-2.3209736698	-2.6712298324	144.2863735174
