1.4748943676	0.3530321022	44.9577770653
1.6554336475	1.3360221041	44.9240691342
1.6036651679	1.0595525111	45.8836964517
0.8304497752	0.4261730083	45.8525779362
0.4464088341	-0.3967372779	46.2713036418
0.2916684202	0.4235426368	46.8219362470
-0.4773082399	-0.1994252295	46.6784582565
-0.4547606804	-0.2576079185	45.6804069641
-1.2020379962	0.3006593437	45.3199707322
-1.7354853552	1.1380937356	45.4388721810
-0.7498864414	1.3071486967	45.4349733015
-0.3812199123	0.6858735781	46.1264226614
0.3401637678	1.3722119447	46.2188630895
0.6397315284	1.2675591892	45.2705451272
-0.0249945275	0.5235822367	45.2024454601
-0.5262538644	-0.0399952368	44.5458485453
-0.4898231070	0.9426516634	44.3639753213
-0.0377058609	0.5077976830	43.5851993513
0.4162132603	-0.3816644520	43.5321470954
0.6151053302	0.0647745155	44.4045771458
0.8007025879	1.0209230440	44.1780078424
0.8167218165	1.9690762344	44.4954175332
-0.0740222241	1.9987609407	44.9489523966
0.5843595786	2.2620070935	45.6541012213
1.3282532235	2.0175256998	46.2760747682
1.0206985880	2.0100135365	47.2275755373
0.8365047824	2.0884331333	48.2073321442
0.8057115028	1.9019401598	49.1893057410
1.1067583471	0.9637363710	49.0185882899
0.2627320693	0.7810010564	49.5227980154
0.5384789127	-0.0899656576	49.1161278033
0.5165700501	0.2413790980	48.1728724536
1.1021950673	0.0895329378	47.3766400235
1.5705435602	0.0690283395	46.4933341588
2.1188756150	0.4662199895	47.2292490661
2.0396747086	1.4584114116	47.3255994600
1.2547271640	1.0274542249	46.8804778414
1.1525845407	1.1011617351	47.8725131671
0.2393073278	1.2241224374	47.4841764599
0.2480734261	1.1873354705	48.4834611414
-0.1485011687	2.0929028365	48.6340477819
-0.1516775151	1.8059936890	49.5920003131
-0.7277022139	1.0493961706	49.9014445593
-0.6432010521	0.7522662773	48.9503539326
-1.0684041205	1.6563588179	48.9930040043
-1.8956015260	1.2361078975	49.3660101923
-1.5831691646	0.2982852026	49.2147666384
-0.7147104343	-0.0167927744	49.5975267489
-0.4721628894	-0.2356690087	48.6524003645
-1.3351826770	-0.2516487402	48.1474830501
-0.5361362638	-0.6571971116	47.7035738836
-1.3902482729	-0.6766109052	47.1838472435
-1.2050730391	-0.7717157473	46.2057546089
-1.4784266589	0.1703732783	46.4000380776
-1.3651910871	1.1611574620	46.4743644300
-1.3197225070	2.0262703474	46.9738764956
-0.5010103135	1.4649394165	46.8529718630
-0.5190606774	2.0722781613	46.0587339682
-1.1464609495	2.8297662650	46.2392351357
-1.7654475124	2.1060267076	45.9341831927
-2.2557476915	2.4798381209	46.7215019094
-2.3765087523	1.4912651935	46.6312781129
-2.0300644252	1.5343731604	47.5683576354
-1.6125843822	1.0409410794	48.3314010123
-2.4591691987	0.6227814602	48.0021037585
-2.2721686717	0.5448017591	47.0228438497
-1.3401576226	0.5855984026	47.3829702694
-0.3880600264	0.4108411116	47.6339086214
-0.7399242085	1.2929518026	47.9470736357
-1.1357329513	2.2085656294	48.0176906266
-0.2494054505	2.1938380034	47.5548659747
0.1994438002	2.4448734799	46.6972439486
-0.4216273741	3.1096444337	47.1123947350
0.4441411902	3.0479854949	47.6090263573
0.4079308196	3.0176384024	48.6079096653
-0.5142746931	3.0432665207	48.2220597049
-0.8269053608	2.6860332673	49.1021997325
-0.0218706667	2.9190843714	49.6477327968
-0.7373042170	2.5442397927	50.2373482451
-1.5678478692	3.0630884805	50.4398162200
-0.8593389983	3.5455993473	49.9248420039
-0.8078851357	3.7661823343	48.9508319188
-1.6122365913	3.3148399811	49.3372369085
-1.5301465917	3.2505467562	48.3426879588
-1.0515356427	3.8467810029	47.6981444905
-1.4586515514	3.0160986947	47.3183767460
-2.1896465419	2.5682009466	47.8331912088
-2.7303077024	2.9214515545	48.5966697727
-2.4228814540	3.7501739409	48.1290071721
-2.7358109600	3.3150460160	47.2847685724
-3.2212048486	2.5499507455	47.7078784871
-3.2644409748	2.0513216581	46.8421419968
-3.0907944115	1.4986797595	47.6572700868
-2.6279914496	1.7684237591	48.5016939099
-1.8806803127	2.3229923363	48.8677263647
-1.6501927847	2.2019229752	49.8332405848
-2.4740279331	2.7503956447	49.6901553687
-2.6602132383	3.6912408300	49.4070557935
-1.9364873222	4.3172380414	49.1166280233
-1.8940851247	4.1023009052	50.0923349881
