-1.6795802881	0.3058071793	-95.3285602414
-1.7823884972	1.0915104984	-95.9385608696
-2.3074387444	0.4998066807	-96.5502869766
-2.0653197172	0.0716420856	-97.4209496301
-1.5951734408	-0.6892690237	-97.8681372446
-1.3155649614	-0.5710399916	-96.9153303417
-1.0582672153	-0.6650855628	-95.9535854169
-1.2067714541	0.2601865497	-96.3026097840
-1.4291360174	0.8337053016	-97.0910450967
-2.1532713882	1.5114091370	-96.9631956687
-2.2850222906	2.4062426863	-97.3897101688
-1.5017378722	2.4174521092	-96.7681477272
-1.8805814188	2.2383621111	-95.8601805804
-0.8812317061	2.2036825818	-95.8503072877
-0.2753443203	2.8166286583	-96.3574537982
-0.5544107211	2.0085800803	-96.8762788551
0.0827507383	1.2474457851	-96.9975218313
0.5686562679	2.1096958882	-96.8546212508
1.1718913259	2.0430680763	-96.0598456854
1.0263020554	1.0861747567	-96.3111601085
0.2089830122	0.5334654583	-96.1483657194
-0.5034011925	0.2446324537	-95.5087687836
0.0968569405	0.5783826411	-94.7819256187
-0.8842331483	0.6144183317	-94.5917581484
-0.5938938243	1.2683302864	-95.2904012850
-0.8023203204	1.1994512855	-96.2660108785
0.0689252469	1.6056680829	-95.9904767156
0.5268745068	1.5945331341	-95.1015681217
0.2094939483	2.4973245228	-95.3918047313
0.8073753729	2.9693408183	-96.0396769554
1.2965768589	2.9603473338	-96.9118013865
0.6208466321	3.6898076097	-96.8056111500
0.0344691129	3.7634215038	-95.9989250899
-0.5715242432	3.2328026898	-95.4062905258
-1.3084364292	3.1532565869	-96.0775824502
-1.6365955652	3.6283315026	-96.8940476398
-0.6587791835	3.8374105116	-96.8813554554
-1.0276293786	4.3655893762	-97.6461930987
-0.2246521636	3.8124398418	-97.8681236842
-0.7837874204	3.3489627595	-98.5555513232
0.1812640962	3.1043815044	-98.6496554149
0.8422672601	2.8421231974	-97.9465939682
0.0711624694	2.9155537538	-97.3141342026
-0.9149736797	3.0195624701	-97.4434310802
-0.4990213859	2.4048291091	-98.1135703077
0.3040626550	1.8780483251	-97.8350778861
0.5855057139	1.1402078959	-98.4485771164
-0.0661087722	0.5169992790	-98.8810231607
0.3394550297	1.2249721659	-99.4592034042
0.4224823277	2.0680100520	-98.9277962247
-0.4727898022	2.4163698344	-99.2055250054
-0.4790870451	1.5108866296	-98.7811896302
-0.6401282099	1.2863028132	-97.8201340373
-1.3874842945	1.9407783769	-97.7055887649
-1.8135288612	1.1205668194	-98.0873465781
-1.1987671798	0.6857893147	-98.7454017403
-0.9743400093	0.2373208648	-97.8802378861
-0.4803528732	0.2917927749	-97.0124766745
0.0630500476	0.5345985408	-97.8160677556
0.4947654518	-0.0545542736	-97.1330444975
1.1401658272	0.0248995626	-96.3733436068
1.8637878575	0.5055158821	-96.8687011652
1.0499721055	0.8751031188	-97.3171531652
1.4001482836	-0.0059665665	-97.6351041898
1.2575535534	0.1964258129	-98.6039716047
0.4614260820	-0.3690250786	-98.3884574785
-0.2432171488	-0.5486787418	-97.7020155811
-0.7170590435	-0.6420449574	-98.5776619758
-0.8056468705	-1.5556785567	-98.1808927189
-0.7953616759	-1.4244917236	-97.1895884116
-0.0672030725	-1.7778406446	-96.6022813468
0.2312556750	-1.5197476905	-97.5211449945
1.0902223584	-1.0106534999	-97.4663787468
1.7291783425	-0.6583628502	-96.7825464950
1.8452671769	-0.9391053396	-95.8298098907
1.4811058384	-0.5933896766	-94.9650167363
0.5923273646	-0.3590527548	-94.5711144240
-0.2708905205	-0.6291262879	-94.9976295698
-0.2831693694	-1.4432436560	-95.5782001002
0.6987760663	-1.3309131289	-95.4259995282
0.7797710601	-1.0859531761	-96.3921436337
-0.0881500214	-0.5912299039	-96.4364367502
0.4692185635	-0.3506611756	-95.6417878041
1.0449146634	0.3739815687	-95.2630175653
1.9158296419	0.3192865471	-95.7513981082
2.5746823658	-0.1062081038	-96.3717749214
2.7126422579	-1.0594557743	-96.6406353813
1.9992353828	-1.6189891061	-97.0625039405
2.1329061924	-1.0488441812	-97.8731005598
2.4901573141	-0.2418876182	-97.4027892357
2.4171162738	0.0645312906	-98.3518795679
2.8747912801	0.8761314759	-97.9887835368
1.8776670021	0.9366912565	-98.0343432472
2.2975560976	1.8441922844	-98.0227229322
1.3034190534	1.9148912412	-97.9409109839
1.6110302577	1.8101807391	-96.9951779044
2.0814197579	1.3844731596	-96.2221922804
2.5742186466	1.2619946321	-97.0836725562
2.6733572113	2.2284500582	-96.8467433379
2.0693340930	2.6159709622	-96.1503356833
