-0.4094214637	-2.6575195896	-25.5736769006
-0.8017477677	-1.7809474828	-25.2949271693
-0.8807632940	-1.8917384776	-24.3042294848
-0.9714239103	-1.0426943309	-23.7837444326
-1.1660166479	-0.8618064238	-24.7478052354
-2.0562455130	-0.4347653133	-24.5892856536
-1.9206679379	-0.8137998541	-25.5046825828
-1.1131217998	-0.8710447072	-26.0917023964
-1.7607659131	-1.2595870383	-26.7471350469
-1.3513625053	-2.1682392279	-26.6650372514
-0.3635757305	-2.0773705053	-26.5384664697
0.1205464099	-2.9436600721	-26.4153074683
0.6922938317	-2.8085174766	-25.6060847767
0.6422024757	-1.9680703880	-26.1456582633
1.2655129666	-2.6803413317	-26.4683874606
1.7718703598	-1.8498549110	-26.2362355809
1.4477149779	-1.6034132576	-27.1495754956
1.4856583537	-0.6326877761	-27.3867512532
2.2033837747	-0.9743344324	-26.7799994239
2.7575021757	-1.2043430513	-25.9799689039
2.1839867665	-1.5292381055	-25.2279560854
1.2979974328	-1.9929181077	-25.2230820621
0.8369399344	-1.1163133572	-25.3608866135
1.1007222726	-1.0510239488	-26.3232566936
1.4334589623	-0.1130583537	-26.4207597070
1.8696528755	-0.5840316304	-25.6540009166
1.5462703483	-0.7922531556	-24.7309258722
1.5544668301	0.0683212425	-24.2216670747
1.2232256032	0.1333707167	-25.1629682037
0.2815363788	0.4654182307	-25.2174278502
0.7794573655	0.6858356623	-26.0561714623
0.5127531850	-0.2665455711	-25.9083916720
0.0171851241	-1.1240263341	-26.0467355843
-0.2235038578	-0.6386835326	-25.2061933908
0.5104605803	-0.3442493039	-24.5941438108
-0.4502115313	-0.1683119107	-24.3793063664
-1.3448473796	0.2273764111	-24.1718034726
-1.3612254990	0.1569937418	-25.1691890736
-2.2627106922	0.3789497156	-25.5407533238
-2.1241939957	-0.1030797929	-26.4058895429
-2.1340575760	0.8113626798	-26.8104852348
-1.9126701503	1.4687201852	-26.0901598098
-1.7965573179	2.1865433009	-25.4036849125
-1.9807023796	3.0268211530	-25.9136101302
-1.4763072793	2.4059082832	-26.5136541210
-0.9295663031	1.5907401722	-26.7049007050
-0.1871960646	0.9447076686	-26.5273382283
0.1652684056	1.8799306288	-26.4937702084
0.6487928382	2.5674553165	-25.9520009522
1.3354990378	1.8596499804	-26.1176699043
1.7781512556	0.9815569105	-26.2993607810
2.1724946476	0.3945147366	-25.5923425526
2.6075290142	-0.1357068701	-26.3200857405
2.2417310305	0.2076022148	-27.1851468409
1.5811718556	0.3374228264	-27.9246116373
1.1053158283	0.8474870176	-27.2080953694
0.4526980590	1.1018277770	-27.9218185828
-0.2663587104	0.5280816871	-27.5296798487
-0.4267725128	0.3630585576	-28.5028369679
0.4601207066	0.4343514518	-28.9592772606
0.2960940433	-0.5338406025	-28.7703344130
1.2465095192	-0.6150785580	-28.4701497736
0.9508917173	-1.5102355867	-28.1365272186
-0.0239187600	-1.5194069260	-27.9136810385
0.3332137073	-1.1902014349	-27.0395642582
0.5067527897	-2.1530440719	-27.2464899530
-0.1671450686	-2.5706905587	-27.8559430592
-0.9887085495	-2.0134036919	-27.7356733826
-0.7600711837	-1.2701816179	-27.1069080022
-0.3121024946	-0.4496121350	-26.7519576150
0.5137715366	0.0860548408	-26.9280058348
0.6113160496	0.0354497750	-27.9219495934
-0.2577857218	-0.4463371022	-27.8099517549
-1.1937166558	-0.7300638894	-28.0185959426
-1.3583960768	-0.3124218933	-27.1250323738
-1.0905965759	0.5213143775	-26.6421584173
-0.5320406802	0.2069309875	-25.8745788478
-0.9443599410	1.1139588235	-25.7891778416
-0.6626294702	2.0733227784	-25.7734062316
0.0968380333	1.5098380673	-25.4482999544
0.8745460919	1.9424969959	-24.9922556287
1.5918773833	1.2781614989	-25.2022417375
1.0278854113	0.9476507450	-24.4454883450
1.2476312380	1.8055838354	-23.9810934872
1.0563431820	1.0631222785	-23.3390968235
1.0329358249	0.0674249903	-23.2494363191
1.1001249447	-0.8065636199	-23.7307153767
1.0944878883	-1.6459195355	-24.2742683829
0.3253040859	-1.9801348273	-24.8189301282
0.0736142386	-1.1689438118	-24.2910841686
0.0304542448	-0.5982749744	-23.4710388693
-0.6803301691	0.0783038498	-23.2786158669
0.0725644679	0.5708374517	-22.8420837186
0.2256165026	0.4770846735	-23.8258446099
-0.5195470579	1.1405142635	-23.7580770119
0.1534522294	1.4605846738	-24.4248805001
-0.1315817884	2.3308475091	-24.8266244560
-1.0079759875	1.9314095415	-24.5575844632
-1.6463526872	1.1694954433	-24.6669558325
-0.6963791942	0.8759965621	-24.7737676736
